customer p1x p1y p2x p2y p3x p3y p4x p4y
1 0.0 36.0 1.0 36.0 0.0 35.0 1.0 35.0
2 1.0 36.0 2.0 36.0 1.0 35.0 2.0 35.0
3 2.0 36.0 3.0 36.0 2.0 35.0 3.0 35.0
4 3.0 36.0 4.0 36.0 3.0 35.0 4.0 35.0
5 4.0 36.0 5.0 36.0 4.0 35.0 5.0 35.0
6 5.0 36.0 6.0 36.0 5.0 35.0 6.0 35.0
7 6.0 36.0 7.0 36.0 6.0 35.0 7.0 35.0
8 7.0 36.0 8.0 36.0 7.0 35.0 8.0 35.0
9 8.0 36.0 9.0 36.0 8.0 35.0 9.0 35.0
10 9.0 36.0 10.0 36.0 9.0 35.0 10.0 35.0
11 10.0 36.0 11.0 36.0 10.0 35.0 11.0 35.0
12 11.0 36.0 12.0 36.0 11.0 35.0 12.0 35.0
13 12.0 36.0 13.0 36.0 12.0 35.0 13.0 35.0
14 13.0 36.0 14.0 36.0 13.0 35.0 14.0 35.0
15 14.0 36.0 15.0 36.0 14.0 35.0 15.0 35.0
16 15.0 36.0 16.0 36.0 15.0 35.0 16.0 35.0
17 16.0 36.0 17.0 36.0 16.0 35.0 17.0 35.0
18 17.0 36.0 18.0 36.0 17.0 35.0 18.0 35.0
19 18.0 36.0 19.0 36.0 18.0 35.0 19.0 35.0
20 19.0 36.0 20.0 36.0 19.0 35.0 20.0 35.0
21 20.0 36.0 21.0 36.0 20.0 35.0 21.0 35.0
22 21.0 36.0 22.0 36.0 21.0 35.0 22.0 35.0
23 22.0 36.0 23.0 36.0 22.0 35.0 23.0 35.0
24 23.0 36.0 24.0 36.0 23.0 35.0 24.0 35.0
25 24.0 36.0 25.0 36.0 24.0 35.0 25.0 35.0
26 25.0 36.0 26.0 36.0 25.0 35.0 26.0 35.0
27 26.0 36.0 27.0 36.0 26.0 35.0 27.0 35.0
28 27.0 36.0 28.0 36.0 27.0 35.0 28.0 35.0
29 28.0 36.0 29.0 36.0 28.0 35.0 29.0 35.0
30 29.0 36.0 30.0 36.0 29.0 35.0 30.0 35.0
31 30.0 36.0 31.0 36.0 30.0 35.0 31.0 35.0
32 31.0 36.0 32.0 36.0 31.0 35.0 32.0 35.0
33 32.0 36.0 33.0 36.0 32.0 35.0 33.0 35.0
34 33.0 36.0 34.0 36.0 33.0 35.0 34.0 35.0
35 34.0 36.0 35.0 36.0 34.0 35.0 35.0 35.0
36 35.0 36.0 36.0 36.0 35.0 35.0 36.0 35.0
37 0.0 35.0 1.0 35.0 0.0 34.0 1.0 34.0
38 1.0 35.0 2.0 35.0 1.0 34.0 2.0 34.0
39 2.0 35.0 3.0 35.0 2.0 34.0 3.0 34.0
40 3.0 35.0 4.0 35.0 3.0 34.0 4.0 34.0
41 4.0 35.0 5.0 35.0 4.0 34.0 5.0 34.0
42 5.0 35.0 6.0 35.0 5.0 34.0 6.0 34.0
43 6.0 35.0 7.0 35.0 6.0 34.0 7.0 34.0
44 7.0 35.0 8.0 35.0 7.0 34.0 8.0 34.0
45 8.0 35.0 9.0 35.0 8.0 34.0 9.0 34.0
46 9.0 35.0 10.0 35.0 9.0 34.0 10.0 34.0
47 10.0 35.0 11.0 35.0 10.0 34.0 11.0 34.0
48 11.0 35.0 12.0 35.0 11.0 34.0 12.0 34.0
49 12.0 35.0 13.0 35.0 12.0 34.0 13.0 34.0
50 13.0 35.0 14.0 35.0 13.0 34.0 14.0 34.0
51 14.0 35.0 15.0 35.0 14.0 34.0 15.0 34.0
52 15.0 35.0 16.0 35.0 15.0 34.0 16.0 34.0
53 16.0 35.0 17.0 35.0 16.0 34.0 17.0 34.0
54 17.0 35.0 18.0 35.0 17.0 34.0 18.0 34.0
55 18.0 35.0 19.0 35.0 18.0 34.0 19.0 34.0
56 19.0 35.0 20.0 35.0 19.0 34.0 20.0 34.0
57 20.0 35.0 21.0 35.0 20.0 34.0 21.0 34.0
58 21.0 35.0 22.0 35.0 21.0 34.0 22.0 34.0
59 22.0 35.0 23.0 35.0 22.0 34.0 23.0 34.0
60 23.0 35.0 24.0 35.0 23.0 34.0 24.0 34.0
61 24.0 35.0 25.0 35.0 24.0 34.0 25.0 34.0
62 25.0 35.0 26.0 35.0 25.0 34.0 26.0 34.0
63 26.0 35.0 27.0 35.0 26.0 34.0 27.0 34.0
64 27.0 35.0 28.0 35.0 27.0 34.0 28.0 34.0
65 28.0 35.0 29.0 35.0 28.0 34.0 29.0 34.0
66 29.0 35.0 30.0 35.0 29.0 34.0 30.0 34.0
67 30.0 35.0 31.0 35.0 30.0 34.0 31.0 34.0
68 31.0 35.0 32.0 35.0 31.0 34.0 32.0 34.0
69 32.0 35.0 33.0 35.0 32.0 34.0 33.0 34.0
70 33.0 35.0 34.0 35.0 33.0 34.0 34.0 34.0
71 34.0 35.0 35.0 35.0 34.0 34.0 35.0 34.0
72 35.0 35.0 36.0 35.0 35.0 34.0 36.0 34.0
73 0.0 34.0 1.0 34.0 0.0 33.0 1.0 33.0
74 1.0 34.0 2.0 34.0 1.0 33.0 2.0 33.0
75 2.0 34.0 3.0 34.0 2.0 33.0 3.0 33.0
76 3.0 34.0 4.0 34.0 3.0 33.0 4.0 33.0
77 4.0 34.0 5.0 34.0 4.0 33.0 5.0 33.0
78 5.0 34.0 6.0 34.0 5.0 33.0 6.0 33.0
79 6.0 34.0 7.0 34.0 6.0 33.0 7.0 33.0
80 7.0 34.0 8.0 34.0 7.0 33.0 8.0 33.0
81 8.0 34.0 9.0 34.0 8.0 33.0 9.0 33.0
82 9.0 34.0 10.0 34.0 9.0 33.0 10.0 33.0
83 10.0 34.0 11.0 34.0 10.0 33.0 11.0 33.0
84 11.0 34.0 12.0 34.0 11.0 33.0 12.0 33.0
85 12.0 34.0 13.0 34.0 12.0 33.0 13.0 33.0
86 13.0 34.0 14.0 34.0 13.0 33.0 14.0 33.0
87 14.0 34.0 15.0 34.0 14.0 33.0 15.0 33.0
88 15.0 34.0 16.0 34.0 15.0 33.0 16.0 33.0
89 16.0 34.0 17.0 34.0 16.0 33.0 17.0 33.0
90 17.0 34.0 18.0 34.0 17.0 33.0 18.0 33.0
91 18.0 34.0 19.0 34.0 18.0 33.0 19.0 33.0
92 19.0 34.0 20.0 34.0 19.0 33.0 20.0 33.0
93 20.0 34.0 21.0 34.0 20.0 33.0 21.0 33.0
94 21.0 34.0 22.0 34.0 21.0 33.0 22.0 33.0
95 22.0 34.0 23.0 34.0 22.0 33.0 23.0 33.0
96 23.0 34.0 24.0 34.0 23.0 33.0 24.0 33.0
97 24.0 34.0 25.0 34.0 24.0 33.0 25.0 33.0
98 25.0 34.0 26.0 34.0 25.0 33.0 26.0 33.0
99 26.0 34.0 27.0 34.0 26.0 33.0 27.0 33.0
100 27.0 34.0 28.0 34.0 27.0 33.0 28.0 33.0
101 28.0 34.0 29.0 34.0 28.0 33.0 29.0 33.0
102 29.0 34.0 30.0 34.0 29.0 33.0 30.0 33.0
103 30.0 34.0 31.0 34.0 30.0 33.0 31.0 33.0
104 31.0 34.0 32.0 34.0 31.0 33.0 32.0 33.0
105 32.0 34.0 33.0 34.0 32.0 33.0 33.0 33.0
106 33.0 34.0 34.0 34.0 33.0 33.0 34.0 33.0
107 34.0 34.0 35.0 34.0 34.0 33.0 35.0 33.0
108 35.0 34.0 36.0 34.0 35.0 33.0 36.0 33.0
109 0.0 33.0 1.0 33.0 0.0 32.0 1.0 32.0
110 1.0 33.0 2.0 33.0 1.0 32.0 2.0 32.0
111 2.0 33.0 3.0 33.0 2.0 32.0 3.0 32.0
112 3.0 33.0 4.0 33.0 3.0 32.0 4.0 32.0
113 4.0 33.0 5.0 33.0 4.0 32.0 5.0 32.0
114 5.0 33.0 6.0 33.0 5.0 32.0 6.0 32.0
115 6.0 33.0 7.0 33.0 6.0 32.0 7.0 32.0
116 7.0 33.0 8.0 33.0 7.0 32.0 8.0 32.0
117 8.0 33.0 9.0 33.0 8.0 32.0 9.0 32.0
118 9.0 33.0 10.0 33.0 9.0 32.0 10.0 32.0
119 10.0 33.0 11.0 33.0 10.0 32.0 11.0 32.0
120 11.0 33.0 12.0 33.0 11.0 32.0 12.0 32.0
121 12.0 33.0 13.0 33.0 12.0 32.0 13.0 32.0
122 13.0 33.0 14.0 33.0 13.0 32.0 14.0 32.0
123 14.0 33.0 15.0 33.0 14.0 32.0 15.0 32.0
124 15.0 33.0 16.0 33.0 15.0 32.0 16.0 32.0
125 16.0 33.0 17.0 33.0 16.0 32.0 17.0 32.0
126 17.0 33.0 18.0 33.0 17.0 32.0 18.0 32.0
127 18.0 33.0 19.0 33.0 18.0 32.0 19.0 32.0
128 19.0 33.0 20.0 33.0 19.0 32.0 20.0 32.0
129 20.0 33.0 21.0 33.0 20.0 32.0 21.0 32.0
130 21.0 33.0 22.0 33.0 21.0 32.0 22.0 32.0
131 22.0 33.0 23.0 33.0 22.0 32.0 23.0 32.0
132 23.0 33.0 24.0 33.0 23.0 32.0 24.0 32.0
133 24.0 33.0 25.0 33.0 24.0 32.0 25.0 32.0
134 25.0 33.0 26.0 33.0 25.0 32.0 26.0 32.0
135 26.0 33.0 27.0 33.0 26.0 32.0 27.0 32.0
136 27.0 33.0 28.0 33.0 27.0 32.0 28.0 32.0
137 28.0 33.0 29.0 33.0 28.0 32.0 29.0 32.0
138 29.0 33.0 30.0 33.0 29.0 32.0 30.0 32.0
139 30.0 33.0 31.0 33.0 30.0 32.0 31.0 32.0
140 31.0 33.0 32.0 33.0 31.0 32.0 32.0 32.0
141 32.0 33.0 33.0 33.0 32.0 32.0 33.0 32.0
142 33.0 33.0 34.0 33.0 33.0 32.0 34.0 32.0
143 34.0 33.0 35.0 33.0 34.0 32.0 35.0 32.0
144 35.0 33.0 36.0 33.0 35.0 32.0 36.0 32.0
145 0.0 32.0 1.0 32.0 0.0 31.0 1.0 31.0
146 1.0 32.0 2.0 32.0 1.0 31.0 2.0 31.0
147 2.0 32.0 3.0 32.0 2.0 31.0 3.0 31.0
148 3.0 32.0 4.0 32.0 3.0 31.0 4.0 31.0
149 4.0 32.0 5.0 32.0 4.0 31.0 5.0 31.0
150 5.0 32.0 6.0 32.0 5.0 31.0 6.0 31.0
151 6.0 32.0 7.0 32.0 6.0 31.0 7.0 31.0
152 7.0 32.0 8.0 32.0 7.0 31.0 8.0 31.0
153 8.0 32.0 9.0 32.0 8.0 31.0 9.0 31.0
154 9.0 32.0 10.0 32.0 9.0 31.0 10.0 31.0
155 10.0 32.0 11.0 32.0 10.0 31.0 11.0 31.0
156 11.0 32.0 12.0 32.0 11.0 31.0 12.0 31.0
157 12.0 32.0 13.0 32.0 12.0 31.0 13.0 31.0
158 13.0 32.0 14.0 32.0 13.0 31.0 14.0 31.0
159 14.0 32.0 15.0 32.0 14.0 31.0 15.0 31.0
160 15.0 32.0 16.0 32.0 15.0 31.0 16.0 31.0
161 16.0 32.0 17.0 32.0 16.0 31.0 17.0 31.0
162 17.0 32.0 18.0 32.0 17.0 31.0 18.0 31.0
163 18.0 32.0 19.0 32.0 18.0 31.0 19.0 31.0
164 19.0 32.0 20.0 32.0 19.0 31.0 20.0 31.0
165 20.0 32.0 21.0 32.0 20.0 31.0 21.0 31.0
166 21.0 32.0 22.0 32.0 21.0 31.0 22.0 31.0
167 22.0 32.0 23.0 32.0 22.0 31.0 23.0 31.0
168 23.0 32.0 24.0 32.0 23.0 31.0 24.0 31.0
169 24.0 32.0 25.0 32.0 24.0 31.0 25.0 31.0
170 25.0 32.0 26.0 32.0 25.0 31.0 26.0 31.0
171 26.0 32.0 27.0 32.0 26.0 31.0 27.0 31.0
172 27.0 32.0 28.0 32.0 27.0 31.0 28.0 31.0
173 28.0 32.0 29.0 32.0 28.0 31.0 29.0 31.0
174 29.0 32.0 30.0 32.0 29.0 31.0 30.0 31.0
175 30.0 32.0 31.0 32.0 30.0 31.0 31.0 31.0
176 31.0 32.0 32.0 32.0 31.0 31.0 32.0 31.0
177 32.0 32.0 33.0 32.0 32.0 31.0 33.0 31.0
178 33.0 32.0 34.0 32.0 33.0 31.0 34.0 31.0
179 34.0 32.0 35.0 32.0 34.0 31.0 35.0 31.0
180 35.0 32.0 36.0 32.0 35.0 31.0 36.0 31.0
181 0.0 31.0 1.0 31.0 0.0 30.0 1.0 30.0
182 1.0 31.0 2.0 31.0 1.0 30.0 2.0 30.0
183 2.0 31.0 3.0 31.0 2.0 30.0 3.0 30.0
184 3.0 31.0 4.0 31.0 3.0 30.0 4.0 30.0
185 4.0 31.0 5.0 31.0 4.0 30.0 5.0 30.0
186 5.0 31.0 6.0 31.0 5.0 30.0 6.0 30.0
187 6.0 31.0 7.0 31.0 6.0 30.0 7.0 30.0
188 7.0 31.0 8.0 31.0 7.0 30.0 8.0 30.0
189 8.0 31.0 9.0 31.0 8.0 30.0 9.0 30.0
190 9.0 31.0 10.0 31.0 9.0 30.0 10.0 30.0
191 10.0 31.0 11.0 31.0 10.0 30.0 11.0 30.0
192 11.0 31.0 12.0 31.0 11.0 30.0 12.0 30.0
193 12.0 31.0 13.0 31.0 12.0 30.0 13.0 30.0
194 13.0 31.0 14.0 31.0 13.0 30.0 14.0 30.0
195 14.0 31.0 15.0 31.0 14.0 30.0 15.0 30.0
196 15.0 31.0 16.0 31.0 15.0 30.0 16.0 30.0
197 16.0 31.0 17.0 31.0 16.0 30.0 17.0 30.0
198 17.0 31.0 18.0 31.0 17.0 30.0 18.0 30.0
199 18.0 31.0 19.0 31.0 18.0 30.0 19.0 30.0
200 19.0 31.0 20.0 31.0 19.0 30.0 20.0 30.0
201 20.0 31.0 21.0 31.0 20.0 30.0 21.0 30.0
202 21.0 31.0 22.0 31.0 21.0 30.0 22.0 30.0
203 22.0 31.0 23.0 31.0 22.0 30.0 23.0 30.0
204 23.0 31.0 24.0 31.0 23.0 30.0 24.0 30.0
205 24.0 31.0 25.0 31.0 24.0 30.0 25.0 30.0
206 25.0 31.0 26.0 31.0 25.0 30.0 26.0 30.0
207 26.0 31.0 27.0 31.0 26.0 30.0 27.0 30.0
208 27.0 31.0 28.0 31.0 27.0 30.0 28.0 30.0
209 28.0 31.0 29.0 31.0 28.0 30.0 29.0 30.0
210 29.0 31.0 30.0 31.0 29.0 30.0 30.0 30.0
211 30.0 31.0 31.0 31.0 30.0 30.0 31.0 30.0
212 31.0 31.0 32.0 31.0 31.0 30.0 32.0 30.0
213 32.0 31.0 33.0 31.0 32.0 30.0 33.0 30.0
214 33.0 31.0 34.0 31.0 33.0 30.0 34.0 30.0
215 34.0 31.0 35.0 31.0 34.0 30.0 35.0 30.0
216 35.0 31.0 36.0 31.0 35.0 30.0 36.0 30.0
217 0.0 30.0 1.0 30.0 0.0 29.0 1.0 29.0
218 1.0 30.0 2.0 30.0 1.0 29.0 2.0 29.0
219 2.0 30.0 3.0 30.0 2.0 29.0 3.0 29.0
220 3.0 30.0 4.0 30.0 3.0 29.0 4.0 29.0
221 4.0 30.0 5.0 30.0 4.0 29.0 5.0 29.0
222 5.0 30.0 6.0 30.0 5.0 29.0 6.0 29.0
223 6.0 30.0 7.0 30.0 6.0 29.0 7.0 29.0
224 7.0 30.0 8.0 30.0 7.0 29.0 8.0 29.0
225 8.0 30.0 9.0 30.0 8.0 29.0 9.0 29.0
226 9.0 30.0 10.0 30.0 9.0 29.0 10.0 29.0
227 10.0 30.0 11.0 30.0 10.0 29.0 11.0 29.0
228 11.0 30.0 12.0 30.0 11.0 29.0 12.0 29.0
229 12.0 30.0 13.0 30.0 12.0 29.0 13.0 29.0
230 13.0 30.0 14.0 30.0 13.0 29.0 14.0 29.0
231 14.0 30.0 15.0 30.0 14.0 29.0 15.0 29.0
232 15.0 30.0 16.0 30.0 15.0 29.0 16.0 29.0
233 16.0 30.0 17.0 30.0 16.0 29.0 17.0 29.0
234 17.0 30.0 18.0 30.0 17.0 29.0 18.0 29.0
235 18.0 30.0 19.0 30.0 18.0 29.0 19.0 29.0
236 19.0 30.0 20.0 30.0 19.0 29.0 20.0 29.0
237 20.0 30.0 21.0 30.0 20.0 29.0 21.0 29.0
238 21.0 30.0 22.0 30.0 21.0 29.0 22.0 29.0
239 22.0 30.0 23.0 30.0 22.0 29.0 23.0 29.0
240 23.0 30.0 24.0 30.0 23.0 29.0 24.0 29.0
241 24.0 30.0 25.0 30.0 24.0 29.0 25.0 29.0
242 25.0 30.0 26.0 30.0 25.0 29.0 26.0 29.0
243 26.0 30.0 27.0 30.0 26.0 29.0 27.0 29.0
244 27.0 30.0 28.0 30.0 27.0 29.0 28.0 29.0
245 28.0 30.0 29.0 30.0 28.0 29.0 29.0 29.0
246 29.0 30.0 30.0 30.0 29.0 29.0 30.0 29.0
247 30.0 30.0 31.0 30.0 30.0 29.0 31.0 29.0
248 31.0 30.0 32.0 30.0 31.0 29.0 32.0 29.0
249 32.0 30.0 33.0 30.0 32.0 29.0 33.0 29.0
250 33.0 30.0 34.0 30.0 33.0 29.0 34.0 29.0
251 34.0 30.0 35.0 30.0 34.0 29.0 35.0 29.0
252 35.0 30.0 36.0 30.0 35.0 29.0 36.0 29.0
253 0.0 29.0 1.0 29.0 0.0 28.0 1.0 28.0
254 1.0 29.0 2.0 29.0 1.0 28.0 2.0 28.0
255 2.0 29.0 3.0 29.0 2.0 28.0 3.0 28.0
256 3.0 29.0 4.0 29.0 3.0 28.0 4.0 28.0
257 4.0 29.0 5.0 29.0 4.0 28.0 5.0 28.0
258 5.0 29.0 6.0 29.0 5.0 28.0 6.0 28.0
259 6.0 29.0 7.0 29.0 6.0 28.0 7.0 28.0
260 7.0 29.0 8.0 29.0 7.0 28.0 8.0 28.0
261 8.0 29.0 9.0 29.0 8.0 28.0 9.0 28.0
262 9.0 29.0 10.0 29.0 9.0 28.0 10.0 28.0
263 10.0 29.0 11.0 29.0 10.0 28.0 11.0 28.0
264 11.0 29.0 12.0 29.0 11.0 28.0 12.0 28.0
265 12.0 29.0 13.0 29.0 12.0 28.0 13.0 28.0
266 13.0 29.0 14.0 29.0 13.0 28.0 14.0 28.0
267 14.0 29.0 15.0 29.0 14.0 28.0 15.0 28.0
268 15.0 29.0 16.0 29.0 15.0 28.0 16.0 28.0
269 16.0 29.0 17.0 29.0 16.0 28.0 17.0 28.0
270 17.0 29.0 18.0 29.0 17.0 28.0 18.0 28.0
271 18.0 29.0 19.0 29.0 18.0 28.0 19.0 28.0
272 19.0 29.0 20.0 29.0 19.0 28.0 20.0 28.0
273 20.0 29.0 21.0 29.0 20.0 28.0 21.0 28.0
274 21.0 29.0 22.0 29.0 21.0 28.0 22.0 28.0
275 22.0 29.0 23.0 29.0 22.0 28.0 23.0 28.0
276 23.0 29.0 24.0 29.0 23.0 28.0 24.0 28.0
277 24.0 29.0 25.0 29.0 24.0 28.0 25.0 28.0
278 25.0 29.0 26.0 29.0 25.0 28.0 26.0 28.0
279 26.0 29.0 27.0 29.0 26.0 28.0 27.0 28.0
280 27.0 29.0 28.0 29.0 27.0 28.0 28.0 28.0
281 28.0 29.0 29.0 29.0 28.0 28.0 29.0 28.0
282 29.0 29.0 30.0 29.0 29.0 28.0 30.0 28.0
283 30.0 29.0 31.0 29.0 30.0 28.0 31.0 28.0
284 31.0 29.0 32.0 29.0 31.0 28.0 32.0 28.0
285 32.0 29.0 33.0 29.0 32.0 28.0 33.0 28.0
286 33.0 29.0 34.0 29.0 33.0 28.0 34.0 28.0
287 34.0 29.0 35.0 29.0 34.0 28.0 35.0 28.0
288 35.0 29.0 36.0 29.0 35.0 28.0 36.0 28.0
289 0.0 28.0 1.0 28.0 0.0 27.0 1.0 27.0
290 1.0 28.0 2.0 28.0 1.0 27.0 2.0 27.0
291 2.0 28.0 3.0 28.0 2.0 27.0 3.0 27.0
292 3.0 28.0 4.0 28.0 3.0 27.0 4.0 27.0
293 4.0 28.0 5.0 28.0 4.0 27.0 5.0 27.0
294 5.0 28.0 6.0 28.0 5.0 27.0 6.0 27.0
295 6.0 28.0 7.0 28.0 6.0 27.0 7.0 27.0
296 7.0 28.0 8.0 28.0 7.0 27.0 8.0 27.0
297 8.0 28.0 9.0 28.0 8.0 27.0 9.0 27.0
298 9.0 28.0 10.0 28.0 9.0 27.0 10.0 27.0
299 10.0 28.0 11.0 28.0 10.0 27.0 11.0 27.0
300 11.0 28.0 12.0 28.0 11.0 27.0 12.0 27.0
301 12.0 28.0 13.0 28.0 12.0 27.0 13.0 27.0
302 13.0 28.0 14.0 28.0 13.0 27.0 14.0 27.0
303 14.0 28.0 15.0 28.0 14.0 27.0 15.0 27.0
304 15.0 28.0 16.0 28.0 15.0 27.0 16.0 27.0
305 16.0 28.0 17.0 28.0 16.0 27.0 17.0 27.0
306 17.0 28.0 18.0 28.0 17.0 27.0 18.0 27.0
307 18.0 28.0 19.0 28.0 18.0 27.0 19.0 27.0
308 19.0 28.0 20.0 28.0 19.0 27.0 20.0 27.0
309 20.0 28.0 21.0 28.0 20.0 27.0 21.0 27.0
310 21.0 28.0 22.0 28.0 21.0 27.0 22.0 27.0
311 22.0 28.0 23.0 28.0 22.0 27.0 23.0 27.0
312 23.0 28.0 24.0 28.0 23.0 27.0 24.0 27.0
313 24.0 28.0 25.0 28.0 24.0 27.0 25.0 27.0
314 25.0 28.0 26.0 28.0 25.0 27.0 26.0 27.0
315 26.0 28.0 27.0 28.0 26.0 27.0 27.0 27.0
316 27.0 28.0 28.0 28.0 27.0 27.0 28.0 27.0
317 28.0 28.0 29.0 28.0 28.0 27.0 29.0 27.0
318 29.0 28.0 30.0 28.0 29.0 27.0 30.0 27.0
319 30.0 28.0 31.0 28.0 30.0 27.0 31.0 27.0
320 31.0 28.0 32.0 28.0 31.0 27.0 32.0 27.0
321 32.0 28.0 33.0 28.0 32.0 27.0 33.0 27.0
322 33.0 28.0 34.0 28.0 33.0 27.0 34.0 27.0
323 34.0 28.0 35.0 28.0 34.0 27.0 35.0 27.0
324 35.0 28.0 36.0 28.0 35.0 27.0 36.0 27.0
325 0.0 27.0 1.0 27.0 0.0 26.0 1.0 26.0
326 1.0 27.0 2.0 27.0 1.0 26.0 2.0 26.0
327 2.0 27.0 3.0 27.0 2.0 26.0 3.0 26.0
328 3.0 27.0 4.0 27.0 3.0 26.0 4.0 26.0
329 4.0 27.0 5.0 27.0 4.0 26.0 5.0 26.0
330 5.0 27.0 6.0 27.0 5.0 26.0 6.0 26.0
331 6.0 27.0 7.0 27.0 6.0 26.0 7.0 26.0
332 7.0 27.0 8.0 27.0 7.0 26.0 8.0 26.0
333 8.0 27.0 9.0 27.0 8.0 26.0 9.0 26.0
334 9.0 27.0 10.0 27.0 9.0 26.0 10.0 26.0
335 10.0 27.0 11.0 27.0 10.0 26.0 11.0 26.0
336 11.0 27.0 12.0 27.0 11.0 26.0 12.0 26.0
337 12.0 27.0 13.0 27.0 12.0 26.0 13.0 26.0
338 13.0 27.0 14.0 27.0 13.0 26.0 14.0 26.0
339 14.0 27.0 15.0 27.0 14.0 26.0 15.0 26.0
340 15.0 27.0 16.0 27.0 15.0 26.0 16.0 26.0
341 16.0 27.0 17.0 27.0 16.0 26.0 17.0 26.0
342 17.0 27.0 18.0 27.0 17.0 26.0 18.0 26.0
343 18.0 27.0 19.0 27.0 18.0 26.0 19.0 26.0
344 19.0 27.0 20.0 27.0 19.0 26.0 20.0 26.0
345 20.0 27.0 21.0 27.0 20.0 26.0 21.0 26.0
346 21.0 27.0 22.0 27.0 21.0 26.0 22.0 26.0
347 22.0 27.0 23.0 27.0 22.0 26.0 23.0 26.0
348 23.0 27.0 24.0 27.0 23.0 26.0 24.0 26.0
349 24.0 27.0 25.0 27.0 24.0 26.0 25.0 26.0
350 25.0 27.0 26.0 27.0 25.0 26.0 26.0 26.0
351 26.0 27.0 27.0 27.0 26.0 26.0 27.0 26.0
352 27.0 27.0 28.0 27.0 27.0 26.0 28.0 26.0
353 28.0 27.0 29.0 27.0 28.0 26.0 29.0 26.0
354 29.0 27.0 30.0 27.0 29.0 26.0 30.0 26.0
355 30.0 27.0 31.0 27.0 30.0 26.0 31.0 26.0
356 31.0 27.0 32.0 27.0 31.0 26.0 32.0 26.0
357 32.0 27.0 33.0 27.0 32.0 26.0 33.0 26.0
358 33.0 27.0 34.0 27.0 33.0 26.0 34.0 26.0
359 34.0 27.0 35.0 27.0 34.0 26.0 35.0 26.0
360 35.0 27.0 36.0 27.0 35.0 26.0 36.0 26.0
361 0.0 26.0 1.0 26.0 0.0 25.0 1.0 25.0
362 1.0 26.0 2.0 26.0 1.0 25.0 2.0 25.0
363 2.0 26.0 3.0 26.0 2.0 25.0 3.0 25.0
364 3.0 26.0 4.0 26.0 3.0 25.0 4.0 25.0
365 4.0 26.0 5.0 26.0 4.0 25.0 5.0 25.0
366 5.0 26.0 6.0 26.0 5.0 25.0 6.0 25.0
367 6.0 26.0 7.0 26.0 6.0 25.0 7.0 25.0
368 7.0 26.0 8.0 26.0 7.0 25.0 8.0 25.0
369 8.0 26.0 9.0 26.0 8.0 25.0 9.0 25.0
370 9.0 26.0 10.0 26.0 9.0 25.0 10.0 25.0
371 10.0 26.0 11.0 26.0 10.0 25.0 11.0 25.0
372 11.0 26.0 12.0 26.0 11.0 25.0 12.0 25.0
373 12.0 26.0 13.0 26.0 12.0 25.0 13.0 25.0
374 13.0 26.0 14.0 26.0 13.0 25.0 14.0 25.0
375 14.0 26.0 15.0 26.0 14.0 25.0 15.0 25.0
376 15.0 26.0 16.0 26.0 15.0 25.0 16.0 25.0
377 16.0 26.0 17.0 26.0 16.0 25.0 17.0 25.0
378 17.0 26.0 18.0 26.0 17.0 25.0 18.0 25.0
379 18.0 26.0 19.0 26.0 18.0 25.0 19.0 25.0
380 19.0 26.0 20.0 26.0 19.0 25.0 20.0 25.0
381 20.0 26.0 21.0 26.0 20.0 25.0 21.0 25.0
382 21.0 26.0 22.0 26.0 21.0 25.0 22.0 25.0
383 22.0 26.0 23.0 26.0 22.0 25.0 23.0 25.0
384 23.0 26.0 24.0 26.0 23.0 25.0 24.0 25.0
385 24.0 26.0 25.0 26.0 24.0 25.0 25.0 25.0
386 25.0 26.0 26.0 26.0 25.0 25.0 26.0 25.0
387 26.0 26.0 27.0 26.0 26.0 25.0 27.0 25.0
388 27.0 26.0 28.0 26.0 27.0 25.0 28.0 25.0
389 28.0 26.0 29.0 26.0 28.0 25.0 29.0 25.0
390 29.0 26.0 30.0 26.0 29.0 25.0 30.0 25.0
391 30.0 26.0 31.0 26.0 30.0 25.0 31.0 25.0
392 31.0 26.0 32.0 26.0 31.0 25.0 32.0 25.0
393 32.0 26.0 33.0 26.0 32.0 25.0 33.0 25.0
394 33.0 26.0 34.0 26.0 33.0 25.0 34.0 25.0
395 34.0 26.0 35.0 26.0 34.0 25.0 35.0 25.0
396 35.0 26.0 36.0 26.0 35.0 25.0 36.0 25.0
397 0.0 25.0 1.0 25.0 0.0 24.0 1.0 24.0
398 1.0 25.0 2.0 25.0 1.0 24.0 2.0 24.0
399 2.0 25.0 3.0 25.0 2.0 24.0 3.0 24.0
400 3.0 25.0 4.0 25.0 3.0 24.0 4.0 24.0
401 4.0 25.0 5.0 25.0 4.0 24.0 5.0 24.0
402 5.0 25.0 6.0 25.0 5.0 24.0 6.0 24.0
403 6.0 25.0 7.0 25.0 6.0 24.0 7.0 24.0
404 7.0 25.0 8.0 25.0 7.0 24.0 8.0 24.0
405 8.0 25.0 9.0 25.0 8.0 24.0 9.0 24.0
406 9.0 25.0 10.0 25.0 9.0 24.0 10.0 24.0
407 10.0 25.0 11.0 25.0 10.0 24.0 11.0 24.0
408 11.0 25.0 12.0 25.0 11.0 24.0 12.0 24.0
409 12.0 25.0 13.0 25.0 12.0 24.0 13.0 24.0
410 13.0 25.0 14.0 25.0 13.0 24.0 14.0 24.0
411 14.0 25.0 15.0 25.0 14.0 24.0 15.0 24.0
412 15.0 25.0 16.0 25.0 15.0 24.0 16.0 24.0
413 16.0 25.0 17.0 25.0 16.0 24.0 17.0 24.0
414 17.0 25.0 18.0 25.0 17.0 24.0 18.0 24.0
415 18.0 25.0 19.0 25.0 18.0 24.0 19.0 24.0
416 19.0 25.0 20.0 25.0 19.0 24.0 20.0 24.0
417 20.0 25.0 21.0 25.0 20.0 24.0 21.0 24.0
418 21.0 25.0 22.0 25.0 21.0 24.0 22.0 24.0
419 22.0 25.0 23.0 25.0 22.0 24.0 23.0 24.0
420 23.0 25.0 24.0 25.0 23.0 24.0 24.0 24.0
421 24.0 25.0 25.0 25.0 24.0 24.0 25.0 24.0
422 25.0 25.0 26.0 25.0 25.0 24.0 26.0 24.0
423 26.0 25.0 27.0 25.0 26.0 24.0 27.0 24.0
424 27.0 25.0 28.0 25.0 27.0 24.0 28.0 24.0
425 28.0 25.0 29.0 25.0 28.0 24.0 29.0 24.0
426 29.0 25.0 30.0 25.0 29.0 24.0 30.0 24.0
427 30.0 25.0 31.0 25.0 30.0 24.0 31.0 24.0
428 31.0 25.0 32.0 25.0 31.0 24.0 32.0 24.0
429 32.0 25.0 33.0 25.0 32.0 24.0 33.0 24.0
430 33.0 25.0 34.0 25.0 33.0 24.0 34.0 24.0
431 34.0 25.0 35.0 25.0 34.0 24.0 35.0 24.0
432 35.0 25.0 36.0 25.0 35.0 24.0 36.0 24.0
433 0.0 24.0 1.0 24.0 0.0 23.0 1.0 23.0
434 1.0 24.0 2.0 24.0 1.0 23.0 2.0 23.0
435 2.0 24.0 3.0 24.0 2.0 23.0 3.0 23.0
436 3.0 24.0 4.0 24.0 3.0 23.0 4.0 23.0
437 4.0 24.0 5.0 24.0 4.0 23.0 5.0 23.0
438 5.0 24.0 6.0 24.0 5.0 23.0 6.0 23.0
439 6.0 24.0 7.0 24.0 6.0 23.0 7.0 23.0
440 7.0 24.0 8.0 24.0 7.0 23.0 8.0 23.0
441 8.0 24.0 9.0 24.0 8.0 23.0 9.0 23.0
442 9.0 24.0 10.0 24.0 9.0 23.0 10.0 23.0
443 10.0 24.0 11.0 24.0 10.0 23.0 11.0 23.0
444 11.0 24.0 12.0 24.0 11.0 23.0 12.0 23.0
445 12.0 24.0 13.0 24.0 12.0 23.0 13.0 23.0
446 13.0 24.0 14.0 24.0 13.0 23.0 14.0 23.0
447 14.0 24.0 15.0 24.0 14.0 23.0 15.0 23.0
448 15.0 24.0 16.0 24.0 15.0 23.0 16.0 23.0
449 16.0 24.0 17.0 24.0 16.0 23.0 17.0 23.0
450 17.0 24.0 18.0 24.0 17.0 23.0 18.0 23.0
451 18.0 24.0 19.0 24.0 18.0 23.0 19.0 23.0
452 19.0 24.0 20.0 24.0 19.0 23.0 20.0 23.0
453 20.0 24.0 21.0 24.0 20.0 23.0 21.0 23.0
454 21.0 24.0 22.0 24.0 21.0 23.0 22.0 23.0
455 22.0 24.0 23.0 24.0 22.0 23.0 23.0 23.0
456 23.0 24.0 24.0 24.0 23.0 23.0 24.0 23.0
457 24.0 24.0 25.0 24.0 24.0 23.0 25.0 23.0
458 25.0 24.0 26.0 24.0 25.0 23.0 26.0 23.0
459 26.0 24.0 27.0 24.0 26.0 23.0 27.0 23.0
460 27.0 24.0 28.0 24.0 27.0 23.0 28.0 23.0
461 28.0 24.0 29.0 24.0 28.0 23.0 29.0 23.0
462 29.0 24.0 30.0 24.0 29.0 23.0 30.0 23.0
463 30.0 24.0 31.0 24.0 30.0 23.0 31.0 23.0
464 31.0 24.0 32.0 24.0 31.0 23.0 32.0 23.0
465 32.0 24.0 33.0 24.0 32.0 23.0 33.0 23.0
466 33.0 24.0 34.0 24.0 33.0 23.0 34.0 23.0
467 34.0 24.0 35.0 24.0 34.0 23.0 35.0 23.0
468 35.0 24.0 36.0 24.0 35.0 23.0 36.0 23.0
469 0.0 23.0 1.0 23.0 0.0 22.0 1.0 22.0
470 1.0 23.0 2.0 23.0 1.0 22.0 2.0 22.0
471 2.0 23.0 3.0 23.0 2.0 22.0 3.0 22.0
472 3.0 23.0 4.0 23.0 3.0 22.0 4.0 22.0
473 4.0 23.0 5.0 23.0 4.0 22.0 5.0 22.0
474 5.0 23.0 6.0 23.0 5.0 22.0 6.0 22.0
475 6.0 23.0 7.0 23.0 6.0 22.0 7.0 22.0
476 7.0 23.0 8.0 23.0 7.0 22.0 8.0 22.0
477 8.0 23.0 9.0 23.0 8.0 22.0 9.0 22.0
478 9.0 23.0 10.0 23.0 9.0 22.0 10.0 22.0
479 10.0 23.0 11.0 23.0 10.0 22.0 11.0 22.0
480 11.0 23.0 12.0 23.0 11.0 22.0 12.0 22.0
481 12.0 23.0 13.0 23.0 12.0 22.0 13.0 22.0
482 13.0 23.0 14.0 23.0 13.0 22.0 14.0 22.0
483 14.0 23.0 15.0 23.0 14.0 22.0 15.0 22.0
484 15.0 23.0 16.0 23.0 15.0 22.0 16.0 22.0
485 16.0 23.0 17.0 23.0 16.0 22.0 17.0 22.0
486 17.0 23.0 18.0 23.0 17.0 22.0 18.0 22.0
487 18.0 23.0 19.0 23.0 18.0 22.0 19.0 22.0
488 19.0 23.0 20.0 23.0 19.0 22.0 20.0 22.0
489 20.0 23.0 21.0 23.0 20.0 22.0 21.0 22.0
490 21.0 23.0 22.0 23.0 21.0 22.0 22.0 22.0
491 22.0 23.0 23.0 23.0 22.0 22.0 23.0 22.0
492 23.0 23.0 24.0 23.0 23.0 22.0 24.0 22.0
493 24.0 23.0 25.0 23.0 24.0 22.0 25.0 22.0
494 25.0 23.0 26.0 23.0 25.0 22.0 26.0 22.0
495 26.0 23.0 27.0 23.0 26.0 22.0 27.0 22.0
496 27.0 23.0 28.0 23.0 27.0 22.0 28.0 22.0
497 28.0 23.0 29.0 23.0 28.0 22.0 29.0 22.0
498 29.0 23.0 30.0 23.0 29.0 22.0 30.0 22.0
499 30.0 23.0 31.0 23.0 30.0 22.0 31.0 22.0
500 31.0 23.0 32.0 23.0 31.0 22.0 32.0 22.0
501 32.0 23.0 33.0 23.0 32.0 22.0 33.0 22.0
502 33.0 23.0 34.0 23.0 33.0 22.0 34.0 22.0
503 34.0 23.0 35.0 23.0 34.0 22.0 35.0 22.0
504 35.0 23.0 36.0 23.0 35.0 22.0 36.0 22.0
505 0.0 22.0 1.0 22.0 0.0 21.0 1.0 21.0
506 1.0 22.0 2.0 22.0 1.0 21.0 2.0 21.0
507 2.0 22.0 3.0 22.0 2.0 21.0 3.0 21.0
508 3.0 22.0 4.0 22.0 3.0 21.0 4.0 21.0
509 4.0 22.0 5.0 22.0 4.0 21.0 5.0 21.0
510 5.0 22.0 6.0 22.0 5.0 21.0 6.0 21.0
511 6.0 22.0 7.0 22.0 6.0 21.0 7.0 21.0
512 7.0 22.0 8.0 22.0 7.0 21.0 8.0 21.0
513 8.0 22.0 9.0 22.0 8.0 21.0 9.0 21.0
514 9.0 22.0 10.0 22.0 9.0 21.0 10.0 21.0
515 10.0 22.0 11.0 22.0 10.0 21.0 11.0 21.0
516 11.0 22.0 12.0 22.0 11.0 21.0 12.0 21.0
517 12.0 22.0 13.0 22.0 12.0 21.0 13.0 21.0
518 13.0 22.0 14.0 22.0 13.0 21.0 14.0 21.0
519 14.0 22.0 15.0 22.0 14.0 21.0 15.0 21.0
520 15.0 22.0 16.0 22.0 15.0 21.0 16.0 21.0
521 16.0 22.0 17.0 22.0 16.0 21.0 17.0 21.0
522 17.0 22.0 18.0 22.0 17.0 21.0 18.0 21.0
523 18.0 22.0 19.0 22.0 18.0 21.0 19.0 21.0
524 19.0 22.0 20.0 22.0 19.0 21.0 20.0 21.0
525 20.0 22.0 21.0 22.0 20.0 21.0 21.0 21.0
526 21.0 22.0 22.0 22.0 21.0 21.0 22.0 21.0
527 22.0 22.0 23.0 22.0 22.0 21.0 23.0 21.0
528 23.0 22.0 24.0 22.0 23.0 21.0 24.0 21.0
529 24.0 22.0 25.0 22.0 24.0 21.0 25.0 21.0
530 25.0 22.0 26.0 22.0 25.0 21.0 26.0 21.0
531 26.0 22.0 27.0 22.0 26.0 21.0 27.0 21.0
532 27.0 22.0 28.0 22.0 27.0 21.0 28.0 21.0
533 28.0 22.0 29.0 22.0 28.0 21.0 29.0 21.0
534 29.0 22.0 30.0 22.0 29.0 21.0 30.0 21.0
535 30.0 22.0 31.0 22.0 30.0 21.0 31.0 21.0
536 31.0 22.0 32.0 22.0 31.0 21.0 32.0 21.0
537 32.0 22.0 33.0 22.0 32.0 21.0 33.0 21.0
538 33.0 22.0 34.0 22.0 33.0 21.0 34.0 21.0
539 34.0 22.0 35.0 22.0 34.0 21.0 35.0 21.0
540 35.0 22.0 36.0 22.0 35.0 21.0 36.0 21.0
541 0.0 21.0 1.0 21.0 0.0 20.0 1.0 20.0
542 1.0 21.0 2.0 21.0 1.0 20.0 2.0 20.0
543 2.0 21.0 3.0 21.0 2.0 20.0 3.0 20.0
544 3.0 21.0 4.0 21.0 3.0 20.0 4.0 20.0
545 4.0 21.0 5.0 21.0 4.0 20.0 5.0 20.0
546 5.0 21.0 6.0 21.0 5.0 20.0 6.0 20.0
547 6.0 21.0 7.0 21.0 6.0 20.0 7.0 20.0
548 7.0 21.0 8.0 21.0 7.0 20.0 8.0 20.0
549 8.0 21.0 9.0 21.0 8.0 20.0 9.0 20.0
550 9.0 21.0 10.0 21.0 9.0 20.0 10.0 20.0
551 10.0 21.0 11.0 21.0 10.0 20.0 11.0 20.0
552 11.0 21.0 12.0 21.0 11.0 20.0 12.0 20.0
553 12.0 21.0 13.0 21.0 12.0 20.0 13.0 20.0
554 13.0 21.0 14.0 21.0 13.0 20.0 14.0 20.0
555 14.0 21.0 15.0 21.0 14.0 20.0 15.0 20.0
556 15.0 21.0 16.0 21.0 15.0 20.0 16.0 20.0
557 16.0 21.0 17.0 21.0 16.0 20.0 17.0 20.0
558 17.0 21.0 18.0 21.0 17.0 20.0 18.0 20.0
559 18.0 21.0 19.0 21.0 18.0 20.0 19.0 20.0
560 19.0 21.0 20.0 21.0 19.0 20.0 20.0 20.0
561 20.0 21.0 21.0 21.0 20.0 20.0 21.0 20.0
562 21.0 21.0 22.0 21.0 21.0 20.0 22.0 20.0
563 22.0 21.0 23.0 21.0 22.0 20.0 23.0 20.0
564 23.0 21.0 24.0 21.0 23.0 20.0 24.0 20.0
565 24.0 21.0 25.0 21.0 24.0 20.0 25.0 20.0
566 25.0 21.0 26.0 21.0 25.0 20.0 26.0 20.0
567 26.0 21.0 27.0 21.0 26.0 20.0 27.0 20.0
568 27.0 21.0 28.0 21.0 27.0 20.0 28.0 20.0
569 28.0 21.0 29.0 21.0 28.0 20.0 29.0 20.0
570 29.0 21.0 30.0 21.0 29.0 20.0 30.0 20.0
571 30.0 21.0 31.0 21.0 30.0 20.0 31.0 20.0
572 31.0 21.0 32.0 21.0 31.0 20.0 32.0 20.0
573 32.0 21.0 33.0 21.0 32.0 20.0 33.0 20.0
574 33.0 21.0 34.0 21.0 33.0 20.0 34.0 20.0
575 34.0 21.0 35.0 21.0 34.0 20.0 35.0 20.0
576 35.0 21.0 36.0 21.0 35.0 20.0 36.0 20.0
577 0.0 20.0 1.0 20.0 0.0 19.0 1.0 19.0
578 1.0 20.0 2.0 20.0 1.0 19.0 2.0 19.0
579 2.0 20.0 3.0 20.0 2.0 19.0 3.0 19.0
580 3.0 20.0 4.0 20.0 3.0 19.0 4.0 19.0
581 4.0 20.0 5.0 20.0 4.0 19.0 5.0 19.0
582 5.0 20.0 6.0 20.0 5.0 19.0 6.0 19.0
583 6.0 20.0 7.0 20.0 6.0 19.0 7.0 19.0
584 7.0 20.0 8.0 20.0 7.0 19.0 8.0 19.0
585 8.0 20.0 9.0 20.0 8.0 19.0 9.0 19.0
586 9.0 20.0 10.0 20.0 9.0 19.0 10.0 19.0
587 10.0 20.0 11.0 20.0 10.0 19.0 11.0 19.0
588 11.0 20.0 12.0 20.0 11.0 19.0 12.0 19.0
589 12.0 20.0 13.0 20.0 12.0 19.0 13.0 19.0
590 13.0 20.0 14.0 20.0 13.0 19.0 14.0 19.0
591 14.0 20.0 15.0 20.0 14.0 19.0 15.0 19.0
592 15.0 20.0 16.0 20.0 15.0 19.0 16.0 19.0
593 16.0 20.0 17.0 20.0 16.0 19.0 17.0 19.0
594 17.0 20.0 18.0 20.0 17.0 19.0 18.0 19.0
595 18.0 20.0 19.0 20.0 18.0 19.0 19.0 19.0
596 19.0 20.0 20.0 20.0 19.0 19.0 20.0 19.0
597 20.0 20.0 21.0 20.0 20.0 19.0 21.0 19.0
598 21.0 20.0 22.0 20.0 21.0 19.0 22.0 19.0
599 22.0 20.0 23.0 20.0 22.0 19.0 23.0 19.0
600 23.0 20.0 24.0 20.0 23.0 19.0 24.0 19.0
601 24.0 20.0 25.0 20.0 24.0 19.0 25.0 19.0
602 25.0 20.0 26.0 20.0 25.0 19.0 26.0 19.0
603 26.0 20.0 27.0 20.0 26.0 19.0 27.0 19.0
604 27.0 20.0 28.0 20.0 27.0 19.0 28.0 19.0
605 28.0 20.0 29.0 20.0 28.0 19.0 29.0 19.0
606 29.0 20.0 30.0 20.0 29.0 19.0 30.0 19.0
607 30.0 20.0 31.0 20.0 30.0 19.0 31.0 19.0
608 31.0 20.0 32.0 20.0 31.0 19.0 32.0 19.0
609 32.0 20.0 33.0 20.0 32.0 19.0 33.0 19.0
610 33.0 20.0 34.0 20.0 33.0 19.0 34.0 19.0
611 34.0 20.0 35.0 20.0 34.0 19.0 35.0 19.0
612 35.0 20.0 36.0 20.0 35.0 19.0 36.0 19.0
613 0.0 19.0 1.0 19.0 0.0 18.0 1.0 18.0
614 1.0 19.0 2.0 19.0 1.0 18.0 2.0 18.0
615 2.0 19.0 3.0 19.0 2.0 18.0 3.0 18.0
616 3.0 19.0 4.0 19.0 3.0 18.0 4.0 18.0
617 4.0 19.0 5.0 19.0 4.0 18.0 5.0 18.0
618 5.0 19.0 6.0 19.0 5.0 18.0 6.0 18.0
619 6.0 19.0 7.0 19.0 6.0 18.0 7.0 18.0
620 7.0 19.0 8.0 19.0 7.0 18.0 8.0 18.0
621 8.0 19.0 9.0 19.0 8.0 18.0 9.0 18.0
622 9.0 19.0 10.0 19.0 9.0 18.0 10.0 18.0
623 10.0 19.0 11.0 19.0 10.0 18.0 11.0 18.0
624 11.0 19.0 12.0 19.0 11.0 18.0 12.0 18.0
625 12.0 19.0 13.0 19.0 12.0 18.0 13.0 18.0
626 13.0 19.0 14.0 19.0 13.0 18.0 14.0 18.0
627 14.0 19.0 15.0 19.0 14.0 18.0 15.0 18.0
628 15.0 19.0 16.0 19.0 15.0 18.0 16.0 18.0
629 16.0 19.0 17.0 19.0 16.0 18.0 17.0 18.0
630 17.0 19.0 18.0 19.0 17.0 18.0 18.0 18.0
631 18.0 19.0 19.0 19.0 18.0 18.0 19.0 18.0
632 19.0 19.0 20.0 19.0 19.0 18.0 20.0 18.0
633 20.0 19.0 21.0 19.0 20.0 18.0 21.0 18.0
634 21.0 19.0 22.0 19.0 21.0 18.0 22.0 18.0
635 22.0 19.0 23.0 19.0 22.0 18.0 23.0 18.0
636 23.0 19.0 24.0 19.0 23.0 18.0 24.0 18.0
637 24.0 19.0 25.0 19.0 24.0 18.0 25.0 18.0
638 25.0 19.0 26.0 19.0 25.0 18.0 26.0 18.0
639 26.0 19.0 27.0 19.0 26.0 18.0 27.0 18.0
640 27.0 19.0 28.0 19.0 27.0 18.0 28.0 18.0
641 28.0 19.0 29.0 19.0 28.0 18.0 29.0 18.0
642 29.0 19.0 30.0 19.0 29.0 18.0 30.0 18.0
643 30.0 19.0 31.0 19.0 30.0 18.0 31.0 18.0
644 31.0 19.0 32.0 19.0 31.0 18.0 32.0 18.0
645 32.0 19.0 33.0 19.0 32.0 18.0 33.0 18.0
646 33.0 19.0 34.0 19.0 33.0 18.0 34.0 18.0
647 34.0 19.0 35.0 19.0 34.0 18.0 35.0 18.0
648 35.0 19.0 36.0 19.0 35.0 18.0 36.0 18.0
649 0.0 18.0 1.0 18.0 0.0 17.0 1.0 17.0
650 1.0 18.0 2.0 18.0 1.0 17.0 2.0 17.0
651 2.0 18.0 3.0 18.0 2.0 17.0 3.0 17.0
652 3.0 18.0 4.0 18.0 3.0 17.0 4.0 17.0
653 4.0 18.0 5.0 18.0 4.0 17.0 5.0 17.0
654 5.0 18.0 6.0 18.0 5.0 17.0 6.0 17.0
655 6.0 18.0 7.0 18.0 6.0 17.0 7.0 17.0
656 7.0 18.0 8.0 18.0 7.0 17.0 8.0 17.0
657 8.0 18.0 9.0 18.0 8.0 17.0 9.0 17.0
658 9.0 18.0 10.0 18.0 9.0 17.0 10.0 17.0
659 10.0 18.0 11.0 18.0 10.0 17.0 11.0 17.0
660 11.0 18.0 12.0 18.0 11.0 17.0 12.0 17.0
661 12.0 18.0 13.0 18.0 12.0 17.0 13.0 17.0
662 13.0 18.0 14.0 18.0 13.0 17.0 14.0 17.0
663 14.0 18.0 15.0 18.0 14.0 17.0 15.0 17.0
664 15.0 18.0 16.0 18.0 15.0 17.0 16.0 17.0
665 16.0 18.0 17.0 18.0 16.0 17.0 17.0 17.0
666 17.0 18.0 18.0 18.0 17.0 17.0 18.0 17.0
667 18.0 18.0 19.0 18.0 18.0 17.0 19.0 17.0
668 19.0 18.0 20.0 18.0 19.0 17.0 20.0 17.0
669 20.0 18.0 21.0 18.0 20.0 17.0 21.0 17.0
670 21.0 18.0 22.0 18.0 21.0 17.0 22.0 17.0
671 22.0 18.0 23.0 18.0 22.0 17.0 23.0 17.0
672 23.0 18.0 24.0 18.0 23.0 17.0 24.0 17.0
673 24.0 18.0 25.0 18.0 24.0 17.0 25.0 17.0
674 25.0 18.0 26.0 18.0 25.0 17.0 26.0 17.0
675 26.0 18.0 27.0 18.0 26.0 17.0 27.0 17.0
676 27.0 18.0 28.0 18.0 27.0 17.0 28.0 17.0
677 28.0 18.0 29.0 18.0 28.0 17.0 29.0 17.0
678 29.0 18.0 30.0 18.0 29.0 17.0 30.0 17.0
679 30.0 18.0 31.0 18.0 30.0 17.0 31.0 17.0
680 31.0 18.0 32.0 18.0 31.0 17.0 32.0 17.0
681 32.0 18.0 33.0 18.0 32.0 17.0 33.0 17.0
682 33.0 18.0 34.0 18.0 33.0 17.0 34.0 17.0
683 34.0 18.0 35.0 18.0 34.0 17.0 35.0 17.0
684 35.0 18.0 36.0 18.0 35.0 17.0 36.0 17.0
685 0.0 17.0 1.0 17.0 0.0 16.0 1.0 16.0
686 1.0 17.0 2.0 17.0 1.0 16.0 2.0 16.0
687 2.0 17.0 3.0 17.0 2.0 16.0 3.0 16.0
688 3.0 17.0 4.0 17.0 3.0 16.0 4.0 16.0
689 4.0 17.0 5.0 17.0 4.0 16.0 5.0 16.0
690 5.0 17.0 6.0 17.0 5.0 16.0 6.0 16.0
691 6.0 17.0 7.0 17.0 6.0 16.0 7.0 16.0
692 7.0 17.0 8.0 17.0 7.0 16.0 8.0 16.0
693 8.0 17.0 9.0 17.0 8.0 16.0 9.0 16.0
694 9.0 17.0 10.0 17.0 9.0 16.0 10.0 16.0
695 10.0 17.0 11.0 17.0 10.0 16.0 11.0 16.0
696 11.0 17.0 12.0 17.0 11.0 16.0 12.0 16.0
697 12.0 17.0 13.0 17.0 12.0 16.0 13.0 16.0
698 13.0 17.0 14.0 17.0 13.0 16.0 14.0 16.0
699 14.0 17.0 15.0 17.0 14.0 16.0 15.0 16.0
700 15.0 17.0 16.0 17.0 15.0 16.0 16.0 16.0
701 16.0 17.0 17.0 17.0 16.0 16.0 17.0 16.0
702 17.0 17.0 18.0 17.0 17.0 16.0 18.0 16.0
703 18.0 17.0 19.0 17.0 18.0 16.0 19.0 16.0
704 19.0 17.0 20.0 17.0 19.0 16.0 20.0 16.0
705 20.0 17.0 21.0 17.0 20.0 16.0 21.0 16.0
706 21.0 17.0 22.0 17.0 21.0 16.0 22.0 16.0
707 22.0 17.0 23.0 17.0 22.0 16.0 23.0 16.0
708 23.0 17.0 24.0 17.0 23.0 16.0 24.0 16.0
709 24.0 17.0 25.0 17.0 24.0 16.0 25.0 16.0
710 25.0 17.0 26.0 17.0 25.0 16.0 26.0 16.0
711 26.0 17.0 27.0 17.0 26.0 16.0 27.0 16.0
712 27.0 17.0 28.0 17.0 27.0 16.0 28.0 16.0
713 28.0 17.0 29.0 17.0 28.0 16.0 29.0 16.0
714 29.0 17.0 30.0 17.0 29.0 16.0 30.0 16.0
715 30.0 17.0 31.0 17.0 30.0 16.0 31.0 16.0
716 31.0 17.0 32.0 17.0 31.0 16.0 32.0 16.0
717 32.0 17.0 33.0 17.0 32.0 16.0 33.0 16.0
718 33.0 17.0 34.0 17.0 33.0 16.0 34.0 16.0
719 34.0 17.0 35.0 17.0 34.0 16.0 35.0 16.0
720 35.0 17.0 36.0 17.0 35.0 16.0 36.0 16.0
721 0.0 16.0 1.0 16.0 0.0 15.0 1.0 15.0
722 1.0 16.0 2.0 16.0 1.0 15.0 2.0 15.0
723 2.0 16.0 3.0 16.0 2.0 15.0 3.0 15.0
724 3.0 16.0 4.0 16.0 3.0 15.0 4.0 15.0
725 4.0 16.0 5.0 16.0 4.0 15.0 5.0 15.0
726 5.0 16.0 6.0 16.0 5.0 15.0 6.0 15.0
727 6.0 16.0 7.0 16.0 6.0 15.0 7.0 15.0
728 7.0 16.0 8.0 16.0 7.0 15.0 8.0 15.0
729 8.0 16.0 9.0 16.0 8.0 15.0 9.0 15.0
730 9.0 16.0 10.0 16.0 9.0 15.0 10.0 15.0
731 10.0 16.0 11.0 16.0 10.0 15.0 11.0 15.0
732 11.0 16.0 12.0 16.0 11.0 15.0 12.0 15.0
733 12.0 16.0 13.0 16.0 12.0 15.0 13.0 15.0
734 13.0 16.0 14.0 16.0 13.0 15.0 14.0 15.0
735 14.0 16.0 15.0 16.0 14.0 15.0 15.0 15.0
736 15.0 16.0 16.0 16.0 15.0 15.0 16.0 15.0
737 16.0 16.0 17.0 16.0 16.0 15.0 17.0 15.0
738 17.0 16.0 18.0 16.0 17.0 15.0 18.0 15.0
739 18.0 16.0 19.0 16.0 18.0 15.0 19.0 15.0
740 19.0 16.0 20.0 16.0 19.0 15.0 20.0 15.0
741 20.0 16.0 21.0 16.0 20.0 15.0 21.0 15.0
742 21.0 16.0 22.0 16.0 21.0 15.0 22.0 15.0
743 22.0 16.0 23.0 16.0 22.0 15.0 23.0 15.0
744 23.0 16.0 24.0 16.0 23.0 15.0 24.0 15.0
745 24.0 16.0 25.0 16.0 24.0 15.0 25.0 15.0
746 25.0 16.0 26.0 16.0 25.0 15.0 26.0 15.0
747 26.0 16.0 27.0 16.0 26.0 15.0 27.0 15.0
748 27.0 16.0 28.0 16.0 27.0 15.0 28.0 15.0
749 28.0 16.0 29.0 16.0 28.0 15.0 29.0 15.0
750 29.0 16.0 30.0 16.0 29.0 15.0 30.0 15.0
751 30.0 16.0 31.0 16.0 30.0 15.0 31.0 15.0
752 31.0 16.0 32.0 16.0 31.0 15.0 32.0 15.0
753 32.0 16.0 33.0 16.0 32.0 15.0 33.0 15.0
754 33.0 16.0 34.0 16.0 33.0 15.0 34.0 15.0
755 34.0 16.0 35.0 16.0 34.0 15.0 35.0 15.0
756 35.0 16.0 36.0 16.0 35.0 15.0 36.0 15.0
757 0.0 15.0 1.0 15.0 0.0 14.0 1.0 14.0
758 1.0 15.0 2.0 15.0 1.0 14.0 2.0 14.0
759 2.0 15.0 3.0 15.0 2.0 14.0 3.0 14.0
760 3.0 15.0 4.0 15.0 3.0 14.0 4.0 14.0
761 4.0 15.0 5.0 15.0 4.0 14.0 5.0 14.0
762 5.0 15.0 6.0 15.0 5.0 14.0 6.0 14.0
763 6.0 15.0 7.0 15.0 6.0 14.0 7.0 14.0
764 7.0 15.0 8.0 15.0 7.0 14.0 8.0 14.0
765 8.0 15.0 9.0 15.0 8.0 14.0 9.0 14.0
766 9.0 15.0 10.0 15.0 9.0 14.0 10.0 14.0
767 10.0 15.0 11.0 15.0 10.0 14.0 11.0 14.0
768 11.0 15.0 12.0 15.0 11.0 14.0 12.0 14.0
769 12.0 15.0 13.0 15.0 12.0 14.0 13.0 14.0
770 13.0 15.0 14.0 15.0 13.0 14.0 14.0 14.0
771 14.0 15.0 15.0 15.0 14.0 14.0 15.0 14.0
772 15.0 15.0 16.0 15.0 15.0 14.0 16.0 14.0
773 16.0 15.0 17.0 15.0 16.0 14.0 17.0 14.0
774 17.0 15.0 18.0 15.0 17.0 14.0 18.0 14.0
775 18.0 15.0 19.0 15.0 18.0 14.0 19.0 14.0
776 19.0 15.0 20.0 15.0 19.0 14.0 20.0 14.0
777 20.0 15.0 21.0 15.0 20.0 14.0 21.0 14.0
778 21.0 15.0 22.0 15.0 21.0 14.0 22.0 14.0
779 22.0 15.0 23.0 15.0 22.0 14.0 23.0 14.0
780 23.0 15.0 24.0 15.0 23.0 14.0 24.0 14.0
781 24.0 15.0 25.0 15.0 24.0 14.0 25.0 14.0
782 25.0 15.0 26.0 15.0 25.0 14.0 26.0 14.0
783 26.0 15.0 27.0 15.0 26.0 14.0 27.0 14.0
784 27.0 15.0 28.0 15.0 27.0 14.0 28.0 14.0
785 28.0 15.0 29.0 15.0 28.0 14.0 29.0 14.0
786 29.0 15.0 30.0 15.0 29.0 14.0 30.0 14.0
787 30.0 15.0 31.0 15.0 30.0 14.0 31.0 14.0
788 31.0 15.0 32.0 15.0 31.0 14.0 32.0 14.0
789 32.0 15.0 33.0 15.0 32.0 14.0 33.0 14.0
790 33.0 15.0 34.0 15.0 33.0 14.0 34.0 14.0
791 34.0 15.0 35.0 15.0 34.0 14.0 35.0 14.0
792 35.0 15.0 36.0 15.0 35.0 14.0 36.0 14.0
793 0.0 14.0 1.0 14.0 0.0 13.0 1.0 13.0
794 1.0 14.0 2.0 14.0 1.0 13.0 2.0 13.0
795 2.0 14.0 3.0 14.0 2.0 13.0 3.0 13.0
796 3.0 14.0 4.0 14.0 3.0 13.0 4.0 13.0
797 4.0 14.0 5.0 14.0 4.0 13.0 5.0 13.0
798 5.0 14.0 6.0 14.0 5.0 13.0 6.0 13.0
799 6.0 14.0 7.0 14.0 6.0 13.0 7.0 13.0
800 7.0 14.0 8.0 14.0 7.0 13.0 8.0 13.0
801 8.0 14.0 9.0 14.0 8.0 13.0 9.0 13.0
802 9.0 14.0 10.0 14.0 9.0 13.0 10.0 13.0
803 10.0 14.0 11.0 14.0 10.0 13.0 11.0 13.0
804 11.0 14.0 12.0 14.0 11.0 13.0 12.0 13.0
805 12.0 14.0 13.0 14.0 12.0 13.0 13.0 13.0
806 13.0 14.0 14.0 14.0 13.0 13.0 14.0 13.0
807 14.0 14.0 15.0 14.0 14.0 13.0 15.0 13.0
808 15.0 14.0 16.0 14.0 15.0 13.0 16.0 13.0
809 16.0 14.0 17.0 14.0 16.0 13.0 17.0 13.0
810 17.0 14.0 18.0 14.0 17.0 13.0 18.0 13.0
811 18.0 14.0 19.0 14.0 18.0 13.0 19.0 13.0
812 19.0 14.0 20.0 14.0 19.0 13.0 20.0 13.0
813 20.0 14.0 21.0 14.0 20.0 13.0 21.0 13.0
814 21.0 14.0 22.0 14.0 21.0 13.0 22.0 13.0
815 22.0 14.0 23.0 14.0 22.0 13.0 23.0 13.0
816 23.0 14.0 24.0 14.0 23.0 13.0 24.0 13.0
817 24.0 14.0 25.0 14.0 24.0 13.0 25.0 13.0
818 25.0 14.0 26.0 14.0 25.0 13.0 26.0 13.0
819 26.0 14.0 27.0 14.0 26.0 13.0 27.0 13.0
820 27.0 14.0 28.0 14.0 27.0 13.0 28.0 13.0
821 28.0 14.0 29.0 14.0 28.0 13.0 29.0 13.0
822 29.0 14.0 30.0 14.0 29.0 13.0 30.0 13.0
823 30.0 14.0 31.0 14.0 30.0 13.0 31.0 13.0
824 31.0 14.0 32.0 14.0 31.0 13.0 32.0 13.0
825 32.0 14.0 33.0 14.0 32.0 13.0 33.0 13.0
826 33.0 14.0 34.0 14.0 33.0 13.0 34.0 13.0
827 34.0 14.0 35.0 14.0 34.0 13.0 35.0 13.0
828 35.0 14.0 36.0 14.0 35.0 13.0 36.0 13.0
829 0.0 13.0 1.0 13.0 0.0 12.0 1.0 12.0
830 1.0 13.0 2.0 13.0 1.0 12.0 2.0 12.0
831 2.0 13.0 3.0 13.0 2.0 12.0 3.0 12.0
832 3.0 13.0 4.0 13.0 3.0 12.0 4.0 12.0
833 4.0 13.0 5.0 13.0 4.0 12.0 5.0 12.0
834 5.0 13.0 6.0 13.0 5.0 12.0 6.0 12.0
835 6.0 13.0 7.0 13.0 6.0 12.0 7.0 12.0
836 7.0 13.0 8.0 13.0 7.0 12.0 8.0 12.0
837 8.0 13.0 9.0 13.0 8.0 12.0 9.0 12.0
838 9.0 13.0 10.0 13.0 9.0 12.0 10.0 12.0
839 10.0 13.0 11.0 13.0 10.0 12.0 11.0 12.0
840 11.0 13.0 12.0 13.0 11.0 12.0 12.0 12.0
841 12.0 13.0 13.0 13.0 12.0 12.0 13.0 12.0
842 13.0 13.0 14.0 13.0 13.0 12.0 14.0 12.0
843 14.0 13.0 15.0 13.0 14.0 12.0 15.0 12.0
844 15.0 13.0 16.0 13.0 15.0 12.0 16.0 12.0
845 16.0 13.0 17.0 13.0 16.0 12.0 17.0 12.0
846 17.0 13.0 18.0 13.0 17.0 12.0 18.0 12.0
847 18.0 13.0 19.0 13.0 18.0 12.0 19.0 12.0
848 19.0 13.0 20.0 13.0 19.0 12.0 20.0 12.0
849 20.0 13.0 21.0 13.0 20.0 12.0 21.0 12.0
850 21.0 13.0 22.0 13.0 21.0 12.0 22.0 12.0
851 22.0 13.0 23.0 13.0 22.0 12.0 23.0 12.0
852 23.0 13.0 24.0 13.0 23.0 12.0 24.0 12.0
853 24.0 13.0 25.0 13.0 24.0 12.0 25.0 12.0
854 25.0 13.0 26.0 13.0 25.0 12.0 26.0 12.0
855 26.0 13.0 27.0 13.0 26.0 12.0 27.0 12.0
856 27.0 13.0 28.0 13.0 27.0 12.0 28.0 12.0
857 28.0 13.0 29.0 13.0 28.0 12.0 29.0 12.0
858 29.0 13.0 30.0 13.0 29.0 12.0 30.0 12.0
859 30.0 13.0 31.0 13.0 30.0 12.0 31.0 12.0
860 31.0 13.0 32.0 13.0 31.0 12.0 32.0 12.0
861 32.0 13.0 33.0 13.0 32.0 12.0 33.0 12.0
862 33.0 13.0 34.0 13.0 33.0 12.0 34.0 12.0
863 34.0 13.0 35.0 13.0 34.0 12.0 35.0 12.0
864 35.0 13.0 36.0 13.0 35.0 12.0 36.0 12.0
865 0.0 12.0 1.0 12.0 0.0 11.0 1.0 11.0
866 1.0 12.0 2.0 12.0 1.0 11.0 2.0 11.0
867 2.0 12.0 3.0 12.0 2.0 11.0 3.0 11.0
868 3.0 12.0 4.0 12.0 3.0 11.0 4.0 11.0
869 4.0 12.0 5.0 12.0 4.0 11.0 5.0 11.0
870 5.0 12.0 6.0 12.0 5.0 11.0 6.0 11.0
871 6.0 12.0 7.0 12.0 6.0 11.0 7.0 11.0
872 7.0 12.0 8.0 12.0 7.0 11.0 8.0 11.0
873 8.0 12.0 9.0 12.0 8.0 11.0 9.0 11.0
874 9.0 12.0 10.0 12.0 9.0 11.0 10.0 11.0
875 10.0 12.0 11.0 12.0 10.0 11.0 11.0 11.0
876 11.0 12.0 12.0 12.0 11.0 11.0 12.0 11.0
877 12.0 12.0 13.0 12.0 12.0 11.0 13.0 11.0
878 13.0 12.0 14.0 12.0 13.0 11.0 14.0 11.0
879 14.0 12.0 15.0 12.0 14.0 11.0 15.0 11.0
880 15.0 12.0 16.0 12.0 15.0 11.0 16.0 11.0
881 16.0 12.0 17.0 12.0 16.0 11.0 17.0 11.0
882 17.0 12.0 18.0 12.0 17.0 11.0 18.0 11.0
883 18.0 12.0 19.0 12.0 18.0 11.0 19.0 11.0
884 19.0 12.0 20.0 12.0 19.0 11.0 20.0 11.0
885 20.0 12.0 21.0 12.0 20.0 11.0 21.0 11.0
886 21.0 12.0 22.0 12.0 21.0 11.0 22.0 11.0
887 22.0 12.0 23.0 12.0 22.0 11.0 23.0 11.0
888 23.0 12.0 24.0 12.0 23.0 11.0 24.0 11.0
889 24.0 12.0 25.0 12.0 24.0 11.0 25.0 11.0
890 25.0 12.0 26.0 12.0 25.0 11.0 26.0 11.0
891 26.0 12.0 27.0 12.0 26.0 11.0 27.0 11.0
892 27.0 12.0 28.0 12.0 27.0 11.0 28.0 11.0
893 28.0 12.0 29.0 12.0 28.0 11.0 29.0 11.0
894 29.0 12.0 30.0 12.0 29.0 11.0 30.0 11.0
895 30.0 12.0 31.0 12.0 30.0 11.0 31.0 11.0
896 31.0 12.0 32.0 12.0 31.0 11.0 32.0 11.0
897 32.0 12.0 33.0 12.0 32.0 11.0 33.0 11.0
898 33.0 12.0 34.0 12.0 33.0 11.0 34.0 11.0
899 34.0 12.0 35.0 12.0 34.0 11.0 35.0 11.0
900 35.0 12.0 36.0 12.0 35.0 11.0 36.0 11.0
901 0.0 11.0 1.0 11.0 0.0 10.0 1.0 10.0
902 1.0 11.0 2.0 11.0 1.0 10.0 2.0 10.0
903 2.0 11.0 3.0 11.0 2.0 10.0 3.0 10.0
904 3.0 11.0 4.0 11.0 3.0 10.0 4.0 10.0
905 4.0 11.0 5.0 11.0 4.0 10.0 5.0 10.0
906 5.0 11.0 6.0 11.0 5.0 10.0 6.0 10.0
907 6.0 11.0 7.0 11.0 6.0 10.0 7.0 10.0
908 7.0 11.0 8.0 11.0 7.0 10.0 8.0 10.0
909 8.0 11.0 9.0 11.0 8.0 10.0 9.0 10.0
910 9.0 11.0 10.0 11.0 9.0 10.0 10.0 10.0
911 10.0 11.0 11.0 11.0 10.0 10.0 11.0 10.0
912 11.0 11.0 12.0 11.0 11.0 10.0 12.0 10.0
913 12.0 11.0 13.0 11.0 12.0 10.0 13.0 10.0
914 13.0 11.0 14.0 11.0 13.0 10.0 14.0 10.0
915 14.0 11.0 15.0 11.0 14.0 10.0 15.0 10.0
916 15.0 11.0 16.0 11.0 15.0 10.0 16.0 10.0
917 16.0 11.0 17.0 11.0 16.0 10.0 17.0 10.0
918 17.0 11.0 18.0 11.0 17.0 10.0 18.0 10.0
919 18.0 11.0 19.0 11.0 18.0 10.0 19.0 10.0
920 19.0 11.0 20.0 11.0 19.0 10.0 20.0 10.0
921 20.0 11.0 21.0 11.0 20.0 10.0 21.0 10.0
922 21.0 11.0 22.0 11.0 21.0 10.0 22.0 10.0
923 22.0 11.0 23.0 11.0 22.0 10.0 23.0 10.0
924 23.0 11.0 24.0 11.0 23.0 10.0 24.0 10.0
925 24.0 11.0 25.0 11.0 24.0 10.0 25.0 10.0
926 25.0 11.0 26.0 11.0 25.0 10.0 26.0 10.0
927 26.0 11.0 27.0 11.0 26.0 10.0 27.0 10.0
928 27.0 11.0 28.0 11.0 27.0 10.0 28.0 10.0
929 28.0 11.0 29.0 11.0 28.0 10.0 29.0 10.0
930 29.0 11.0 30.0 11.0 29.0 10.0 30.0 10.0
931 30.0 11.0 31.0 11.0 30.0 10.0 31.0 10.0
932 31.0 11.0 32.0 11.0 31.0 10.0 32.0 10.0
933 32.0 11.0 33.0 11.0 32.0 10.0 33.0 10.0
934 33.0 11.0 34.0 11.0 33.0 10.0 34.0 10.0
935 34.0 11.0 35.0 11.0 34.0 10.0 35.0 10.0
936 35.0 11.0 36.0 11.0 35.0 10.0 36.0 10.0
937 0.0 10.0 1.0 10.0 0.0 9.0 1.0 9.0
938 1.0 10.0 2.0 10.0 1.0 9.0 2.0 9.0
939 2.0 10.0 3.0 10.0 2.0 9.0 3.0 9.0
940 3.0 10.0 4.0 10.0 3.0 9.0 4.0 9.0
941 4.0 10.0 5.0 10.0 4.0 9.0 5.0 9.0
942 5.0 10.0 6.0 10.0 5.0 9.0 6.0 9.0
943 6.0 10.0 7.0 10.0 6.0 9.0 7.0 9.0
944 7.0 10.0 8.0 10.0 7.0 9.0 8.0 9.0
945 8.0 10.0 9.0 10.0 8.0 9.0 9.0 9.0
946 9.0 10.0 10.0 10.0 9.0 9.0 10.0 9.0
947 10.0 10.0 11.0 10.0 10.0 9.0 11.0 9.0
948 11.0 10.0 12.0 10.0 11.0 9.0 12.0 9.0
949 12.0 10.0 13.0 10.0 12.0 9.0 13.0 9.0
950 13.0 10.0 14.0 10.0 13.0 9.0 14.0 9.0
951 14.0 10.0 15.0 10.0 14.0 9.0 15.0 9.0
952 15.0 10.0 16.0 10.0 15.0 9.0 16.0 9.0
953 16.0 10.0 17.0 10.0 16.0 9.0 17.0 9.0
954 17.0 10.0 18.0 10.0 17.0 9.0 18.0 9.0
955 18.0 10.0 19.0 10.0 18.0 9.0 19.0 9.0
956 19.0 10.0 20.0 10.0 19.0 9.0 20.0 9.0
957 20.0 10.0 21.0 10.0 20.0 9.0 21.0 9.0
958 21.0 10.0 22.0 10.0 21.0 9.0 22.0 9.0
959 22.0 10.0 23.0 10.0 22.0 9.0 23.0 9.0
960 23.0 10.0 24.0 10.0 23.0 9.0 24.0 9.0
961 24.0 10.0 25.0 10.0 24.0 9.0 25.0 9.0
962 25.0 10.0 26.0 10.0 25.0 9.0 26.0 9.0
963 26.0 10.0 27.0 10.0 26.0 9.0 27.0 9.0
964 27.0 10.0 28.0 10.0 27.0 9.0 28.0 9.0
965 28.0 10.0 29.0 10.0 28.0 9.0 29.0 9.0
966 29.0 10.0 30.0 10.0 29.0 9.0 30.0 9.0
967 30.0 10.0 31.0 10.0 30.0 9.0 31.0 9.0
968 31.0 10.0 32.0 10.0 31.0 9.0 32.0 9.0
969 32.0 10.0 33.0 10.0 32.0 9.0 33.0 9.0
970 33.0 10.0 34.0 10.0 33.0 9.0 34.0 9.0
971 34.0 10.0 35.0 10.0 34.0 9.0 35.0 9.0
972 35.0 10.0 36.0 10.0 35.0 9.0 36.0 9.0
973 0.0 9.0 1.0 9.0 0.0 8.0 1.0 8.0
974 1.0 9.0 2.0 9.0 1.0 8.0 2.0 8.0
975 2.0 9.0 3.0 9.0 2.0 8.0 3.0 8.0
976 3.0 9.0 4.0 9.0 3.0 8.0 4.0 8.0
977 4.0 9.0 5.0 9.0 4.0 8.0 5.0 8.0
978 5.0 9.0 6.0 9.0 5.0 8.0 6.0 8.0
979 6.0 9.0 7.0 9.0 6.0 8.0 7.0 8.0
980 7.0 9.0 8.0 9.0 7.0 8.0 8.0 8.0
981 8.0 9.0 9.0 9.0 8.0 8.0 9.0 8.0
982 9.0 9.0 10.0 9.0 9.0 8.0 10.0 8.0
983 10.0 9.0 11.0 9.0 10.0 8.0 11.0 8.0
984 11.0 9.0 12.0 9.0 11.0 8.0 12.0 8.0
985 12.0 9.0 13.0 9.0 12.0 8.0 13.0 8.0
986 13.0 9.0 14.0 9.0 13.0 8.0 14.0 8.0
987 14.0 9.0 15.0 9.0 14.0 8.0 15.0 8.0
988 15.0 9.0 16.0 9.0 15.0 8.0 16.0 8.0
989 16.0 9.0 17.0 9.0 16.0 8.0 17.0 8.0
990 17.0 9.0 18.0 9.0 17.0 8.0 18.0 8.0
991 18.0 9.0 19.0 9.0 18.0 8.0 19.0 8.0
992 19.0 9.0 20.0 9.0 19.0 8.0 20.0 8.0
993 20.0 9.0 21.0 9.0 20.0 8.0 21.0 8.0
994 21.0 9.0 22.0 9.0 21.0 8.0 22.0 8.0
995 22.0 9.0 23.0 9.0 22.0 8.0 23.0 8.0
996 23.0 9.0 24.0 9.0 23.0 8.0 24.0 8.0
997 24.0 9.0 25.0 9.0 24.0 8.0 25.0 8.0
998 25.0 9.0 26.0 9.0 25.0 8.0 26.0 8.0
999 26.0 9.0 27.0 9.0 26.0 8.0 27.0 8.0
1000 27.0 9.0 28.0 9.0 27.0 8.0 28.0 8.0
1001 28.0 9.0 29.0 9.0 28.0 8.0 29.0 8.0
1002 29.0 9.0 30.0 9.0 29.0 8.0 30.0 8.0
1003 30.0 9.0 31.0 9.0 30.0 8.0 31.0 8.0
1004 31.0 9.0 32.0 9.0 31.0 8.0 32.0 8.0
1005 32.0 9.0 33.0 9.0 32.0 8.0 33.0 8.0
1006 33.0 9.0 34.0 9.0 33.0 8.0 34.0 8.0
1007 34.0 9.0 35.0 9.0 34.0 8.0 35.0 8.0
1008 35.0 9.0 36.0 9.0 35.0 8.0 36.0 8.0
1009 0.0 8.0 1.0 8.0 0.0 7.0 1.0 7.0
1010 1.0 8.0 2.0 8.0 1.0 7.0 2.0 7.0
1011 2.0 8.0 3.0 8.0 2.0 7.0 3.0 7.0
1012 3.0 8.0 4.0 8.0 3.0 7.0 4.0 7.0
1013 4.0 8.0 5.0 8.0 4.0 7.0 5.0 7.0
1014 5.0 8.0 6.0 8.0 5.0 7.0 6.0 7.0
1015 6.0 8.0 7.0 8.0 6.0 7.0 7.0 7.0
1016 7.0 8.0 8.0 8.0 7.0 7.0 8.0 7.0
1017 8.0 8.0 9.0 8.0 8.0 7.0 9.0 7.0
1018 9.0 8.0 10.0 8.0 9.0 7.0 10.0 7.0
1019 10.0 8.0 11.0 8.0 10.0 7.0 11.0 7.0
1020 11.0 8.0 12.0 8.0 11.0 7.0 12.0 7.0
1021 12.0 8.0 13.0 8.0 12.0 7.0 13.0 7.0
1022 13.0 8.0 14.0 8.0 13.0 7.0 14.0 7.0
1023 14.0 8.0 15.0 8.0 14.0 7.0 15.0 7.0
1024 15.0 8.0 16.0 8.0 15.0 7.0 16.0 7.0
1025 16.0 8.0 17.0 8.0 16.0 7.0 17.0 7.0
1026 17.0 8.0 18.0 8.0 17.0 7.0 18.0 7.0
1027 18.0 8.0 19.0 8.0 18.0 7.0 19.0 7.0
1028 19.0 8.0 20.0 8.0 19.0 7.0 20.0 7.0
1029 20.0 8.0 21.0 8.0 20.0 7.0 21.0 7.0
1030 21.0 8.0 22.0 8.0 21.0 7.0 22.0 7.0
1031 22.0 8.0 23.0 8.0 22.0 7.0 23.0 7.0
1032 23.0 8.0 24.0 8.0 23.0 7.0 24.0 7.0
1033 24.0 8.0 25.0 8.0 24.0 7.0 25.0 7.0
1034 25.0 8.0 26.0 8.0 25.0 7.0 26.0 7.0
1035 26.0 8.0 27.0 8.0 26.0 7.0 27.0 7.0
1036 27.0 8.0 28.0 8.0 27.0 7.0 28.0 7.0
1037 28.0 8.0 29.0 8.0 28.0 7.0 29.0 7.0
1038 29.0 8.0 30.0 8.0 29.0 7.0 30.0 7.0
1039 30.0 8.0 31.0 8.0 30.0 7.0 31.0 7.0
1040 31.0 8.0 32.0 8.0 31.0 7.0 32.0 7.0
1041 32.0 8.0 33.0 8.0 32.0 7.0 33.0 7.0
1042 33.0 8.0 34.0 8.0 33.0 7.0 34.0 7.0
1043 34.0 8.0 35.0 8.0 34.0 7.0 35.0 7.0
1044 35.0 8.0 36.0 8.0 35.0 7.0 36.0 7.0
1045 0.0 7.0 1.0 7.0 0.0 6.0 1.0 6.0
1046 1.0 7.0 2.0 7.0 1.0 6.0 2.0 6.0
1047 2.0 7.0 3.0 7.0 2.0 6.0 3.0 6.0
1048 3.0 7.0 4.0 7.0 3.0 6.0 4.0 6.0
1049 4.0 7.0 5.0 7.0 4.0 6.0 5.0 6.0
1050 5.0 7.0 6.0 7.0 5.0 6.0 6.0 6.0
1051 6.0 7.0 7.0 7.0 6.0 6.0 7.0 6.0
1052 7.0 7.0 8.0 7.0 7.0 6.0 8.0 6.0
1053 8.0 7.0 9.0 7.0 8.0 6.0 9.0 6.0
1054 9.0 7.0 10.0 7.0 9.0 6.0 10.0 6.0
1055 10.0 7.0 11.0 7.0 10.0 6.0 11.0 6.0
1056 11.0 7.0 12.0 7.0 11.0 6.0 12.0 6.0
1057 12.0 7.0 13.0 7.0 12.0 6.0 13.0 6.0
1058 13.0 7.0 14.0 7.0 13.0 6.0 14.0 6.0
1059 14.0 7.0 15.0 7.0 14.0 6.0 15.0 6.0
1060 15.0 7.0 16.0 7.0 15.0 6.0 16.0 6.0
1061 16.0 7.0 17.0 7.0 16.0 6.0 17.0 6.0
1062 17.0 7.0 18.0 7.0 17.0 6.0 18.0 6.0
1063 18.0 7.0 19.0 7.0 18.0 6.0 19.0 6.0
1064 19.0 7.0 20.0 7.0 19.0 6.0 20.0 6.0
1065 20.0 7.0 21.0 7.0 20.0 6.0 21.0 6.0
1066 21.0 7.0 22.0 7.0 21.0 6.0 22.0 6.0
1067 22.0 7.0 23.0 7.0 22.0 6.0 23.0 6.0
1068 23.0 7.0 24.0 7.0 23.0 6.0 24.0 6.0
1069 24.0 7.0 25.0 7.0 24.0 6.0 25.0 6.0
1070 25.0 7.0 26.0 7.0 25.0 6.0 26.0 6.0
1071 26.0 7.0 27.0 7.0 26.0 6.0 27.0 6.0
1072 27.0 7.0 28.0 7.0 27.0 6.0 28.0 6.0
1073 28.0 7.0 29.0 7.0 28.0 6.0 29.0 6.0
1074 29.0 7.0 30.0 7.0 29.0 6.0 30.0 6.0
1075 30.0 7.0 31.0 7.0 30.0 6.0 31.0 6.0
1076 31.0 7.0 32.0 7.0 31.0 6.0 32.0 6.0
1077 32.0 7.0 33.0 7.0 32.0 6.0 33.0 6.0
1078 33.0 7.0 34.0 7.0 33.0 6.0 34.0 6.0
1079 34.0 7.0 35.0 7.0 34.0 6.0 35.0 6.0
1080 35.0 7.0 36.0 7.0 35.0 6.0 36.0 6.0
1081 0.0 6.0 1.0 6.0 0.0 5.0 1.0 5.0
1082 1.0 6.0 2.0 6.0 1.0 5.0 2.0 5.0
1083 2.0 6.0 3.0 6.0 2.0 5.0 3.0 5.0
1084 3.0 6.0 4.0 6.0 3.0 5.0 4.0 5.0
1085 4.0 6.0 5.0 6.0 4.0 5.0 5.0 5.0
1086 5.0 6.0 6.0 6.0 5.0 5.0 6.0 5.0
1087 6.0 6.0 7.0 6.0 6.0 5.0 7.0 5.0
1088 7.0 6.0 8.0 6.0 7.0 5.0 8.0 5.0
1089 8.0 6.0 9.0 6.0 8.0 5.0 9.0 5.0
1090 9.0 6.0 10.0 6.0 9.0 5.0 10.0 5.0
1091 10.0 6.0 11.0 6.0 10.0 5.0 11.0 5.0
1092 11.0 6.0 12.0 6.0 11.0 5.0 12.0 5.0
1093 12.0 6.0 13.0 6.0 12.0 5.0 13.0 5.0
1094 13.0 6.0 14.0 6.0 13.0 5.0 14.0 5.0
1095 14.0 6.0 15.0 6.0 14.0 5.0 15.0 5.0
1096 15.0 6.0 16.0 6.0 15.0 5.0 16.0 5.0
1097 16.0 6.0 17.0 6.0 16.0 5.0 17.0 5.0
1098 17.0 6.0 18.0 6.0 17.0 5.0 18.0 5.0
1099 18.0 6.0 19.0 6.0 18.0 5.0 19.0 5.0
1100 19.0 6.0 20.0 6.0 19.0 5.0 20.0 5.0
1101 20.0 6.0 21.0 6.0 20.0 5.0 21.0 5.0
1102 21.0 6.0 22.0 6.0 21.0 5.0 22.0 5.0
1103 22.0 6.0 23.0 6.0 22.0 5.0 23.0 5.0
1104 23.0 6.0 24.0 6.0 23.0 5.0 24.0 5.0
1105 24.0 6.0 25.0 6.0 24.0 5.0 25.0 5.0
1106 25.0 6.0 26.0 6.0 25.0 5.0 26.0 5.0
1107 26.0 6.0 27.0 6.0 26.0 5.0 27.0 5.0
1108 27.0 6.0 28.0 6.0 27.0 5.0 28.0 5.0
1109 28.0 6.0 29.0 6.0 28.0 5.0 29.0 5.0
1110 29.0 6.0 30.0 6.0 29.0 5.0 30.0 5.0
1111 30.0 6.0 31.0 6.0 30.0 5.0 31.0 5.0
1112 31.0 6.0 32.0 6.0 31.0 5.0 32.0 5.0
1113 32.0 6.0 33.0 6.0 32.0 5.0 33.0 5.0
1114 33.0 6.0 34.0 6.0 33.0 5.0 34.0 5.0
1115 34.0 6.0 35.0 6.0 34.0 5.0 35.0 5.0
1116 35.0 6.0 36.0 6.0 35.0 5.0 36.0 5.0
1117 0.0 5.0 1.0 5.0 0.0 4.0 1.0 4.0
1118 1.0 5.0 2.0 5.0 1.0 4.0 2.0 4.0
1119 2.0 5.0 3.0 5.0 2.0 4.0 3.0 4.0
1120 3.0 5.0 4.0 5.0 3.0 4.0 4.0 4.0
1121 4.0 5.0 5.0 5.0 4.0 4.0 5.0 4.0
1122 5.0 5.0 6.0 5.0 5.0 4.0 6.0 4.0
1123 6.0 5.0 7.0 5.0 6.0 4.0 7.0 4.0
1124 7.0 5.0 8.0 5.0 7.0 4.0 8.0 4.0
1125 8.0 5.0 9.0 5.0 8.0 4.0 9.0 4.0
1126 9.0 5.0 10.0 5.0 9.0 4.0 10.0 4.0
1127 10.0 5.0 11.0 5.0 10.0 4.0 11.0 4.0
1128 11.0 5.0 12.0 5.0 11.0 4.0 12.0 4.0
1129 12.0 5.0 13.0 5.0 12.0 4.0 13.0 4.0
1130 13.0 5.0 14.0 5.0 13.0 4.0 14.0 4.0
1131 14.0 5.0 15.0 5.0 14.0 4.0 15.0 4.0
1132 15.0 5.0 16.0 5.0 15.0 4.0 16.0 4.0
1133 16.0 5.0 17.0 5.0 16.0 4.0 17.0 4.0
1134 17.0 5.0 18.0 5.0 17.0 4.0 18.0 4.0
1135 18.0 5.0 19.0 5.0 18.0 4.0 19.0 4.0
1136 19.0 5.0 20.0 5.0 19.0 4.0 20.0 4.0
1137 20.0 5.0 21.0 5.0 20.0 4.0 21.0 4.0
1138 21.0 5.0 22.0 5.0 21.0 4.0 22.0 4.0
1139 22.0 5.0 23.0 5.0 22.0 4.0 23.0 4.0
1140 23.0 5.0 24.0 5.0 23.0 4.0 24.0 4.0
1141 24.0 5.0 25.0 5.0 24.0 4.0 25.0 4.0
1142 25.0 5.0 26.0 5.0 25.0 4.0 26.0 4.0
1143 26.0 5.0 27.0 5.0 26.0 4.0 27.0 4.0
1144 27.0 5.0 28.0 5.0 27.0 4.0 28.0 4.0
1145 28.0 5.0 29.0 5.0 28.0 4.0 29.0 4.0
1146 29.0 5.0 30.0 5.0 29.0 4.0 30.0 4.0
1147 30.0 5.0 31.0 5.0 30.0 4.0 31.0 4.0
1148 31.0 5.0 32.0 5.0 31.0 4.0 32.0 4.0
1149 32.0 5.0 33.0 5.0 32.0 4.0 33.0 4.0
1150 33.0 5.0 34.0 5.0 33.0 4.0 34.0 4.0
1151 34.0 5.0 35.0 5.0 34.0 4.0 35.0 4.0
1152 35.0 5.0 36.0 5.0 35.0 4.0 36.0 4.0
1153 0.0 4.0 1.0 4.0 0.0 3.0 1.0 3.0
1154 1.0 4.0 2.0 4.0 1.0 3.0 2.0 3.0
1155 2.0 4.0 3.0 4.0 2.0 3.0 3.0 3.0
1156 3.0 4.0 4.0 4.0 3.0 3.0 4.0 3.0
1157 4.0 4.0 5.0 4.0 4.0 3.0 5.0 3.0
1158 5.0 4.0 6.0 4.0 5.0 3.0 6.0 3.0
1159 6.0 4.0 7.0 4.0 6.0 3.0 7.0 3.0
1160 7.0 4.0 8.0 4.0 7.0 3.0 8.0 3.0
1161 8.0 4.0 9.0 4.0 8.0 3.0 9.0 3.0
1162 9.0 4.0 10.0 4.0 9.0 3.0 10.0 3.0
1163 10.0 4.0 11.0 4.0 10.0 3.0 11.0 3.0
1164 11.0 4.0 12.0 4.0 11.0 3.0 12.0 3.0
1165 12.0 4.0 13.0 4.0 12.0 3.0 13.0 3.0
1166 13.0 4.0 14.0 4.0 13.0 3.0 14.0 3.0
1167 14.0 4.0 15.0 4.0 14.0 3.0 15.0 3.0
1168 15.0 4.0 16.0 4.0 15.0 3.0 16.0 3.0
1169 16.0 4.0 17.0 4.0 16.0 3.0 17.0 3.0
1170 17.0 4.0 18.0 4.0 17.0 3.0 18.0 3.0
1171 18.0 4.0 19.0 4.0 18.0 3.0 19.0 3.0
1172 19.0 4.0 20.0 4.0 19.0 3.0 20.0 3.0
1173 20.0 4.0 21.0 4.0 20.0 3.0 21.0 3.0
1174 21.0 4.0 22.0 4.0 21.0 3.0 22.0 3.0
1175 22.0 4.0 23.0 4.0 22.0 3.0 23.0 3.0
1176 23.0 4.0 24.0 4.0 23.0 3.0 24.0 3.0
1177 24.0 4.0 25.0 4.0 24.0 3.0 25.0 3.0
1178 25.0 4.0 26.0 4.0 25.0 3.0 26.0 3.0
1179 26.0 4.0 27.0 4.0 26.0 3.0 27.0 3.0
1180 27.0 4.0 28.0 4.0 27.0 3.0 28.0 3.0
1181 28.0 4.0 29.0 4.0 28.0 3.0 29.0 3.0
1182 29.0 4.0 30.0 4.0 29.0 3.0 30.0 3.0
1183 30.0 4.0 31.0 4.0 30.0 3.0 31.0 3.0
1184 31.0 4.0 32.0 4.0 31.0 3.0 32.0 3.0
1185 32.0 4.0 33.0 4.0 32.0 3.0 33.0 3.0
1186 33.0 4.0 34.0 4.0 33.0 3.0 34.0 3.0
1187 34.0 4.0 35.0 4.0 34.0 3.0 35.0 3.0
1188 35.0 4.0 36.0 4.0 35.0 3.0 36.0 3.0
1189 0.0 3.0 1.0 3.0 0.0 2.0 1.0 2.0
1190 1.0 3.0 2.0 3.0 1.0 2.0 2.0 2.0
1191 2.0 3.0 3.0 3.0 2.0 2.0 3.0 2.0
1192 3.0 3.0 4.0 3.0 3.0 2.0 4.0 2.0
1193 4.0 3.0 5.0 3.0 4.0 2.0 5.0 2.0
1194 5.0 3.0 6.0 3.0 5.0 2.0 6.0 2.0
1195 6.0 3.0 7.0 3.0 6.0 2.0 7.0 2.0
1196 7.0 3.0 8.0 3.0 7.0 2.0 8.0 2.0
1197 8.0 3.0 9.0 3.0 8.0 2.0 9.0 2.0
1198 9.0 3.0 10.0 3.0 9.0 2.0 10.0 2.0
1199 10.0 3.0 11.0 3.0 10.0 2.0 11.0 2.0
1200 11.0 3.0 12.0 3.0 11.0 2.0 12.0 2.0
1201 12.0 3.0 13.0 3.0 12.0 2.0 13.0 2.0
1202 13.0 3.0 14.0 3.0 13.0 2.0 14.0 2.0
1203 14.0 3.0 15.0 3.0 14.0 2.0 15.0 2.0
1204 15.0 3.0 16.0 3.0 15.0 2.0 16.0 2.0
1205 16.0 3.0 17.0 3.0 16.0 2.0 17.0 2.0
1206 17.0 3.0 18.0 3.0 17.0 2.0 18.0 2.0
1207 18.0 3.0 19.0 3.0 18.0 2.0 19.0 2.0
1208 19.0 3.0 20.0 3.0 19.0 2.0 20.0 2.0
1209 20.0 3.0 21.0 3.0 20.0 2.0 21.0 2.0
1210 21.0 3.0 22.0 3.0 21.0 2.0 22.0 2.0
1211 22.0 3.0 23.0 3.0 22.0 2.0 23.0 2.0
1212 23.0 3.0 24.0 3.0 23.0 2.0 24.0 2.0
1213 24.0 3.0 25.0 3.0 24.0 2.0 25.0 2.0
1214 25.0 3.0 26.0 3.0 25.0 2.0 26.0 2.0
1215 26.0 3.0 27.0 3.0 26.0 2.0 27.0 2.0
1216 27.0 3.0 28.0 3.0 27.0 2.0 28.0 2.0
1217 28.0 3.0 29.0 3.0 28.0 2.0 29.0 2.0
1218 29.0 3.0 30.0 3.0 29.0 2.0 30.0 2.0
1219 30.0 3.0 31.0 3.0 30.0 2.0 31.0 2.0
1220 31.0 3.0 32.0 3.0 31.0 2.0 32.0 2.0
1221 32.0 3.0 33.0 3.0 32.0 2.0 33.0 2.0
1222 33.0 3.0 34.0 3.0 33.0 2.0 34.0 2.0
1223 34.0 3.0 35.0 3.0 34.0 2.0 35.0 2.0
1224 35.0 3.0 36.0 3.0 35.0 2.0 36.0 2.0
1225 0.0 2.0 1.0 2.0 0.0 1.0 1.0 1.0
1226 1.0 2.0 2.0 2.0 1.0 1.0 2.0 1.0
1227 2.0 2.0 3.0 2.0 2.0 1.0 3.0 1.0
1228 3.0 2.0 4.0 2.0 3.0 1.0 4.0 1.0
1229 4.0 2.0 5.0 2.0 4.0 1.0 5.0 1.0
1230 5.0 2.0 6.0 2.0 5.0 1.0 6.0 1.0
1231 6.0 2.0 7.0 2.0 6.0 1.0 7.0 1.0
1232 7.0 2.0 8.0 2.0 7.0 1.0 8.0 1.0
1233 8.0 2.0 9.0 2.0 8.0 1.0 9.0 1.0
1234 9.0 2.0 10.0 2.0 9.0 1.0 10.0 1.0
1235 10.0 2.0 11.0 2.0 10.0 1.0 11.0 1.0
1236 11.0 2.0 12.0 2.0 11.0 1.0 12.0 1.0
1237 12.0 2.0 13.0 2.0 12.0 1.0 13.0 1.0
1238 13.0 2.0 14.0 2.0 13.0 1.0 14.0 1.0
1239 14.0 2.0 15.0 2.0 14.0 1.0 15.0 1.0
1240 15.0 2.0 16.0 2.0 15.0 1.0 16.0 1.0
1241 16.0 2.0 17.0 2.0 16.0 1.0 17.0 1.0
1242 17.0 2.0 18.0 2.0 17.0 1.0 18.0 1.0
1243 18.0 2.0 19.0 2.0 18.0 1.0 19.0 1.0
1244 19.0 2.0 20.0 2.0 19.0 1.0 20.0 1.0
1245 20.0 2.0 21.0 2.0 20.0 1.0 21.0 1.0
1246 21.0 2.0 22.0 2.0 21.0 1.0 22.0 1.0
1247 22.0 2.0 23.0 2.0 22.0 1.0 23.0 1.0
1248 23.0 2.0 24.0 2.0 23.0 1.0 24.0 1.0
1249 24.0 2.0 25.0 2.0 24.0 1.0 25.0 1.0
1250 25.0 2.0 26.0 2.0 25.0 1.0 26.0 1.0
1251 26.0 2.0 27.0 2.0 26.0 1.0 27.0 1.0
1252 27.0 2.0 28.0 2.0 27.0 1.0 28.0 1.0
1253 28.0 2.0 29.0 2.0 28.0 1.0 29.0 1.0
1254 29.0 2.0 30.0 2.0 29.0 1.0 30.0 1.0
1255 30.0 2.0 31.0 2.0 30.0 1.0 31.0 1.0
1256 31.0 2.0 32.0 2.0 31.0 1.0 32.0 1.0
1257 32.0 2.0 33.0 2.0 32.0 1.0 33.0 1.0
1258 33.0 2.0 34.0 2.0 33.0 1.0 34.0 1.0
1259 34.0 2.0 35.0 2.0 34.0 1.0 35.0 1.0
1260 35.0 2.0 36.0 2.0 35.0 1.0 36.0 1.0
1261 0.0 1.0 1.0 1.0 0.0 0.0 1.0 0.0
1262 1.0 1.0 2.0 1.0 1.0 0.0 2.0 0.0
1263 2.0 1.0 3.0 1.0 2.0 0.0 3.0 0.0
1264 3.0 1.0 4.0 1.0 3.0 0.0 4.0 0.0
1265 4.0 1.0 5.0 1.0 4.0 0.0 5.0 0.0
1266 5.0 1.0 6.0 1.0 5.0 0.0 6.0 0.0
1267 6.0 1.0 7.0 1.0 6.0 0.0 7.0 0.0
1268 7.0 1.0 8.0 1.0 7.0 0.0 8.0 0.0
1269 8.0 1.0 9.0 1.0 8.0 0.0 9.0 0.0
1270 9.0 1.0 10.0 1.0 9.0 0.0 10.0 0.0
1271 10.0 1.0 11.0 1.0 10.0 0.0 11.0 0.0
1272 11.0 1.0 12.0 1.0 11.0 0.0 12.0 0.0
1273 12.0 1.0 13.0 1.0 12.0 0.0 13.0 0.0
1274 13.0 1.0 14.0 1.0 13.0 0.0 14.0 0.0
1275 14.0 1.0 15.0 1.0 14.0 0.0 15.0 0.0
1276 15.0 1.0 16.0 1.0 15.0 0.0 16.0 0.0
1277 16.0 1.0 17.0 1.0 16.0 0.0 17.0 0.0
1278 17.0 1.0 18.0 1.0 17.0 0.0 18.0 0.0
1279 18.0 1.0 19.0 1.0 18.0 0.0 19.0 0.0
1280 19.0 1.0 20.0 1.0 19.0 0.0 20.0 0.0
1281 20.0 1.0 21.0 1.0 20.0 0.0 21.0 0.0
1282 21.0 1.0 22.0 1.0 21.0 0.0 22.0 0.0
1283 22.0 1.0 23.0 1.0 22.0 0.0 23.0 0.0
1284 23.0 1.0 24.0 1.0 23.0 0.0 24.0 0.0
1285 24.0 1.0 25.0 1.0 24.0 0.0 25.0 0.0
1286 25.0 1.0 26.0 1.0 25.0 0.0 26.0 0.0
1287 26.0 1.0 27.0 1.0 26.0 0.0 27.0 0.0
1288 27.0 1.0 28.0 1.0 27.0 0.0 28.0 0.0
1289 28.0 1.0 29.0 1.0 28.0 0.0 29.0 0.0
1290 29.0 1.0 30.0 1.0 29.0 0.0 30.0 0.0
1291 30.0 1.0 31.0 1.0 30.0 0.0 31.0 0.0
1292 31.0 1.0 32.0 1.0 31.0 0.0 32.0 0.0
1293 32.0 1.0 33.0 1.0 32.0 0.0 33.0 0.0
1294 33.0 1.0 34.0 1.0 33.0 0.0 34.0 0.0
1295 34.0 1.0 35.0 1.0 34.0 0.0 35.0 0.0
1296 35.0 1.0 36.0 1.0 35.0 0.0 36.0 0.0
