customer weight Xc Yc
1 1.0 0.5 35.5
2 1.0 1.5 35.5
3 1.0 2.5 35.5
4 1.0 3.5 35.5
5 1.0 4.5 35.5
6 1.0 5.5 35.5
7 1.071 6.5 35.5
8 1.542 7.5 35.5
9 2.417 8.5 35.5
10 2.569 9.5 35.5
11 1.636 10.5 35.5
12 1.531 11.5 35.5
13 1.624 12.5 35.5
14 1.64 13.5 35.5
15 1.907 14.5 35.5
16 2.057 15.5 35.5
17 1.483 16.5 35.5
18 1.953 17.5 35.5
19 1.358 18.5 35.5
20 1.499 19.5 35.5
21 1.31 20.5 35.5
22 1.612 21.5 35.5
23 1.732 22.5 35.5
24 1.601 23.5 35.5
25 1.587 24.5 35.5
26 1.006 25.5 35.5
27 1.0 26.5 35.5
28 1.0 27.5 35.5
29 1.0 28.5 35.5
30 1.0 29.5 35.5
31 1.0 30.5 35.5
32 1.0 31.5 35.5
33 1.0 32.5 35.5
34 1.0 33.5 35.5
35 1.0 34.5 35.5
36 1.0 35.5 35.5
37 1.0 0.5 34.5
38 1.0 1.5 34.5
39 1.0 2.5 34.5
40 1.267 3.5 34.5
41 1.0 4.5 34.5
42 1.0 5.5 34.5
43 1.0 6.5 34.5
44 1.833 7.5 34.5
45 2.173 8.5 34.5
46 2.928 9.5 34.5
47 1.661 10.5 34.5
48 1.651 11.5 34.5
49 1.679 12.5 34.5
50 1.911 13.5 34.5
51 1.755 14.5 34.5
52 1.175 15.5 34.5
53 2.879 16.5 34.5
54 1.845 17.5 34.5
55 2.031 18.5 34.5
56 2.255 19.5 34.5
57 2.393 20.5 34.5
58 1.745 21.5 34.5
59 1.318 22.5 34.5
60 1.0 23.5 34.5
61 1.286 24.5 34.5
62 1.0 25.5 34.5
63 1.0 26.5 34.5
64 1.0 27.5 34.5
65 1.0 28.5 34.5
66 1.0 29.5 34.5
67 1.0 30.5 34.5
68 1.0 31.5 34.5
69 1.0 32.5 34.5
70 1.0 33.5 34.5
71 1.0 34.5 34.5
72 1.0 35.5 34.5
73 1.0 0.5 33.5
74 1.0 1.5 33.5
75 1.0 2.5 33.5
76 1.0 3.5 33.5
77 1.272 4.5 33.5
78 1.221 5.5 33.5
79 1.239 6.5 33.5
80 1.0 7.5 33.5
81 2.377 8.5 33.5
82 2.252 9.5 33.5
83 3.142 10.5 33.5
84 2.246 11.5 33.5
85 2.73 12.5 33.5
86 2.148 13.5 33.5
87 2.15 14.5 33.5
88 2.15 15.5 33.5
89 1.913 16.5 33.5
90 2.95 17.5 33.5
91 2.243 18.5 33.5
92 2.188 19.5 33.5
93 2.518 20.5 33.5
94 1.314 21.5 33.5
95 1.726 22.5 33.5
96 1.483 23.5 33.5
97 1.057 24.5 33.5
98 1.0 25.5 33.5
99 1.0 26.5 33.5
100 1.0 27.5 33.5
101 1.0 28.5 33.5
102 1.0 29.5 33.5
103 1.0 30.5 33.5
104 1.0 31.5 33.5
105 1.0 32.5 33.5
106 1.0 33.5 33.5
107 1.0 34.5 33.5
108 1.0 35.5 33.5
109 1.0 0.5 32.5
110 1.0 1.5 32.5
111 1.0 2.5 32.5
112 1.0 3.5 32.5
113 1.113 4.5 32.5
114 1.315 5.5 32.5
115 1.356 6.5 32.5
116 2.109 7.5 32.5
117 1.182 8.5 32.5
118 2.817 9.5 32.5
119 3.491 10.5 32.5
120 2.885 11.5 32.5
121 2.961 12.5 32.5
122 2.848 13.5 32.5
123 2.912 14.5 32.5
124 3.298 15.5 32.5
125 3.2 16.5 32.5
126 3.261 17.5 32.5
127 1.923 18.5 32.5
128 3.113 19.5 32.5
129 1.694 20.5 32.5
130 1.924 21.5 32.5
131 1.207 22.5 32.5
132 1.0 23.5 32.5
133 1.0 24.5 32.5
134 1.165 25.5 32.5
135 1.036 26.5 32.5
136 1.001 27.5 32.5
137 1.0 28.5 32.5
138 1.0 29.5 32.5
139 1.0 30.5 32.5
140 1.0 31.5 32.5
141 1.0 32.5 32.5
142 1.0 33.5 32.5
143 1.0 34.5 32.5
144 1.0 35.5 32.5
145 1.0 0.5 31.5
146 1.0 1.5 31.5
147 1.0 2.5 31.5
148 1.0 3.5 31.5
149 1.126 4.5 31.5
150 1.0 5.5 31.5
151 1.503 6.5 31.5
152 1.516 7.5 31.5
153 1.966 8.5 31.5
154 2.05 9.5 31.5
155 4.424 10.5 31.5
156 3.064 11.5 31.5
157 3.688 12.5 31.5
158 3.009 13.5 31.5
159 3.513 14.5 31.5
160 3.457 15.5 31.5
161 4.113 16.5 31.5
162 2.353 17.5 31.5
163 3.279 18.5 31.5
164 2.992 19.5 31.5
165 2.422 20.5 31.5
166 2.288 21.5 31.5
167 1.79 22.5 31.5
168 1.272 23.5 31.5
169 1.563 24.5 31.5
170 1.05 25.5 31.5
171 1.039 26.5 31.5
172 1.0 27.5 31.5
173 1.0 28.5 31.5
174 1.0 29.5 31.5
175 1.0 30.5 31.5
176 1.0 31.5 31.5
177 1.0 32.5 31.5
178 1.0 33.5 31.5
179 1.0 34.5 31.5
180 1.0 35.5 31.5
181 1.0 0.5 30.5
182 1.0 1.5 30.5
183 1.0 2.5 30.5
184 1.0 3.5 30.5
185 1.0 4.5 30.5
186 1.239 5.5 30.5
187 1.16 6.5 30.5
188 1.518 7.5 30.5
189 1.891 8.5 30.5
190 3.098 9.5 30.5
191 2.724 10.5 30.5
192 4.442 11.5 30.5
193 3.024 12.5 30.5
194 3.82 13.5 30.5
195 2.724 14.5 30.5
196 2.861 15.5 30.5
197 4.158 16.5 30.5
198 4.018 17.5 30.5
199 3.651 18.5 30.5
200 3.099 19.5 30.5
201 2.958 20.5 30.5
202 2.452 21.5 30.5
203 2.422 22.5 30.5
204 1.907 23.5 30.5
205 1.091 24.5 30.5
206 1.063 25.5 30.5
207 1.0 26.5 30.5
208 1.0 27.5 30.5
209 1.0 28.5 30.5
210 1.0 29.5 30.5
211 1.0 30.5 30.5
212 1.0 31.5 30.5
213 1.0 32.5 30.5
214 1.0 33.5 30.5
215 1.0 34.5 30.5
216 1.0 35.5 30.5
217 1.0 0.5 29.5
218 1.0 1.5 29.5
219 1.0 2.5 29.5
220 1.0 3.5 29.5
221 1.0 4.5 29.5
222 1.0 5.5 29.5
223 1.174 6.5 29.5
224 1.045 7.5 29.5
225 2.813 8.5 29.5
226 2.415 9.5 29.5
227 3.905 10.5 29.5
228 4.463 11.5 29.5
229 4.876 12.5 29.5
230 3.403 13.5 29.5
231 3.744 14.5 29.5
232 4.274 15.5 29.5
233 2.604 16.5 29.5
234 1.416 17.5 29.5
235 1.0 18.5 29.5
236 1.0 19.5 29.5
237 1.0 20.5 29.5
238 1.0 21.5 29.5
239 1.0 22.5 29.5
240 1.0 23.5 29.5
241 1.0 24.5 29.5
242 1.0 25.5 29.5
243 1.0 26.5 29.5
244 1.0 27.5 29.5
245 1.0 28.5 29.5
246 1.0 29.5 29.5
247 1.0 30.5 29.5
248 1.0 31.5 29.5
249 1.0 32.5 29.5
250 1.0 33.5 29.5
251 1.0 34.5 29.5
252 1.0 35.5 29.5
253 1.0 0.5 28.5
254 1.0 1.5 28.5
255 1.0 2.5 28.5
256 1.0 3.5 28.5
257 1.0 4.5 28.5
258 1.0 5.5 28.5
259 1.245 6.5 28.5
260 1.508 7.5 28.5
261 1.803 8.5 28.5
262 2.083 9.5 28.5
263 2.916 10.5 28.5
264 3.782 11.5 28.5
265 5.155 12.5 28.5
266 5.393 13.5 28.5
267 5.125 14.5 28.5
268 4.442 15.5 28.5
269 3.239 16.5 28.5
270 2.016 17.5 28.5
271 1.158 18.5 28.5
272 1.042 19.5 28.5
273 1.0 20.5 28.5
274 1.0 21.5 28.5
275 1.0 22.5 28.5
276 1.0 23.5 28.5
277 1.0 24.5 28.5
278 1.0 25.5 28.5
279 1.0 26.5 28.5
280 1.0 27.5 28.5
281 1.0 28.5 28.5
282 1.0 29.5 28.5
283 1.0 30.5 28.5
284 1.0 31.5 28.5
285 1.0 32.5 28.5
286 1.0 33.5 28.5
287 1.0 34.5 28.5
288 1.0 35.5 28.5
289 1.0 0.5 27.5
290 1.0 1.5 27.5
291 1.0 2.5 27.5
292 1.0 3.5 27.5
293 1.0 4.5 27.5
294 1.0 5.5 27.5
295 1.154 6.5 27.5
296 1.553 7.5 27.5
297 1.363 8.5 27.5
298 1.715 9.5 27.5
299 2.289 10.5 27.5
300 5.927 11.5 27.5
301 5.013 12.5 27.5
302 6.0 13.5 27.5
303 5.584 14.5 27.5
304 3.754 15.5 27.5
305 3.175 16.5 27.5
306 2.16 17.5 27.5
307 1.641 18.5 27.5
308 1.354 19.5 27.5
309 1.018 20.5 27.5
310 1.0 21.5 27.5
311 1.0 22.5 27.5
312 1.0 23.5 27.5
313 1.0 24.5 27.5
314 1.0 25.5 27.5
315 1.0 26.5 27.5
316 1.0 27.5 27.5
317 1.0 28.5 27.5
318 1.0 29.5 27.5
319 1.0 30.5 27.5
320 1.0 31.5 27.5
321 1.0 32.5 27.5
322 1.0 33.5 27.5
323 1.0 34.5 27.5
324 1.0 35.5 27.5
325 1.0 0.5 26.5
326 1.0 1.5 26.5
327 1.0 2.5 26.5
328 1.0 3.5 26.5
329 1.0 4.5 26.5
330 1.0 5.5 26.5
331 1.0 6.5 26.5
332 1.199 7.5 26.5
333 1.023 8.5 26.5
334 1.908 9.5 26.5
335 3.736 10.5 26.5
336 3.666 11.5 26.5
337 5.932 12.5 26.5
338 5.217 13.5 26.5
339 5.244 14.5 26.5
340 5.294 15.5 26.5
341 4.297 16.5 26.5
342 3.214 17.5 26.5
343 2.472 18.5 26.5
344 1.302 19.5 26.5
345 1.269 20.5 26.5
346 1.0 21.5 26.5
347 1.0 22.5 26.5
348 1.0 23.5 26.5
349 1.0 24.5 26.5
350 1.0 25.5 26.5
351 1.0 26.5 26.5
352 1.0 27.5 26.5
353 1.0 28.5 26.5
354 1.0 29.5 26.5
355 1.0 30.5 26.5
356 1.0 31.5 26.5
357 1.0 32.5 26.5
358 1.0 33.5 26.5
359 1.0 34.5 26.5
360 1.0 35.5 26.5
361 1.0 0.5 25.5
362 1.0 1.5 25.5
363 1.0 2.5 25.5
364 1.0 3.5 25.5
365 1.0 4.5 25.5
366 1.0 5.5 25.5
367 1.011 6.5 25.5
368 1.0 7.5 25.5
369 1.499 8.5 25.5
370 2.012 9.5 25.5
371 3.551 10.5 25.5
372 4.984 11.5 25.5
373 5.891 12.5 25.5
374 5.636 13.5 25.5
375 3.636 14.5 25.5
376 2.929 15.5 25.5
377 4.786 16.5 25.5
378 2.881 17.5 25.5
379 3.174 18.5 25.5
380 2.515 19.5 25.5
381 2.153 20.5 25.5
382 1.33 21.5 25.5
383 1.0 22.5 25.5
384 1.0 23.5 25.5
385 1.0 24.5 25.5
386 1.0 25.5 25.5
387 1.0 26.5 25.5
388 1.0 27.5 25.5
389 1.0 28.5 25.5
390 1.0 29.5 25.5
391 1.0 30.5 25.5
392 1.0 31.5 25.5
393 1.0 32.5 25.5
394 1.0 33.5 25.5
395 1.0 34.5 25.5
396 1.0 35.5 25.5
397 1.0 0.5 24.5
398 1.0 1.5 24.5
399 1.0 2.5 24.5
400 1.0 3.5 24.5
401 1.0 4.5 24.5
402 1.0 5.5 24.5
403 1.0 6.5 24.5
404 1.0 7.5 24.5
405 1.56 8.5 24.5
406 2.622 9.5 24.5
407 3.065 10.5 24.5
408 5.152 11.5 24.5
409 5.871 12.5 24.5
410 4.638 13.5 24.5
411 4.098 14.5 24.5
412 4.679 15.5 24.5
413 3.318 16.5 24.5
414 3.072 17.5 24.5
415 2.848 18.5 24.5
416 2.62 19.5 24.5
417 2.038 20.5 24.5
418 1.307 21.5 24.5
419 1.218 22.5 24.5
420 1.0 23.5 24.5
421 1.0 24.5 24.5
422 1.0 25.5 24.5
423 1.0 26.5 24.5
424 1.0 27.5 24.5
425 1.0 28.5 24.5
426 1.0 29.5 24.5
427 1.0 30.5 24.5
428 1.0 31.5 24.5
429 1.0 32.5 24.5
430 1.0 33.5 24.5
431 1.0 34.5 24.5
432 1.0 35.5 24.5
433 1.0 0.5 23.5
434 1.0 1.5 23.5
435 1.0 2.5 23.5
436 1.0 3.5 23.5
437 1.0 4.5 23.5
438 1.0 5.5 23.5
439 1.0 6.5 23.5
440 1.0 7.5 23.5
441 1.645 8.5 23.5
442 2.454 9.5 23.5
443 4.22 10.5 23.5
444 5.416 11.5 23.5
445 4.978 12.5 23.5
446 4.287 13.5 23.5
447 4.312 14.5 23.5
448 3.699 15.5 23.5
449 4.358 16.5 23.5
450 2.689 17.5 23.5
451 2.062 18.5 23.5
452 1.84 19.5 23.5
453 2.531 20.5 23.5
454 1.928 21.5 23.5
455 4.626 22.5 23.5
456 5.41 23.5 23.5
457 5.514 24.5 23.5
458 3.142 25.5 23.5
459 4.174 26.5 23.5
460 4.079 27.5 23.5
461 2.633 28.5 23.5
462 1.692 29.5 23.5
463 1.485 30.5 23.5
464 1.092 31.5 23.5
465 1.0 32.5 23.5
466 1.0 33.5 23.5
467 1.0 34.5 23.5
468 1.0 35.5 23.5
469 1.0 0.5 22.5
470 1.0 1.5 22.5
471 1.0 2.5 22.5
472 1.0 3.5 22.5
473 1.0 4.5 22.5
474 1.0 5.5 22.5
475 1.0 6.5 22.5
476 1.341 7.5 22.5
477 2.252 8.5 22.5
478 2.62 9.5 22.5
479 4.284 10.5 22.5
480 4.638 11.5 22.5
481 4.658 12.5 22.5
482 4.076 13.5 22.5
483 2.187 14.5 22.5
484 2.391 15.5 22.5
485 3.128 16.5 22.5
486 3.085 17.5 22.5
487 2.062 18.5 22.5
488 1.709 19.5 22.5
489 2.129 20.5 22.5
490 3.667 21.5 22.5
491 4.002 22.5 22.5
492 5.754 23.5 22.5
493 5.525 24.5 22.5
494 5.33 25.5 22.5
495 3.181 26.5 22.5
496 3.68 27.5 22.5
497 3.538 28.5 22.5
498 3.304 29.5 22.5
499 1.711 30.5 22.5
500 1.417 31.5 22.5
501 1.17 32.5 22.5
502 1.106 33.5 22.5
503 1.0 34.5 22.5
504 1.0 35.5 22.5
505 1.0 0.5 21.5
506 1.0 1.5 21.5
507 1.0 2.5 21.5
508 1.0 3.5 21.5
509 1.0 4.5 21.5
510 1.0 5.5 21.5
511 1.0 6.5 21.5
512 1.926 7.5 21.5
513 1.405 8.5 21.5
514 4.185 9.5 21.5
515 4.607 10.5 21.5
516 2.675 11.5 21.5
517 4.111 12.5 21.5
518 4.609 13.5 21.5
519 3.621 14.5 21.5
520 2.65 15.5 21.5
521 2.982 16.5 21.5
522 2.595 17.5 21.5
523 2.939 18.5 21.5
524 1.793 19.5 21.5
525 1.962 20.5 21.5
526 3.214 21.5 21.5
527 4.994 22.5 21.5
528 5.337 23.5 21.5
529 6.0 24.5 21.5
530 5.881 25.5 21.5
531 4.371 26.5 21.5
532 3.958 27.5 21.5
533 2.201 28.5 21.5
534 2.905 29.5 21.5
535 2.942 30.5 21.5
536 2.872 31.5 21.5
537 2.623 32.5 21.5
538 2.169 33.5 21.5
539 2.04 34.5 21.5
540 1.678 35.5 21.5
541 1.0 0.5 20.5
542 1.0 1.5 20.5
543 1.0 2.5 20.5
544 1.0 3.5 20.5
545 1.0 4.5 20.5
546 1.0 5.5 20.5
547 1.317 6.5 20.5
548 1.839 7.5 20.5
549 2.562 8.5 20.5
550 3.46 9.5 20.5
551 4.063 10.5 20.5
552 3.059 11.5 20.5
553 3.602 12.5 20.5
554 2.876 13.5 20.5
555 3.046 14.5 20.5
556 3.514 15.5 20.5
557 1.981 16.5 20.5
558 2.411 17.5 20.5
559 2.516 18.5 20.5
560 2.016 19.5 20.5
561 2.469 20.5 20.5
562 3.373 21.5 20.5
563 4.778 22.5 20.5
564 5.899 23.5 20.5
565 5.363 24.5 20.5
566 5.4 25.5 20.5
567 3.184 26.5 20.5
568 3.598 27.5 20.5
569 2.672 28.5 20.5
570 1.923 29.5 20.5
571 2.661 30.5 20.5
572 2.466 31.5 20.5
573 2.082 32.5 20.5
574 1.7 33.5 20.5
575 1.655 34.5 20.5
576 1.475 35.5 20.5
577 1.0 0.5 19.5
578 1.0 1.5 19.5
579 1.0 2.5 19.5
580 1.0 3.5 19.5
581 1.0 4.5 19.5
582 1.0 5.5 19.5
583 1.411 6.5 19.5
584 1.68 7.5 19.5
585 2.125 8.5 19.5
586 3.367 9.5 19.5
587 3.732 10.5 19.5
588 2.269 11.5 19.5
589 3.307 12.5 19.5
590 2.348 13.5 19.5
591 2.665 14.5 19.5
592 2.966 15.5 19.5
593 3.1 16.5 19.5
594 2.931 17.5 19.5
595 2.206 18.5 19.5
596 2.031 19.5 19.5
597 2.711 20.5 19.5
598 2.969 21.5 19.5
599 4.105 22.5 19.5
600 3.316 23.5 19.5
601 3.164 24.5 19.5
602 3.86 25.5 19.5
603 5.012 26.5 19.5
604 3.699 27.5 19.5
605 1.89 28.5 19.5
606 2.46 29.5 19.5
607 2.031 30.5 19.5
608 1.366 31.5 19.5
609 1.821 32.5 19.5
610 1.261 33.5 19.5
611 1.001 34.5 19.5
612 1.445 35.5 19.5
613 1.0 0.5 18.5
614 1.0 1.5 18.5
615 1.0 2.5 18.5
616 1.0 3.5 18.5
617 1.0 4.5 18.5
618 1.091 5.5 18.5
619 1.004 6.5 18.5
620 2.058 7.5 18.5
621 1.994 8.5 18.5
622 3.198 9.5 18.5
623 3.527 10.5 18.5
624 2.11 11.5 18.5
625 2.419 12.5 18.5
626 2.451 13.5 18.5
627 1.972 14.5 18.5
628 2.811 15.5 18.5
629 2.216 16.5 18.5
630 2.187 17.5 18.5
631 1.823 18.5 18.5
632 2.157 19.5 18.5
633 1.597 20.5 18.5
634 2.664 21.5 18.5
635 4.03 22.5 18.5
636 3.677 23.5 18.5
637 2.382 24.5 18.5
638 2.959 25.5 18.5
639 3.383 26.5 18.5
640 4.932 27.5 18.5
641 3.543 28.5 18.5
642 2.815 29.5 18.5
643 2.27 30.5 18.5
644 1.439 31.5 18.5
645 1.631 32.5 18.5
646 1.485 33.5 18.5
647 1.365 34.5 18.5
648 1.0 35.5 18.5
649 1.0 0.5 17.5
650 1.0 1.5 17.5
651 1.0 2.5 17.5
652 1.0 3.5 17.5
653 1.0 4.5 17.5
654 1.0 5.5 17.5
655 1.945 6.5 17.5
656 1.866 7.5 17.5
657 2.451 8.5 17.5
658 2.804 9.5 17.5
659 3.202 10.5 17.5
660 2.981 11.5 17.5
661 2.321 12.5 17.5
662 1.36 13.5 17.5
663 2.485 14.5 17.5
664 2.687 15.5 17.5
665 1.982 16.5 17.5
666 1.791 17.5 17.5
667 1.375 18.5 17.5
668 1.765 19.5 17.5
669 2.427 20.5 17.5
670 3.353 21.5 17.5
671 2.867 22.5 17.5
672 2.261 23.5 17.5
673 3.605 24.5 17.5
674 2.19 25.5 17.5
675 4.877 26.5 17.5
676 4.571 27.5 17.5
677 3.621 28.5 17.5
678 3.465 29.5 17.5
679 2.736 30.5 17.5
680 1.858 31.5 17.5
681 1.0 32.5 17.5
682 1.261 33.5 17.5
683 1.227 34.5 17.5
684 1.0 35.5 17.5
685 1.0 0.5 16.5
686 1.0 1.5 16.5
687 1.0 2.5 16.5
688 1.0 3.5 16.5
689 1.0 4.5 16.5
690 1.478 5.5 16.5
691 1.862 6.5 16.5
692 1.396 7.5 16.5
693 1.504 8.5 16.5
694 1.996 9.5 16.5
695 2.459 10.5 16.5
696 1.751 11.5 16.5
697 2.934 12.5 16.5
698 1.722 13.5 16.5
699 1.657 14.5 16.5
700 1.925 15.5 16.5
701 1.942 16.5 16.5
702 1.009 17.5 16.5
703 1.326 18.5 16.5
704 1.611 19.5 16.5
705 3.148 20.5 16.5
706 2.947 21.5 16.5
707 2.3 22.5 16.5
708 3.275 23.5 16.5
709 3.21 24.5 16.5
710 3.873 25.5 16.5
711 3.886 26.5 16.5
712 4.126 27.5 16.5
713 2.599 28.5 16.5
714 2.623 29.5 16.5
715 1.938 30.5 16.5
716 1.375 31.5 16.5
717 1.065 32.5 16.5
718 1.169 33.5 16.5
719 1.146 34.5 16.5
720 1.0 35.5 16.5
721 3.28 0.5 15.5
722 5.109 1.5 15.5
723 3.653 2.5 15.5
724 2.647 3.5 15.5
725 2.173 4.5 15.5
726 1.894 5.5 15.5
727 1.173 6.5 15.5
728 1.002 7.5 15.5
729 1.343 8.5 15.5
730 1.969 9.5 15.5
731 2.297 10.5 15.5
732 2.672 11.5 15.5
733 2.574 12.5 15.5
734 2.636 13.5 15.5
735 1.997 14.5 15.5
736 1.889 15.5 15.5
737 1.33 16.5 15.5
738 1.875 17.5 15.5
739 1.787 18.5 15.5
740 2.417 19.5 15.5
741 2.867 20.5 15.5
742 2.549 21.5 15.5
743 2.881 22.5 15.5
744 2.108 23.5 15.5
745 2.875 24.5 15.5
746 3.444 25.5 15.5
747 3.337 26.5 15.5
748 3.868 27.5 15.5
749 3.599 28.5 15.5
750 2.257 29.5 15.5
751 2.038 30.5 15.5
752 1.854 31.5 15.5
753 1.191 32.5 15.5
754 1.097 33.5 15.5
755 1.0 34.5 15.5
756 1.0 35.5 15.5
757 5.523 0.5 14.5
758 5.933 1.5 14.5
759 5.914 2.5 14.5
760 4.077 3.5 14.5
761 2.323 4.5 14.5
762 1.689 5.5 14.5
763 1.129 6.5 14.5
764 1.0 7.5 14.5
765 1.507 8.5 14.5
766 1.404 9.5 14.5
767 1.58 10.5 14.5
768 1.447 11.5 14.5
769 1.916 12.5 14.5
770 1.894 13.5 14.5
771 1.447 14.5 14.5
772 1.345 15.5 14.5
773 1.409 16.5 14.5
774 1.262 17.5 14.5
775 2.015 18.5 14.5
776 1.986 19.5 14.5
777 2.024 20.5 14.5
778 1.456 21.5 14.5
779 2.146 22.5 14.5
780 2.79 23.5 14.5
781 1.884 24.5 14.5
782 2.015 25.5 14.5
783 2.867 26.5 14.5
784 3.005 27.5 14.5
785 2.86 28.5 14.5
786 2.314 29.5 14.5
787 1.277 30.5 14.5
788 1.834 31.5 14.5
789 1.738 32.5 14.5
790 1.506 33.5 14.5
791 1.0 34.5 14.5
792 1.0 35.5 14.5
793 6.0 0.5 13.5
794 5.934 1.5 13.5
795 5.015 2.5 13.5
796 4.865 3.5 13.5
797 4.659 4.5 13.5
798 2.558 5.5 13.5
799 1.608 6.5 13.5
800 1.518 7.5 13.5
801 1.0 8.5 13.5
802 1.0 9.5 13.5
803 1.107 10.5 13.5
804 1.688 11.5 13.5
805 1.537 12.5 13.5
806 1.029 13.5 13.5
807 1.0 14.5 13.5
808 1.255 15.5 13.5
809 1.2 16.5 13.5
810 1.489 17.5 13.5
811 1.629 18.5 13.5
812 1.689 19.5 13.5
813 1.124 20.5 13.5
814 1.957 21.5 13.5
815 2.538 22.5 13.5
816 1.564 23.5 13.5
817 2.254 24.5 13.5
818 1.565 25.5 13.5
819 2.632 26.5 13.5
820 2.357 27.5 13.5
821 1.903 28.5 13.5
822 2.726 29.5 13.5
823 1.754 30.5 13.5
824 1.044 31.5 13.5
825 1.318 32.5 13.5
826 1.084 33.5 13.5
827 1.0 34.5 13.5
828 1.0 35.5 13.5
829 5.36 0.5 12.5
830 5.986 1.5 12.5
831 4.797 2.5 12.5
832 3.897 3.5 12.5
833 4.773 4.5 12.5
834 2.696 5.5 12.5
835 1.349 6.5 12.5
836 1.26 7.5 12.5
837 1.26 8.5 12.5
838 1.056 9.5 12.5
839 1.0 10.5 12.5
840 1.0 11.5 12.5
841 1.314 12.5 12.5
842 1.001 13.5 12.5
843 1.0 14.5 12.5
844 1.0 15.5 12.5
845 1.0 16.5 12.5
846 1.468 17.5 12.5
847 1.138 18.5 12.5
848 1.151 19.5 12.5
849 1.643 20.5 12.5
850 1.672 21.5 12.5
851 1.555 22.5 12.5
852 2.217 23.5 12.5
853 2.155 24.5 12.5
854 1.614 25.5 12.5
855 2.625 26.5 12.5
856 2.501 27.5 12.5
857 1.54 28.5 12.5
858 1.634 29.5 12.5
859 1.874 30.5 12.5
860 1.735 31.5 12.5
861 1.101 32.5 12.5
862 1.0 33.5 12.5
863 1.014 34.5 12.5
864 1.0 35.5 12.5
865 4.124 0.5 11.5
866 5.506 1.5 11.5
867 4.493 2.5 11.5
868 4.743 3.5 11.5
869 3.616 4.5 11.5
870 3.779 5.5 11.5
871 2.317 6.5 11.5
872 1.936 7.5 11.5
873 1.162 8.5 11.5
874 1.0 9.5 11.5
875 1.0 10.5 11.5
876 1.207 11.5 11.5
877 1.167 12.5 11.5
878 1.016 13.5 11.5
879 1.0 14.5 11.5
880 1.0 15.5 11.5
881 1.159 16.5 11.5
882 1.174 17.5 11.5
883 1.0 18.5 11.5
884 1.0 19.5 11.5
885 1.207 20.5 11.5
886 1.5 21.5 11.5
887 1.944 22.5 11.5
888 1.517 23.5 11.5
889 1.427 24.5 11.5
890 1.439 25.5 11.5
891 1.568 26.5 11.5
892 2.456 27.5 11.5
893 2.186 28.5 11.5
894 1.354 29.5 11.5
895 1.741 30.5 11.5
896 1.702 31.5 11.5
897 1.611 32.5 11.5
898 1.146 33.5 11.5
899 1.047 34.5 11.5
900 1.0 35.5 11.5
901 3.772 0.5 10.5
902 2.904 1.5 10.5
903 3.53 2.5 10.5
904 3.652 3.5 10.5
905 2.856 4.5 10.5
906 2.366 5.5 10.5
907 3.352 6.5 10.5
908 3.292 7.5 10.5
909 2.303 8.5 10.5
910 1.368 9.5 10.5
911 1.0 10.5 10.5
912 1.14 11.5 10.5
913 1.045 12.5 10.5
914 1.099 13.5 10.5
915 1.098 14.5 10.5
916 1.0 15.5 10.5
917 1.0 16.5 10.5
918 1.151 17.5 10.5
919 1.0 18.5 10.5
920 1.052 19.5 10.5
921 1.205 20.5 10.5
922 1.806 21.5 10.5
923 1.148 22.5 10.5
924 1.0 23.5 10.5
925 1.488 24.5 10.5
926 1.0 25.5 10.5
927 2.18 26.5 10.5
928 1.723 27.5 10.5
929 1.749 28.5 10.5
930 1.797 29.5 10.5
931 1.598 30.5 10.5
932 1.531 31.5 10.5
933 1.092 32.5 10.5
934 1.031 33.5 10.5
935 1.118 34.5 10.5
936 1.0 35.5 10.5
937 2.145 0.5 9.5
938 2.993 1.5 9.5
939 3.641 2.5 9.5
940 2.146 3.5 9.5
941 2.446 4.5 9.5
942 2.754 5.5 9.5
943 3.052 6.5 9.5
944 2.011 7.5 9.5
945 3.254 8.5 9.5
946 2.264 9.5 9.5
947 1.203 10.5 9.5
948 1.186 11.5 9.5
949 1.0 12.5 9.5
950 1.024 13.5 9.5
951 1.0 14.5 9.5
952 1.0 15.5 9.5
953 1.0 16.5 9.5
954 1.0 17.5 9.5
955 1.0 18.5 9.5
956 1.0 19.5 9.5
957 1.452 20.5 9.5
958 1.736 21.5 9.5
959 1.484 22.5 9.5
960 1.0 23.5 9.5
961 1.0 24.5 9.5
962 2.169 25.5 9.5
963 2.076 26.5 9.5
964 2.074 27.5 9.5
965 1.451 28.5 9.5
966 1.704 29.5 9.5
967 1.156 30.5 9.5
968 1.256 31.5 9.5
969 1.169 32.5 9.5
970 1.132 33.5 9.5
971 1.0 34.5 9.5
972 1.0 35.5 9.5
973 2.025 0.5 8.5
974 3.189 1.5 8.5
975 3.573 2.5 8.5
976 2.212 3.5 8.5
977 2.37 4.5 8.5
978 2.573 5.5 8.5
979 2.199 6.5 8.5
980 2.668 7.5 8.5
981 2.024 8.5 8.5
982 2.226 9.5 8.5
983 1.299 10.5 8.5
984 1.105 11.5 8.5
985 1.165 12.5 8.5
986 1.0 13.5 8.5
987 1.0 14.5 8.5
988 1.0 15.5 8.5
989 1.0 16.5 8.5
990 1.0 17.5 8.5
991 1.0 18.5 8.5
992 1.0 19.5 8.5
993 1.41 20.5 8.5
994 1.0 21.5 8.5
995 1.356 22.5 8.5
996 1.289 23.5 8.5
997 1.609 24.5 8.5
998 1.979 25.5 8.5
999 1.356 26.5 8.5
1000 1.843 27.5 8.5
1001 1.457 28.5 8.5
1002 1.0 29.5 8.5
1003 1.571 30.5 8.5
1004 1.034 31.5 8.5
1005 1.0 32.5 8.5
1006 1.084 33.5 8.5
1007 1.0 34.5 8.5
1008 1.0 35.5 8.5
1009 1.702 0.5 7.5
1010 2.66 1.5 7.5
1011 3.2 2.5 7.5
1012 2.862 3.5 7.5
1013 2.796 4.5 7.5
1014 1.601 5.5 7.5
1015 1.578 6.5 7.5
1016 2.324 7.5 7.5
1017 2.605 8.5 7.5
1018 2.444 9.5 7.5
1019 1.238 10.5 7.5
1020 1.174 11.5 7.5
1021 1.0 12.5 7.5
1022 1.051 13.5 7.5
1023 1.0 14.5 7.5
1024 1.0 15.5 7.5
1025 1.0 16.5 7.5
1026 1.0 17.5 7.5
1027 1.0 18.5 7.5
1028 1.026 19.5 7.5
1029 1.161 20.5 7.5
1030 1.246 21.5 7.5
1031 1.0 22.5 7.5
1032 1.147 23.5 7.5
1033 1.764 24.5 7.5
1034 1.55 25.5 7.5
1035 1.108 26.5 7.5
1036 1.618 27.5 7.5
1037 1.208 28.5 7.5
1038 1.386 29.5 7.5
1039 1.141 30.5 7.5
1040 1.0 31.5 7.5
1041 1.0 32.5 7.5
1042 1.017 33.5 7.5
1043 1.0 34.5 7.5
1044 1.0 35.5 7.5
1045 2.507 0.5 6.5
1046 1.711 1.5 6.5
1047 1.749 2.5 6.5
1048 2.43 3.5 6.5
1049 2.431 4.5 6.5
1050 2.022 5.5 6.5
1051 2.119 6.5 6.5
1052 1.577 7.5 6.5
1053 2.597 8.5 6.5
1054 1.386 9.5 6.5
1055 2.342 10.5 6.5
1056 2.123 11.5 6.5
1057 2.053 12.5 6.5
1058 2.01 13.5 6.5
1059 1.553 14.5 6.5
1060 1.0 15.5 6.5
1061 1.0 16.5 6.5
1062 1.0 17.5 6.5
1063 1.0 18.5 6.5
1064 1.0 19.5 6.5
1065 1.0 20.5 6.5
1066 1.0 21.5 6.5
1067 1.0 22.5 6.5
1068 1.747 23.5 6.5
1069 1.396 24.5 6.5
1070 1.453 25.5 6.5
1071 1.402 26.5 6.5
1072 1.195 27.5 6.5
1073 1.076 28.5 6.5
1074 1.292 29.5 6.5
1075 1.0 30.5 6.5
1076 1.0 31.5 6.5
1077 1.0 32.5 6.5
1078 1.0 33.5 6.5
1079 1.0 34.5 6.5
1080 1.0 35.5 6.5
1081 1.726 0.5 5.5
1082 1.385 1.5 5.5
1083 1.948 2.5 5.5
1084 1.253 3.5 5.5
1085 1.745 4.5 5.5
1086 1.312 5.5 5.5
1087 1.374 6.5 5.5
1088 2.415 7.5 5.5
1089 2.373 8.5 5.5
1090 1.926 9.5 5.5
1091 2.255 10.5 5.5
1092 1.48 11.5 5.5
1093 1.689 12.5 5.5
1094 1.226 13.5 5.5
1095 1.211 14.5 5.5
1096 1.102 15.5 5.5
1097 1.0 16.5 5.5
1098 1.0 17.5 5.5
1099 1.0 18.5 5.5
1100 1.0 19.5 5.5
1101 1.0 20.5 5.5
1102 1.0 21.5 5.5
1103 1.436 22.5 5.5
1104 1.276 23.5 5.5
1105 1.599 24.5 5.5
1106 1.041 25.5 5.5
1107 1.0 26.5 5.5
1108 1.0 27.5 5.5
1109 1.0 28.5 5.5
1110 1.079 29.5 5.5
1111 1.234 30.5 5.5
1112 1.0 31.5 5.5
1113 1.0 32.5 5.5
1114 1.0 33.5 5.5
1115 1.0 34.5 5.5
1116 1.0 35.5 5.5
1117 1.076 0.5 4.5
1118 1.04 1.5 4.5
1119 1.038 2.5 4.5
1120 1.258 3.5 4.5
1121 1.051 4.5 4.5
1122 1.713 5.5 4.5
1123 1.499 6.5 4.5
1124 2.29 7.5 4.5
1125 1.829 8.5 4.5
1126 1.592 9.5 4.5
1127 1.393 10.5 4.5
1128 1.859 11.5 4.5
1129 1.193 12.5 4.5
1130 1.595 13.5 4.5
1131 1.329 14.5 4.5
1132 1.0 15.5 4.5
1133 1.0 16.5 4.5
1134 1.0 17.5 4.5
1135 1.0 18.5 4.5
1136 1.0 19.5 4.5
1137 1.0 20.5 4.5
1138 1.434 21.5 4.5
1139 1.0 22.5 4.5
1140 1.205 23.5 4.5
1141 1.405 24.5 4.5
1142 1.481 25.5 4.5
1143 1.104 26.5 4.5
1144 1.0 27.5 4.5
1145 1.0 28.5 4.5
1146 1.0 29.5 4.5
1147 1.0 30.5 4.5
1148 1.0 31.5 4.5
1149 1.0 32.5 4.5
1150 1.0 33.5 4.5
1151 1.0 34.5 4.5
1152 1.0 35.5 4.5
1153 1.0 0.5 3.5
1154 1.07 1.5 3.5
1155 1.0 2.5 3.5
1156 1.0 3.5 3.5
1157 1.0 4.5 3.5
1158 1.0 5.5 3.5
1159 1.478 6.5 3.5
1160 1.471 7.5 3.5
1161 1.495 8.5 3.5
1162 1.707 9.5 3.5
1163 1.226 10.5 3.5
1164 1.094 11.5 3.5
1165 1.824 12.5 3.5
1166 1.0 13.5 3.5
1167 1.0 14.5 3.5
1168 1.0 15.5 3.5
1169 1.0 16.5 3.5
1170 1.0 17.5 3.5
1171 1.0 18.5 3.5
1172 1.0 19.5 3.5
1173 1.379 20.5 3.5
1174 1.104 21.5 3.5
1175 1.245 22.5 3.5
1176 1.18 23.5 3.5
1177 1.0 24.5 3.5
1178 1.214 25.5 3.5
1179 1.043 26.5 3.5
1180 1.0 27.5 3.5
1181 1.0 28.5 3.5
1182 1.0 29.5 3.5
1183 1.0 30.5 3.5
1184 1.0 31.5 3.5
1185 1.0 32.5 3.5
1186 1.0 33.5 3.5
1187 1.0 34.5 3.5
1188 1.0 35.5 3.5
1189 1.0 0.5 2.5
1190 1.0 1.5 2.5
1191 1.0 2.5 2.5
1192 1.0 3.5 2.5
1193 1.0 4.5 2.5
1194 1.183 5.5 2.5
1195 1.1 6.5 2.5
1196 1.002 7.5 2.5
1197 1.697 8.5 2.5
1198 1.569 9.5 2.5
1199 1.303 10.5 2.5
1200 1.325 11.5 2.5
1201 1.687 12.5 2.5
1202 1.628 13.5 2.5
1203 1.345 14.5 2.5
1204 1.0 15.5 2.5
1205 1.0 16.5 2.5
1206 1.0 17.5 2.5
1207 1.0 18.5 2.5
1208 1.205 19.5 2.5
1209 1.0 20.5 2.5
1210 1.0 21.5 2.5
1211 1.0 22.5 2.5
1212 1.0 23.5 2.5
1213 1.0 24.5 2.5
1214 1.0 25.5 2.5
1215 1.19 26.5 2.5
1216 1.111 27.5 2.5
1217 1.0 28.5 2.5
1218 1.0 29.5 2.5
1219 1.0 30.5 2.5
1220 1.0 31.5 2.5
1221 1.0 32.5 2.5
1222 1.0 33.5 2.5
1223 1.0 34.5 2.5
1224 1.0 35.5 2.5
1225 1.0 0.5 1.5
1226 1.0 1.5 1.5
1227 1.0 2.5 1.5
1228 1.0 3.5 1.5
1229 1.0 4.5 1.5
1230 1.159 5.5 1.5
1231 1.0 6.5 1.5
1232 1.596 7.5 1.5
1233 1.0 8.5 1.5
1234 1.0 9.5 1.5
1235 1.0 10.5 1.5
1236 1.483 11.5 1.5
1237 1.022 12.5 1.5
1238 1.0 13.5 1.5
1239 1.046 14.5 1.5
1240 1.092 15.5 1.5
1241 1.0 16.5 1.5
1242 1.0 17.5 1.5
1243 1.0 18.5 1.5
1244 1.0 19.5 1.5
1245 1.0 20.5 1.5
1246 1.0 21.5 1.5
1247 1.0 22.5 1.5
1248 1.0 23.5 1.5
1249 1.0 24.5 1.5
1250 1.1 25.5 1.5
1251 1.0 26.5 1.5
1252 1.0 27.5 1.5
1253 1.0 28.5 1.5
1254 1.0 29.5 1.5
1255 1.0 30.5 1.5
1256 1.0 31.5 1.5
1257 1.0 32.5 1.5
1258 1.0 33.5 1.5
1259 1.0 34.5 1.5
1260 1.0 35.5 1.5
1261 1.0 0.5 0.5
1262 1.0 1.5 0.5
1263 1.0 2.5 0.5
1264 1.0 3.5 0.5
1265 1.087 4.5 0.5
1266 1.099 5.5 0.5
1267 1.59 6.5 0.5
1268 1.102 7.5 0.5
1269 1.176 8.5 0.5
1270 1.118 9.5 0.5
1271 1.343 10.5 0.5
1272 1.13 11.5 0.5
1273 1.0 12.5 0.5
1274 1.0 13.5 0.5
1275 1.078 14.5 0.5
1276 1.0 15.5 0.5
1277 1.037 16.5 0.5
1278 1.0 17.5 0.5
1279 1.0 18.5 0.5
1280 1.0 19.5 0.5
1281 1.0 20.5 0.5
1282 1.0 21.5 0.5
1283 1.0 22.5 0.5
1284 1.0 23.5 0.5
1285 1.0 24.5 0.5
1286 1.0 25.5 0.5
1287 1.092 26.5 0.5
1288 1.019 27.5 0.5
1289 1.0 28.5 0.5
1290 1.0 29.5 0.5
1291 1.0 30.5 0.5
1292 1.0 31.5 0.5
1293 1.0 32.5 0.5
1294 1.0 33.5 0.5
1295 1.0 34.5 0.5
1296 1.0 35.5 0.5
