location subarea
1 17
2 76
3 49
4 117
5 121
6 78
7 91
8 40
9 87
10 320
11 249
12 6
13 71
14 32
15 238
16 61
17 236
18 30
19 232
20 170
21 168
22 100
23 121
24 245
25 282
26 74
27 178
28 58
29 162
30 301
31 104
32 217
33 297
34 240
35 203
36 292
37 176
38 61
39 144
40 134
41 38
42 70
43 91
44 258
45 138
46 126
47 277
48 112
49 5
50 224
51 41
52 162
53 177
54 324
55 202
56 248
57 69
58 151
59 80
60 178
61 128
62 63
63 15
64 199
65 139
66 85
67 212
68 205
69 130
70 113
71 68
72 54
73 131
74 27
75 20
76 134
77 321
78 176
79 135
80 235
81 120
82 103
83 54
84 111
85 77
86 46
87 273
88 219
89 116
90 319
91 144
92 128
93 104
94 163
95 74
96 187
97 158
98 253
99 162
100 257
101 165
102 128
103 162
104 98
105 134
106 101
107 275
108 36
109 192
110 247
111 323
112 61
113 245
114 273
115 160
116 44
117 149
118 287
119 53
120 224
121 324
122 49
123 85
124 212
125 244
126 228
127 224
128 125
129 86
130 125
131 97
132 323
133 236
134 99
135 26
136 140
137 218
138 294
139 121
140 105
141 144
142 202
143 162
144 3
145 50
146 260
147 193
148 265
149 38
150 212
151 21
152 110
153 277
154 65
155 225
156 144
157 82
158 316
159 292
160 141
161 310
162 168
163 191
164 7
165 294
166 203
167 212
168 12
169 22
170 181
171 66
172 202
173 31
174 137
175 31
176 6
177 145
178 15
179 155
180 140
181 39
182 82
183 290
184 265
185 245
186 151
187 160
188 221
189 270
190 166
191 20
192 283
193 104
194 247
195 149
196 24
197 118
198 314
199 259
200 270
201 36
202 88
203 173
204 10
205 95
206 187
207 24
208 259
209 144
210 198
211 290
212 241
213 62
214 293
215 42
216 68
217 281
218 221
219 35
220 76
221 48
222 199
223 121
224 182
225 132
226 209
227 40
228 269
229 276
230 64
231 226
232 116
233 44
234 41
235 7
236 221
237 53
238 55
239 270
240 53
241 1
242 159
243 182
244 208
245 260
246 34
247 132
248 263
249 96
250 123
251 194
252 129
253 246
254 116
255 179
256 28
257 105
258 104
259 292
260 107
261 267
262 146
263 44
264 10
265 109
266 214
267 25
268 89
269 181
270 108
271 216
272 34
273 18
274 206
275 87
276 247
277 208
278 185
279 322
280 101
281 236
282 63
283 204
284 249
285 236
286 191
287 204
288 254
289 148
290 93
291 219
292 78
293 79
294 158
295 235
296 221
297 255
298 167
299 107
300 231
301 102
302 138
303 127
304 102
305 249
306 219
307 158
308 305
309 28
310 112
311 7
312 132
313 34
314 323
315 273
316 206
317 196
318 225
319 182
320 260
321 218
322 242
323 292
324 246
325 73
326 238
327 108
328 166
329 119
330 264
331 164
332 249
333 105
334 29
335 93
336 228
337 250
338 255
339 84
340 135
341 48
342 84
343 267
344 242
345 100
346 119
347 136
348 117
349 316
350 140
351 158
352 287
353 171
354 99
355 230
356 313
357 59
358 301
359 186
360 177
361 79
362 176
363 96
364 45
365 196
366 288
367 175
368 297
369 262
370 17
371 115
372 251
373 298
374 235
375 237
376 221
377 122
378 20
379 137
380 226
381 178
382 271
383 76
384 1
385 65
386 148
387 220
388 166
389 143
390 50
391 224
392 140
393 240
394 284
395 240
396 39
397 106
398 151
399 2
400 172
401 161
402 146
403 157
404 142
405 139
406 133
407 46
408 320
409 143
410 75
411 108
412 182
413 242
414 120
415 38
416 276
417 189
418 48
419 239
420 56
421 163
422 92
423 215
424 21
425 244
426 251
427 229
428 285
429 256
430 197
431 161
432 273
433 187
434 1
435 9
436 147
437 281
438 53
439 218
440 16
441 262
442 75
443 68
444 243
445 226
446 178
447 295
448 231
449 322
450 95
451 50
452 125
453 110
454 149
455 76
456 220
457 99
458 93
459 99
460 107
461 285
462 149
463 310
464 68
465 107
466 242
467 48
468 267
469 251
470 118
471 39
472 287
473 168
474 13
475 81
476 121
477 206
478 256
479 309
480 221
481 151
482 103
483 185
484 8
485 92
486 95
487 176
488 234
489 289
490 186
491 152
492 161
493 95
494 222
495 216
496 246
497 182
498 290
499 26
500 44
501 267
502 170
503 102
504 18
505 2
506 251
507 169
508 299
509 237
510 154
511 277
512 48
513 114
514 144
515 46
516 229
517 236
518 14
519 315
520 304
521 17
522 168
523 241
524 53
525 44
526 7
527 128
528 186
529 240
530 29
531 237
532 247
533 220
534 205
535 196
536 9
537 205
538 206
539 167
540 225
541 40
542 100
543 169
544 83
545 6
546 302
547 238
548 97
549 52
550 202
551 319
552 93
553 130
554 146
555 259
556 182
557 138
558 244
559 195
560 94
561 257
562 302
563 63
564 231
565 76
566 221
567 43
568 29
569 176
570 193
571 291
572 235
573 203
574 181
575 123
576 41
577 52
578 70
579 321
580 31
581 110
582 313
583 131
584 102
585 161
586 54
587 102
588 292
589 157
590 42
591 257
592 284
593 291
594 130
595 108
596 130
597 241
598 111
599 296
600 20
601 15
602 85
603 162
604 97
605 296
606 108
607 131
608 47
609 267
610 297
611 240
612 138
613 158
614 282
615 307
616 285
617 212
618 196
619 226
620 70
621 45
622 261
623 188
624 172
625 34
626 307
627 34
628 88
629 160
630 300
631 224
632 252
633 107
634 157
635 19
636 315
637 152
638 324
639 189
640 230
641 13
642 108
643 11
644 292
645 24
646 310
647 234
648 191
649 314
650 124
651 55
652 235
653 173
654 23
655 79
656 198
657 98
658 231
659 287
660 7
661 53
662 47
663 61
664 235
665 153
666 128
667 57
668 132
669 165
670 224
671 18
672 196
673 196
674 183
675 209
676 194
677 74
678 306
679 198
680 90
681 197
682 324
683 119
684 264
685 305
686 80
687 194
688 289
689 11
690 272
691 176
692 286
693 244
694 135
695 221
696 190
697 265
698 57
699 44
700 247
701 29
702 280
703 31
704 150
705 138
706 301
707 171
708 3
709 183
710 30
711 3
712 138
713 106
714 158
715 196
716 4
717 32
718 107
719 204
720 149
721 88
722 169
723 119
724 131
725 291
726 318
727 184
728 215
729 261
730 309
731 301
732 276
733 257
734 2
735 186
736 40
737 60
738 64
739 271
740 220
741 16
742 213
743 201
744 319
745 232
746 137
747 237
748 110
749 267
750 224
751 166
752 195
753 175
754 100
755 36
756 200
757 113
758 28
759 169
760 203
761 156
762 210
763 214
764 71
765 75
766 23
767 213
768 13
769 53
770 171
771 74
772 292
773 56
774 307
775 200
776 251
777 63
778 179
779 148
780 245
781 106
782 296
783 76
784 278
785 11
786 134
787 53
788 249
789 86
790 56
791 295
792 303
793 110
794 66
795 113
796 83
797 303
798 307
799 167
800 103
801 292
802 209
803 32
804 91
805 112
806 80
807 109
808 241
809 324
810 147
811 66
812 242
813 111
814 122
815 272
816 103
817 229
818 24
819 291
820 171
821 26
822 86
823 215
824 69
825 293
826 180
827 306
828 236
829 163
830 84
831 273
832 149
833 243
834 233
835 132
836 192
837 282
838 5
839 29
840 66
841 62
842 316
843 168
844 265
845 311
846 294
847 83
848 185
849 187
850 247
851 127
852 68
853 110
854 268
855 130
856 204
857 263
858 246
859 290
860 88
861 316
862 16
863 180
864 156
865 206
866 298
867 204
868 197
869 125
870 308
871 272
872 3
873 168
874 281
875 108
876 46
877 200
878 109
879 64
880 179
881 104
882 11
883 139
884 161
885 286
886 139
887 187
888 274
889 186
890 191
891 146
892 63
893 100
894 54
895 158
896 187
897 85
898 130
899 53
900 234
901 114
902 4
903 132
904 256
905 195
906 86
907 97
908 98
909 224
910 178
911 20
912 77
913 130
914 28
915 279
916 236
917 260
918 20
919 92
920 312
921 167
922 312
923 145
924 160
925 145
926 310
927 204
928 138
929 70
930 174
931 99
932 78
933 74
934 21
935 268
936 101
937 321
938 38
939 301
940 253
941 324
942 304
943 304
944 219
945 210
946 284
947 253
948 274
949 270
950 162
951 273
952 103
953 214
954 75
955 122
956 61
957 33
958 69
959 293
960 80
961 130
962 281
963 251
964 137
965 96
966 118
967 89
968 45
969 68
970 200
971 78
972 70
973 84
974 28
975 261
976 106
977 81
978 170
979 207
980 257
981 115
982 128
983 245
984 201
985 197
986 186
987 49
988 45
989 172
990 323
991 86
992 219
993 223
994 33
995 201
996 224
997 283
998 313
999 22
1000 189
1001 74
1002 199
1003 283
1004 84
1005 242
1006 207
1007 136
1008 253
1009 182
1010 260
1011 129
1012 154
1013 11
1014 246
1015 225
1016 304
1017 109
1018 62
1019 286
1020 262
1021 237
1022 90
1023 167
1024 56
1025 95
1026 250
1027 207
1028 269
1029 138
1030 17
1031 176
1032 80
1033 242
1034 166
1035 157
1036 59
1037 79
1038 284
1039 89
1040 228
1041 322
1042 303
1043 261
1044 15
1045 262
1046 188
1047 187
1048 303
1049 92
1050 227
1051 220
1052 191
1053 175
1054 24
1055 48
1056 31
1057 307
1058 149
1059 142
1060 105
1061 99
1062 104
1063 161
1064 174
1065 250
1066 202
1067 132
1068 122
1069 9
1070 223
1071 44
1072 24
1073 102
1074 260
1075 270
1076 272
1077 237
1078 273
1079 218
1080 313
1081 298
1082 242
1083 252
1084 46
1085 113
1086 186
1087 234
1088 293
1089 241
1090 99
1091 204
1092 36
1093 9
1094 177
1095 248
1096 216
1097 77
1098 170
1099 220
1100 233
1101 21
1102 155
1103 263
1104 315
1105 87
1106 231
1107 79
1108 264
1109 115
1110 304
1111 51
1112 323
1113 214
1114 316
1115 24
1116 130
1117 224
1118 93
1119 165
1120 132
1121 173
1122 8
1123 19
1124 204
1125 261
1126 59
1127 6
1128 121
1129 129
1130 7
1131 57
1132 28
1133 194
1134 239
1135 95
1136 287
1137 81
1138 241
1139 23
1140 59
1141 100
1142 83
1143 122
1144 92
1145 198
1146 122
1147 117
1148 196
1149 76
1150 226
1151 233
1152 148
1153 231
1154 82
1155 234
1156 94
1157 182
1158 212
1159 181
1160 209
1161 81
1162 174
1163 43
1164 210
1165 300
1166 106
1167 168
1168 256
1169 38
1170 101
1171 215
1172 48
1173 300
1174 166
1175 293
1176 215
1177 264
1178 228
1179 147
1180 289
1181 19
1182 209
1183 93
1184 233
1185 50
1186 171
1187 121
1188 181
1189 260
1190 25
1191 280
1192 262
1193 311
1194 175
1195 29
1196 224
1197 299
1198 271
1199 99
1200 294
1201 26
1202 129
1203 136
1204 234
1205 289
1206 315
1207 45
1208 300
1209 308
1210 98
1211 13
1212 63
1213 35
1214 115
1215 200
1216 285
1217 313
1218 33
1219 284
1220 17
1221 47
1222 290
1223 107
1224 72
1225 230
1226 95
1227 276
1228 194
1229 104
1230 269
1231 86
1232 68
1233 227
1234 203
1235 223
1236 226
1237 186
1238 314
1239 324
1240 228
1241 15
1242 266
1243 288
1244 90
1245 193
1246 77
1247 255
1248 63
1249 246
1250 9
1251 69
1252 232
1253 225
1254 258
1255 30
1256 209
1257 92
1258 2
1259 13
1260 7
1261 226
1262 196
1263 204
1264 33
1265 284
1266 286
1267 177
1268 111
1269 131
1270 172
1271 318
1272 279
1273 76
1274 109
1275 130
1276 309
1277 224
1278 323
1279 44
1280 181
1281 201
1282 302
1283 95
1284 46
1285 239
1286 284
1287 83
1288 299
1289 295
1290 97
1291 13
1292 234
1293 160
1294 238
1295 158
1296 289
1297 149
1298 231
1299 78
1300 177
1301 315
1302 136
1303 145
1304 65
1305 78
1306 297
1307 222
1308 299
1309 190
1310 279
1311 196
1312 90
1313 37
1314 261
1315 264
1316 34
1317 105
1318 203
1319 188
1320 252
1321 79
1322 40
1323 311
1324 99
1325 208
1326 22
1327 241
1328 188
1329 106
1330 59
1331 104
1332 277
1333 165
1334 176
1335 30
1336 88
1337 87
1338 218
1339 154
1340 61
1341 92
1342 284
1343 280
1344 114
1345 193
1346 153
1347 122
1348 135
1349 68
1350 102
1351 283
1352 38
1353 25
1354 92
1355 169
1356 160
1357 298
1358 76
1359 118
1360 234
1361 197
1362 257
1363 202
1364 87
1365 103
1366 82
1367 198
1368 19
1369 211
1370 249
1371 237
1372 293
1373 104
1374 77
1375 54
1376 121
1377 69
1378 288
1379 55
1380 25
1381 180
1382 235
1383 227
1384 139
1385 31
1386 209
1387 147
1388 77
1389 162
1390 190
1391 114
1392 48
1393 41
1394 308
1395 203
1396 90
1397 156
1398 57
1399 310
1400 253
1401 304
1402 200
1403 176
1404 204
1405 44
1406 266
1407 11
1408 250
1409 152
1410 244
1411 306
1412 169
1413 93
1414 156
1415 248
1416 159
1417 215
1418 284
1419 35
1420 165
1421 80
1422 294
1423 276
1424 206
1425 138
1426 59
1427 42
1428 101
1429 252
1430 206
1431 300
1432 63
1433 5
1434 307
1435 247
1436 158
1437 186
1438 181
1439 80
1440 100
1441 20
1442 281
1443 9
1444 183
1445 43
1446 95
1447 87
1448 152
1449 189
1450 254
1451 70
1452 265
1453 187
1454 260
1455 285
1456 223
1457 131
1458 190
1459 297
1460 142
1461 63
1462 118
1463 35
1464 152
1465 187
1466 10
1467 84
1468 146
1469 227
1470 60
1471 280
1472 99
1473 28
1474 254
1475 34
1476 287
1477 271
1478 131
1479 176
1480 254
1481 124
1482 140
1483 130
1484 67
1485 245
1486 161
1487 57
1488 228
1489 227
1490 67
1491 40
1492 128
1493 24
1494 12
1495 41
1496 304
1497 283
1498 212
1499 194
1500 214
1501 61
1502 225
1503 153
1504 142
1505 281
1506 213
1507 131
1508 54
1509 21
1510 193
1511 136
1512 187
1513 224
1514 223
1515 126
1516 59
1517 51
1518 171
1519 120
1520 194
1521 48
1522 113
1523 132
1524 273
1525 191
1526 305
1527 312
1528 100
1529 305
1530 116
1531 188
1532 156
1533 90
1534 101
1535 87
1536 49
1537 85
1538 309
1539 93
1540 88
1541 292
1542 246
1543 303
1544 248
1545 311
1546 98
1547 291
1548 120
1549 234
1550 209
1551 32
1552 165
1553 27
1554 281
1555 313
1556 114
1557 38
1558 229
1559 248
1560 197
1561 27
1562 80
1563 205
1564 47
1565 269
1566 191
1567 90
1568 118
1569 19
1570 84
1571 97
1572 157
1573 256
1574 233
1575 80
1576 41
1577 145
1578 297
1579 279
1580 66
1581 310
1582 262
1583 207
1584 219
1585 8
1586 149
1587 25
1588 87
1589 76
1590 211
1591 307
1592 105
1593 319
1594 85
1595 132
1596 234
1597 160
1598 314
1599 169
1600 201
1601 161
1602 261
1603 13
1604 25
1605 197
1606 278
1607 217
1608 97
1609 206
1610 189
1611 270
1612 173
1613 64
1614 52
1615 220
1616 267
1617 315
1618 218
1619 153
1620 226
1621 299
1622 216
1623 115
1624 244
1625 279
1626 294
1627 175
1628 55
1629 3
1630 233
1631 110
1632 107
1633 122
1634 83
1635 7
1636 174
1637 301
1638 99
1639 313
1640 179
1641 259
1642 41
1643 180
1644 245
1645 224
1646 68
1647 206
1648 15
1649 162
1650 318
1651 27
1652 53
1653 220
1654 138
1655 78
1656 145
1657 250
1658 288
1659 192
1660 191
1661 138
1662 133
1663 58
1664 165
1665 289
1666 2
1667 99
1668 218
1669 144
1670 213
1671 214
1672 136
1673 280
1674 170
1675 301
1676 249
1677 209
1678 82
1679 279
1680 109
1681 34
1682 158
1683 129
1684 133
1685 308
1686 87
1687 77
1688 133
1689 39
1690 166
1691 149
1692 59
1693 110
1694 317
1695 206
1696 166
1697 71
1698 215
1699 252
1700 226
1701 63
1702 177
1703 1
1704 114
1705 129
1706 113
1707 105
1708 96
1709 294
1710 27
1711 73
1712 135
1713 177
1714 258
1715 43
1716 109
1717 181
1718 234
1719 139
1720 140
1721 213
1722 38
1723 145
1724 15
1725 315
1726 89
1727 95
1728 57
1729 32
1730 24
1731 10
1732 48
1733 172
1734 86
1735 176
1736 74
1737 202
1738 127
1739 263
1740 103
1741 171
1742 66
1743 227
1744 217
1745 208
1746 269
1747 195
1748 12
1749 104
1750 315
1751 100
1752 67
1753 321
1754 201
1755 182
1756 38
1757 46
1758 271
1759 101
1760 134
1761 77
1762 307
1763 237
1764 39
1765 113
1766 162
1767 193
1768 117
1769 308
1770 278
1771 143
1772 131
1773 320
1774 189
1775 25
1776 237
1777 191
1778 89
1779 285
1780 245
1781 108
1782 248
1783 149
1784 52
1785 192
1786 121
1787 212
1788 137
1789 261
1790 214
1791 266
1792 8
1793 106
1794 248
1795 116
1796 244
1797 221
1798 202
1799 284
1800 80
1801 84
1802 307
1803 49
1804 182
1805 127
1806 100
1807 289
1808 4
1809 108
1810 304
1811 196
1812 163
1813 97
1814 43
1815 52
1816 119
1817 122
1818 157
1819 161
1820 114
1821 76
1822 213
1823 140
1824 67
1825 39
1826 296
1827 282
1828 92
1829 99
1830 52
1831 277
1832 279
1833 121
1834 278
1835 55
1836 24
1837 89
1838 105
1839 76
1840 127
1841 324
1842 162
1843 291
1844 218
1845 111
1846 136
1847 130
1848 171
1849 108
1850 265
1851 109
1852 236
1853 229
1854 228
1855 145
1856 178
1857 302
1858 268
1859 109
1860 16
1861 90
1862 2
1863 188
1864 84
1865 147
1866 126
1867 290
1868 113
1869 121
1870 56
1871 17
1872 172
1873 316
1874 229
1875 266
1876 238
1877 57
1878 283
1879 132
1880 142
1881 114
1882 135
1883 146
1884 86
1885 164
1886 135
1887 92
1888 58
1889 27
1890 148
1891 228
1892 164
1893 147
1894 183
1895 96
1896 12
1897 307
1898 281
1899 268
1900 240
1901 41
1902 246
1903 127
1904 112
1905 54
1906 31
1907 85
1908 154
1909 319
1910 168
1911 191
1912 176
1913 126
1914 91
1915 64
1916 28
1917 81
1918 18
1919 79
1920 131
1921 249
1922 144
1923 87
1924 106
1925 121
1926 103
1927 8
1928 208
1929 202
1930 219
1931 41
1932 164
1933 137
1934 75
1935 248
1936 218
1937 141
1938 77
1939 301
1940 53
1941 239
1942 154
1943 129
1944 293
