location capacity Xf Yf
1 12.13 33.248 34.062
2 4.85 7.674 27.733
3 4.85 24.348 31.481
4 9.71 17.736 22.712
5 4.85 24.787 22.72
6 12.13 11.091 27.001
7 2.43 0.504 25.93
8 7.28 6.012 31.606
9 2.43 29.373 26.002
10 9.71 26.029 1.831
11 9.71 29.875 8.908
12 7.28 11.518 34.551
13 7.28 32.657 28.131
14 12.13 26.507 32.694
15 12.13 6.688 8.576
16 9.71 13.637 28.347
17 12.13 2.946 9.269
18 4.85 22.813 33.22
19 4.85 30.97 11.871
20 7.28 15.623 17.834
21 4.85 10.397 17.165
22 12.13 18.997 25.681
23 9.71 24.848 22.001
24 7.28 20.656 8.102
25 4.85 23.183 5.116
26 9.71 2.296 26.803
27 9.71 30.151 16.378
28 7.28 7.285 29.625
29 9.71 34.946 19.873
30 2.43 24.623 3.633
31 7.28 26.071 25.777
32 2.43 0.378 10.64
33 4.85 16.178 3.393
34 4.85 11.806 9.317
35 12.13 8.918 13.143
36 12.13 7.265 3.544
37 2.43 27.094 16.766
38 9.71 13.931 28.571
39 9.71 34.345 21.27
40 4.85 14.81 21.155
41 7.28 2.425 31.593
42 9.71 31.712 28.773
43 4.85 1.418 24.482
44 12.13 11.134 6.864
45 12.13 22.051 20.573
46 12.13 35.656 22.714
47 9.71 13.692 4.151
48 4.85 7.598 23.779
49 2.43 8.994 35.595
50 12.13 14.564 10.358
51 4.85 9.773 31.729
52 9.71 34.509 18.902
53 9.71 28.468 17.596
54 12.13 34.757 0.679
55 12.13 7.95 12.575
56 12.13 27.889 9.595
57 4.85 28.148 28.62
58 12.13 12.886 19.874
59 4.85 15.234 27.954
60 7.28 31.017 16.351
61 2.43 2.366 20.422
62 7.28 16.751 29.996
63 2.43 28.67 34.4
64 2.43 0.684 12.185
65 7.28 24.027 20.055
66 9.71 24.937 27.5
67 12.13 27.841 13.73
68 12.13 13.555 12.685
69 9.71 6.001 21.385
70 12.13 8.142 22.211
71 4.85 27.177 28.295
72 12.13 34.248 30.84
73 12.13 8.191 20.05
74 7.28 17.467 32.923
75 9.71 3.946 32.442
76 9.71 14.582 20.89
77 7.28 28.126 1.68
78 2.43 27.865 17.732
79 7.28 16.848 21.591
80 9.71 1.932 9.353
81 7.28 22.895 23.447
82 4.85 24.167 24.889
83 2.43 35.424 30.299
84 9.71 5.799 22.677
85 7.28 9.518 27.452
86 9.71 19.357 30.912
87 12.13 4.713 4.242
88 4.85 4.668 11.351
89 9.71 15.45 23.587
90 7.28 24.774 1.639
91 9.71 34.442 20.807
92 9.71 3.68 21.955
93 4.85 26.632 25.539
94 2.43 1.979 16.724
95 9.71 2.438 27.887
96 2.43 13.239 15.112
97 7.28 26.607 19.629
98 2.43 1.7 7.647
99 2.43 34.7 19.342
100 12.13 9.797 7.005
101 7.28 4.609 17.877
102 4.85 3.761 20.485
103 4.85 35.592 19.608
104 7.28 15.138 25.113
105 12.13 14.821 20.758
106 12.13 20.083 24.178
107 7.28 9.209 4.879
108 7.28 35.511 33.291
109 2.43 22.305 15.155
110 9.71 24.243 9.299
111 4.85 33.791 0.536
112 7.28 13.355 28.653
113 9.71 20.329 9.473
114 7.28 4.434 5.013
115 12.13 30.866 18.657
116 12.13 15.113 31.798
117 12.13 8.046 19.379
118 7.28 32.902 5.414
119 12.13 32.676 31.82
120 9.71 15.075 10.892
121 7.28 35.481 0.627
122 9.71 25.457 31.549
123 2.43 24.799 27.163
124 12.13 27.979 12.201
125 9.71 18.498 8.713
126 12.13 23.67 11.92
127 12.13 14.076 10.624
128 12.13 32.442 22.499
129 2.43 27.409 26.524
130 4.85 32.034 23.37
131 7.28 13.416 24.087
132 7.28 32.168 0.654
133 12.13 2.297 8.544
134 4.85 17.275 25.894
135 2.43 15.073 32.007
136 2.43 27.007 20.055
137 9.71 2.011 11.615
138 7.28 11.448 2.928
139 2.43 24.01 22.251
140 2.43 28.67 24.296
141 9.71 35.215 21.842
142 9.71 6.53 12.911
143 9.71 34.205 18.643
144 4.85 4.422 35.479
145 12.13 27.883 31.301
146 12.13 15.257 6.51
147 4.85 25.908 14.435
148 4.85 25.12 6.967
149 4.85 2.836 30.19
150 7.28 27.593 12.038
151 12.13 4.69 32.301
152 9.71 2.911 22.895
153 4.85 13.714 4.212
154 4.85 21.635 29.933
155 12.13 17.069 11.124
156 12.13 35.413 21.741
157 7.28 18.571 27.81
158 4.85 19.467 1.545
159 4.85 6.611 3.535
160 12.13 29.866 21.302
161 9.71 7.988 0.685
162 12.13 11.973 16.856
163 12.13 20.067 15.538
164 2.43 13.643 35.438
165 2.43 10.133 2.346
166 12.13 9.74 12.757
167 9.71 27.227 12.525
168 9.71 22.794 34.631
169 7.28 6.144 32.496
170 12.13 1.25 15.264
171 2.43 23.831 28.261
172 2.43 7.494 12.52
173 12.13 25.712 32.263
174 12.13 20.717 21.35
175 4.85 25.043 33.413
176 9.71 10.801 35.185
177 7.28 1.604 18.118
178 7.28 28.056 34.769
179 9.71 20.336 19.152
180 2.43 27.984 21.728
181 7.28 4.99 30.154
182 7.28 18.86 27.086
183 9.71 3.073 2.689
184 2.43 24.786 7.289
185 9.71 21.949 8.952
186 12.13 12.753 18.59
187 2.43 31.48 18.735
188 12.13 9.949 11.772
189 12.13 35.38 7.829
190 7.28 6.493 16.785
191 4.85 2.936 33.739
192 12.13 24.422 5.722
193 2.43 26.755 25.775
194 12.13 25.504 9.264
195 2.43 8.322 19.589
196 4.85 11.66 33.694
197 9.71 18.709 22.629
198 12.13 15.428 1.156
199 12.13 12.7 6.491
200 7.28 34.09 6.011
201 9.71 35.011 32.497
202 7.28 31.079 27.17
203 4.85 21.028 16.248
204 2.43 18.606 34.339
205 9.71 8.295 25.68
206 9.71 13.448 14.549
207 9.71 11.518 32.974
208 12.13 13.794 7.921
209 4.85 34.648 21.684
210 9.71 35.207 14.604
211 7.28 3.094 2.206
212 2.43 12.38 8.223
213 9.71 14.546 28.681
214 2.43 8.396 3.855
215 7.28 11.482 30.397
216 7.28 26.254 29.285
217 2.43 21.458 4.512
218 9.71 8.26 10.958
219 4.85 32.047 33.467
220 9.71 7.608 27.166
221 12.13 23.998 31.004
222 9.71 0.535 12.74
223 7.28 25.183 22.816
224 12.13 2.891 15.543
225 12.13 10.82 21.776
226 9.71 21.989 12.807
227 12.13 7.588 30.61
228 4.85 33.904 6.538
229 2.43 11.223 4.215
230 7.28 18.867 29.656
231 9.71 18.19 11.108
232 12.13 14.482 22.931
233 2.43 14.678 30.999
234 9.71 9.535 30.666
235 7.28 12.093 34.508
236 9.71 8.205 10.101
237 4.85 32.534 30.999
238 4.85 1.17 29.438
239 9.71 35.009 7.359
240 4.85 33.159 30.691
241 12.13 1.976 34.953
242 2.43 28.012 19.044
243 7.28 2.351 15.065
244 2.43 18.153 12.895
245 9.71 14.417 7.0
246 2.43 30.759 32.72
247 7.28 10.463 20.112
248 12.13 20.932 6.003
249 12.13 11.505 24.415
250 12.13 28.317 23.711
251 7.28 27.829 15.573
252 7.28 4.187 21.116
253 12.13 22.893 9.67
254 4.85 15.936 23.124
255 12.13 33.999 16.817
256 12.13 18.828 33.786
257 12.13 28.773 24.699
258 9.71 27.37 24.074
259 12.13 7.491 2.039
260 12.13 33.258 25.448
261 9.71 28.304 6.668
262 9.71 2.919 19.556
263 9.71 14.034 30.986
264 7.28 19.773 35.008
265 7.28 1.441 23.687
266 12.13 30.618 13.786
267 9.71 12.157 32.194
268 9.71 33.099 27.583
269 7.28 0.985 15.575
270 4.85 34.193 24.303
271 12.13 35.457 12.483
272 12.13 30.848 33.341
273 4.85 35.307 35.007
274 4.85 15.372 12.317
275 2.43 28.137 27.376
276 2.43 25.425 8.816
277 12.13 19.196 13.918
278 7.28 9.226 14.295
279 9.71 30.794 0.695
280 4.85 20.476 25.501
281 4.85 2.987 9.101
282 4.85 17.662 28.556
283 9.71 11.979 12.701
284 7.28 28.032 8.158
285 7.28 3.09 9.606
286 2.43 20.508 14.233
287 2.43 10.735 12.668
288 9.71 2.032 6.771
289 12.13 6.234 19.834
290 2.43 5.299 25.863
291 4.85 5.661 11.921
292 7.28 11.706 26.321
293 9.71 12.764 26.727
294 4.85 27.228 18.812
295 9.71 1.611 9.513
296 4.85 9.114 10.356
297 12.13 4.101 6.367
298 2.43 8.157 16.474
299 2.43 33.515 25.979
300 2.43 28.567 10.728
301 2.43 23.835 25.406
302 4.85 22.677 21.607
303 9.71 1.617 21.229
304 7.28 23.058 25.917
305 12.13 28.786 9.146
306 2.43 5.152 10.6
307 4.85 26.219 19.514
308 2.43 33.362 3.467
309 9.71 18.869 32.604
310 4.85 6.714 23.567
311 7.28 13.713 34.828
312 2.43 10.422 20.679
313 4.85 30.105 33.825
314 9.71 32.514 1.847
315 2.43 4.363 4.096
316 7.28 15.776 12.428
317 2.43 31.972 15.765
318 2.43 17.365 11.143
319 2.43 2.014 15.253
320 4.85 15.61 7.64
321 2.43 3.911 11.195
322 9.71 14.516 9.735
323 9.71 7.697 2.603
324 4.85 22.036 8.381
325 2.43 1.511 26.91
326 12.13 7.368 9.179
327 4.85 34.55 24.038
328 2.43 7.153 17.813
329 2.43 21.675 23.62
330 7.28 23.254 6.618
331 12.13 2.993 16.18
332 7.28 29.543 8.572
333 7.28 28.155 24.621
334 9.71 20.464 32.74
335 12.13 5.717 25.026
336 4.85 23.457 11.633
337 12.13 31.409 9.734
338 12.13 5.426 7.153
339 4.85 23.373 27.94
340 4.85 17.011 21.235
341 4.85 23.064 31.161
342 12.13 22.192 26.571
343 9.71 28.858 6.64
344 9.71 14.276 8.039
345 12.13 18.327 24.126
346 2.43 21.144 23.579
347 12.13 19.302 21.799
348 12.13 16.276 22.55
349 4.85 19.485 0.255
350 12.13 27.499 21.652
351 2.43 27.637 18.292
352 4.85 33.118 4.043
353 9.71 16.694 17.965
354 2.43 16.392 25.873
355 7.28 26.784 10.954
356 4.85 12.277 0.831
357 12.13 8.164 28.779
358 4.85 24.081 2.264
359 4.85 10.674 14.641
360 2.43 29.494 17.435
361 7.28 12.158 26.325
362 7.28 27.519 17.155
363 4.85 10.32 24.035
364 4.85 16.02 31.946
365 4.85 31.973 15.031
366 4.85 35.546 4.976
367 12.13 25.033 17.104
368 12.13 16.984 2.526
369 2.43 19.067 7.751
370 7.28 33.684 34.213
371 9.71 13.34 22.377
372 9.71 32.246 9.756
373 4.85 18.233 3.035
374 12.13 0.698 8.476
375 2.43 4.901 8.955
376 9.71 8.672 10.712
377 9.71 27.366 23.251
378 7.28 2.123 33.752
379 7.28 21.586 21.603
380 12.13 18.162 10.391
381 7.28 31.39 16.494
382 12.13 0.575 5.707
383 7.28 7.574 26.449
384 7.28 1.896 35.037
385 7.28 20.892 29.417
386 12.13 7.26 18.325
387 12.13 7.424 10.937
388 12.13 7.42 16.11
389 9.71 32.887 20.598
390 2.43 26.905 30.541
391 4.85 14.748 11.931
392 7.28 27.429 20.263
393 4.85 11.068 9.431
394 2.43 26.079 4.755
395 12.13 10.636 9.441
396 12.13 5.43 31.958
397 9.71 30.581 25.369
398 7.28 13.98 19.934
399 2.43 3.536 34.516
400 4.85 18.941 16.991
401 2.43 32.653 18.907
402 12.13 2.747 19.311
403 12.13 25.664 19.791
404 2.43 30.001 21.701
405 12.13 24.306 20.825
406 2.43 13.457 21.036
407 9.71 19.176 31.456
408 9.71 26.745 1.638
409 7.28 33.583 20.485
410 12.13 4.733 27.497
411 12.13 35.736 25.204
412 9.71 3.076 15.485
413 2.43 15.183 8.752
414 12.13 23.829 23.597
415 12.13 2.852 31.12
416 9.71 11.476 5.729
417 9.71 17.646 14.78
418 2.43 22.528 31.389
419 12.13 8.97 8.713
420 4.85 2.409 28.984
421 2.43 1.498 17.052
422 2.43 3.592 25.33
423 12.13 33.118 12.019
424 4.85 5.525 33.526
425 4.85 19.921 8.566
426 9.71 33.257 9.313
427 4.85 25.614 10.532
428 4.85 28.093 4.492
429 7.28 6.497 7.189
430 12.13 33.323 15.198
431 4.85 33.287 18.042
432 2.43 4.096 4.935
433 7.28 12.491 14.456
434 12.13 1.588 34.195
435 4.85 16.627 34.546
436 4.85 5.469 19.138
437 9.71 20.903 5.562
438 2.43 32.313 31.758
439 9.71 3.777 10.946
440 2.43 31.417 34.86
441 2.43 18.565 7.593
442 7.28 4.073 26.044
443 4.85 26.192 29.112
444 12.13 17.67 9.997
445 4.85 19.908 10.175
446 12.13 31.612 16.011
447 9.71 12.788 3.419
448 4.85 29.442 11.999
449 7.28 30.116 0.719
450 2.43 8.704 24.174
451 7.28 27.709 31.285
452 4.85 32.475 23.222
453 7.28 2.473 22.946
454 9.71 9.236 19.548
455 2.43 7.666 27.531
456 7.28 6.132 11.264
457 7.28 16.124 24.015
458 9.71 4.273 25.545
459 9.71 17.013 24.082
460 4.85 32.759 24.606
461 2.43 29.627 5.028
462 12.13 8.399 19.625
463 12.13 6.401 1.08
464 9.71 27.033 29.342
465 7.28 32.872 25.782
466 4.85 15.395 9.149
467 4.85 22.261 31.452
468 7.28 28.755 6.556
469 12.13 33.68 9.579
470 2.43 18.945 22.773
471 2.43 5.235 31.337
472 7.28 33.527 4.626
473 7.28 10.767 17.937
474 9.71 25.207 34.137
475 9.71 17.275 26.262
476 2.43 24.104 23.245
477 2.43 15.98 12.456
478 9.71 7.047 7.921
479 7.28 5.602 1.03
480 2.43 9.944 10.957
481 7.28 12.006 18.158
482 2.43 25.464 24.917
483 7.28 9.642 14.966
484 7.28 14.071 35.453
485 4.85 3.131 24.709
486 2.43 8.366 24.974
487 7.28 26.481 16.586
488 12.13 34.494 10.411
489 4.85 0.682 2.7
490 2.43 10.817 14.51
491 9.71 14.273 19.384
492 12.13 32.802 18.746
493 7.28 9.34 25.59
494 7.28 11.122 10.39
495 2.43 34.713 12.925
496 4.85 22.294 8.022
497 4.85 3.346 14.59
498 9.71 2.175 3.099
499 7.28 15.617 32.7
500 9.71 15.849 31.596
501 9.71 29.7 6.063
502 2.43 15.711 16.092
503 12.13 23.619 24.963
504 9.71 35.366 34.182
505 9.71 2.825 34.098
506 4.85 33.4 9.263
507 2.43 12.812 16.065
508 2.43 20.456 3.177
509 2.43 4.96 9.633
510 9.71 19.184 18.619
511 9.71 12.152 4.833
512 4.85 22.796 31.385
513 12.13 10.326 22.854
514 12.13 34.012 20.135
515 9.71 18.837 31.813
516 4.85 25.708 10.067
517 9.71 3.273 8.366
518 9.71 26.009 35.736
519 9.71 17.336 1.029
520 12.13 31.568 3.665
521 2.43 33.488 34.601
522 12.13 11.936 17.869
523 9.71 12.601 9.233
524 9.71 32.492 31.776
525 9.71 15.153 31.974
526 7.28 13.902 34.442
527 12.13 3.281 20.134
528 4.85 11.599 15.941
529 9.71 11.032 8.382
530 2.43 21.023 33.641
531 7.28 5.814 8.821
532 12.13 24.535 8.279
533 2.43 6.196 10.296
534 7.28 12.259 12.097
535 9.71 31.866 14.389
536 4.85 16.864 34.296
537 9.71 13.047 12.579
538 7.28 15.623 12.366
539 9.71 9.356 17.541
540 9.71 17.191 11.317
541 9.71 7.564 30.312
542 12.13 18.451 24.183
543 12.13 12.498 16.401
544 2.43 21.876 26.424
545 7.28 11.708 35.356
546 9.71 26.387 2.904
547 9.71 6.455 8.878
548 2.43 13.923 24.249
549 7.28 31.012 31.507
550 12.13 6.678 12.737
551 12.13 24.395 1.393
552 7.28 4.708 25.853
553 9.71 6.59 20.853
554 4.85 2.485 19.2
555 9.71 12.14 7.056
556 2.43 2.09 14.011
557 9.71 22.828 21.266
558 4.85 18.479 9.604
559 9.71 29.029 15.133
560 7.28 7.174 24.647
561 7.28 9.183 7.611
562 7.28 27.424 2.877
563 12.13 16.286 29.002
564 2.43 28.528 10.282
565 12.13 6.359 26.389
566 4.85 8.351 11.462
567 4.85 13.796 30.11
568 9.71 21.535 32.769
569 12.13 26.516 17.519
570 2.43 25.462 14.299
571 2.43 5.971 2.364
572 4.85 1.674 8.328
573 12.13 8.059 12.703
574 9.71 1.506 14.446
575 7.28 29.94 23.925
576 9.71 8.669 31.484
577 4.85 31.942 30.898
578 12.13 30.71 29.648
579 7.28 29.409 1.701
580 4.85 25.582 33.438
581 4.85 3.671 22.285
582 9.71 13.137 1.801
583 2.43 8.092 21.966
584 9.71 22.782 24.361
585 2.43 33.329 19.439
586 2.43 34.67 30.746
587 7.28 23.164 24.969
588 7.28 7.642 3.462
589 9.71 24.274 18.756
590 2.43 11.684 30.328
591 2.43 9.075 7.205
592 2.43 27.855 5.822
593 9.71 5.303 2.339
594 2.43 7.385 20.685
595 9.71 34.412 24.81
596 2.43 7.874 20.265
597 4.85 13.001 9.742
598 4.85 5.339 23.813
599 4.85 14.594 2.179
600 2.43 2.69 33.969
601 7.28 28.264 35.1
602 4.85 24.841 27.706
603 12.13 35.785 19.779
604 7.28 12.978 24.503
605 4.85 15.865 2.131
606 4.85 34.766 25.812
607 2.43 8.386 20.233
608 7.28 20.619 30.303
609 7.28 29.786 6.993
610 4.85 17.95 3.994
611 7.28 10.982 9.75
612 2.43 22.146 20.473
613 4.85 27.66 18.211
614 9.71 23.938 4.696
615 7.28 1.981 1.07
616 12.13 29.803 5.207
617 4.85 26.175 12.208
618 7.28 30.562 15.93
619 4.85 18.108 10.826
620 7.28 31.408 28.249
621 7.28 16.636 31.175
622 2.43 17.586 7.733
623 9.71 14.83 15.588
624 12.13 19.623 16.114
625 4.85 30.205 32.12
626 12.13 0.978 1.572
627 2.43 30.134 33.79
628 9.71 31.362 26.091
629 2.43 31.536 18.789
630 2.43 22.54 2.384
631 9.71 15.265 10.397
632 4.85 35.272 8.483
633 7.28 32.251 24.322
634 12.13 25.576 19.21
635 7.28 1.455 32.795
636 9.71 17.275 1.834
637 9.71 15.855 19.843
638 2.43 34.492 1.289
639 7.28 17.232 14.258
640 2.43 27.537 11.347
641 4.85 25.072 35.078
642 7.28 35.468 25.662
643 2.43 20.03 34.064
644 9.71 7.865 2.574
645 2.43 11.556 32.668
646 7.28 6.544 0.232
647 4.85 35.696 10.197
648 4.85 20.897 14.349
649 4.85 14.629 0.911
650 7.28 30.095 22.222
651 2.43 1.619 28.396
652 4.85 0.633 9.016
653 12.13 21.941 17.015
654 12.13 8.385 33.448
655 4.85 13.239 26.914
656 4.85 34.572 14.337
657 9.71 14.21 25.62
658 9.71 28.447 11.033
659 4.85 33.038 5.177
660 7.28 13.725 35.47
661 7.28 33.185 30.032
662 12.13 21.864 31.926
663 2.43 12.759 29.369
664 9.71 0.402 8.548
665 4.85 16.85 19.164
666 2.43 3.691 21.063
667 12.13 5.871 28.985
668 9.71 11.647 21.476
669 7.28 5.903 17.642
670 4.85 14.481 10.797
671 4.85 34.295 35.294
672 9.71 31.406 15.004
673 2.43 31.362 14.408
674 9.71 4.677 15.506
675 2.43 21.893 13.002
676 7.28 27.562 15.257
677 9.71 3.428 27.716
678 4.85 35.571 2.103
679 2.43 35.007 14.447
680 7.28 34.376 27.389
681 7.28 33.047 15.216
682 7.28 34.926 1.653
683 4.85 20.276 23.892
684 9.71 22.441 7.485
685 7.28 32.013 2.023
686 12.13 14.177 27.578
687 7.28 26.072 15.181
688 12.13 0.716 2.819
689 7.28 20.253 34.799
690 9.71 2.419 4.869
691 4.85 26.084 17.104
692 7.28 31.866 4.935
693 4.85 18.471 9.316
694 9.71 16.246 20.921
695 12.13 8.663 11.485
696 4.85 18.84 15.528
697 9.71 24.817 7.305
698 9.71 5.72 29.62
699 2.43 14.587 31.401
700 2.43 24.189 9.58
701 7.28 20.394 32.047
702 2.43 18.966 5.208
703 12.13 25.145 33.839
704 9.71 11.6 18.112
705 7.28 22.562 20.417
706 9.71 24.324 3.13
707 7.28 16.603 17.639
708 7.28 4.491 34.067
709 9.71 4.2 15.112
710 2.43 23.864 32.323
711 12.13 4.405 34.281
712 2.43 22.918 20.6
713 4.85 30.104 24.404
714 4.85 27.069 19.65
715 9.71 31.898 14.874
716 12.13 6.438 34.676
717 7.28 26.039 32.568
718 7.28 33.699 24.968
719 2.43 11.062 12.043
720 9.71 8.051 19.982
721 2.43 30.774 27.012
722 2.43 13.662 16.297
723 4.85 20.387 22.271
724 7.28 8.089 20.37
725 12.13 4.992 3.225
726 4.85 22.93 1.538
727 12.13 6.609 15.566
728 7.28 33.79 12.124
729 12.13 17.656 7.67
730 12.13 4.655 0.55
731 7.28 24.352 3.773
732 2.43 11.034 5.765
733 12.13 8.527 7.527
734 2.43 2.581 35.628
735 2.43 10.471 15.068
736 2.43 7.428 30.612
737 12.13 10.246 29.115
738 12.13 18.098 29.31
739 4.85 0.223 5.879
740 12.13 6.996 10.787
741 4.85 30.733 34.031
742 4.85 29.822 12.937
743 12.13 5.927 13.391
744 12.13 24.884 1.957
745 4.85 30.883 11.498
746 9.71 21.355 20.877
747 7.28 5.66 9.67
748 4.85 3.89 22.003
749 4.85 28.006 6.97
750 2.43 14.166 10.595
751 12.13 6.105 16.135
752 12.13 28.572 15.595
753 4.85 25.45 17.126
754 7.28 19.207 25.024
755 7.28 34.954 33.659
756 9.71 3.556 12.799
757 7.28 9.058 23.104
758 12.13 19.263 32.043
759 2.43 13.255 16.952
760 9.71 8.815 13.269
761 2.43 23.662 18.048
762 7.28 23.066 12.084
763 7.28 30.017 13.072
764 12.13 32.545 29.304
765 2.43 5.303 26.443
766 9.71 8.145 32.266
767 7.28 28.091 13.848
768 12.13 25.67 34.55
769 9.71 33.683 30.908
770 12.13 17.252 17.415
771 9.71 3.785 26.718
772 4.85 7.518 3.539
773 9.71 2.467 29.604
774 2.43 0.588 0.738
775 12.13 2.068 13.392
776 12.13 33.161 9.903
777 4.85 17.429 29.86
778 9.71 33.675 16.863
779 4.85 6.516 18.376
780 7.28 20.992 9.7
781 4.85 30.618 25.088
782 9.71 14.822 2.821
783 9.71 7.948 26.753
784 2.43 15.72 5.774
785 4.85 21.64 34.815
786 12.13 15.429 21.485
787 2.43 32.192 30.339
788 7.28 28.941 8.812
789 12.13 26.051 26.733
790 9.71 2.482 28.325
791 9.71 12.059 2.851
792 12.13 28.99 2.423
793 7.28 3.37 23.932
794 4.85 22.079 28.862
795 4.85 9.244 23.164
796 7.28 21.769 26.945
797 12.13 29.653 3.04
798 7.28 1.074 1.167
799 12.13 9.545 16.758
800 9.71 25.254 24.932
801 2.43 7.501 3.157
802 7.28 21.607 12.727
803 12.13 27.079 32.317
804 7.28 1.458 25.959
805 2.43 7.627 23.254
806 9.71 14.057 27.814
807 12.13 1.619 22.493
808 12.13 13.497 9.505
809 7.28 35.25 0.502
810 4.85 4.532 19.556
811 7.28 22.915 28.907
812 7.28 14.416 8.911
813 2.43 4.261 23.67
814 2.43 26.262 22.131
815 4.85 3.079 4.946
816 4.85 24.617 25.41
817 4.85 25.969 10.611
818 2.43 10.214 32.781
819 12.13 5.672 3.626
820 4.85 16.966 17.952
821 7.28 14.058 32.062
822 2.43 27.092 27.504
823 2.43 33.223 13.953
824 2.43 29.57 29.124
825 9.71 9.343 2.056
826 4.85 35.355 17.735
827 4.85 35.014 2.765
828 7.28 3.577 9.275
829 9.71 1.212 17.54
830 7.28 22.579 27.696
831 12.13 5.345 4.887
832 9.71 9.306 19.05
833 7.28 16.015 9.587
834 9.71 33.811 11.202
835 9.71 11.988 20.489
836 9.71 22.084 15.142
837 7.28 22.373 4.347
838 12.13 8.277 34.645
839 9.71 21.082 33.46
840 7.28 23.676 28.161
841 2.43 15.479 29.398
842 4.85 18.477 1.528
843 7.28 11.416 17.619
844 4.85 25.68 6.976
845 9.71 8.516 1.336
846 9.71 10.597 3.998
847 9.71 21.521 27.419
848 4.85 9.025 15.762
849 7.28 13.222 14.746
850 2.43 24.179 9.669
851 4.85 1.587 20.641
852 4.85 26.654 28.437
853 2.43 3.493 23.136
854 9.71 30.496 7.946
855 2.43 6.811 21.24
856 4.85 10.553 12.897
857 12.13 21.276 6.123
858 4.85 23.928 8.729
859 12.13 3.188 3.422
860 9.71 31.444 27.232
861 9.71 18.386 1.793
862 7.28 30.474 35.382
863 2.43 35.461 16.962
864 7.28 23.512 19.886
865 2.43 14.793 13.279
866 4.85 19.458 2.977
867 4.85 11.534 12.515
868 2.43 33.789 15.583
869 12.13 33.121 23.503
870 9.71 3.84 1.999
871 12.13 3.598 5.152
872 4.85 4.318 34.812
873 9.71 11.013 16.549
874 12.13 21.543 5.447
875 4.85 35.289 24.494
876 12.13 18.275 30.952
877 4.85 3.292 13.167
878 2.43 0.872 22.391
879 7.28 18.51 28.27
880 9.71 33.965 17.83
881 7.28 26.326 24.417
882 9.71 21.871 34.488
883 4.85 24.58 20.449
884 2.43 32.697 19.353
885 9.71 31.372 4.365
886 7.28 25.728 21.951
887 7.28 13.045 14.646
888 12.13 7.521 5.785
889 4.85 10.24 15.44
890 12.13 21.221 14.252
891 2.43 2.061 19.402
892 7.28 16.039 28.236
893 2.43 19.334 24.564
894 9.71 34.993 31.512
895 2.43 26.504 18.435
896 12.13 12.828 14.785
897 7.28 24.197 26.197
898 7.28 7.779 21.567
899 2.43 33.578 31.865
900 7.28 35.723 11.349
901 12.13 11.77 22.448
902 4.85 7.601 35.11
903 9.71 11.715 21.027
904 2.43 7.56 6.99
905 4.85 29.365 15.589
906 2.43 26.355 26.422
907 9.71 13.102 25.895
908 12.13 14.643 24.191
909 2.43 15.482 11.294
910 2.43 30.364 16.008
911 7.28 2.703 33.096
912 4.85 8.294 27.063
913 4.85 6.203 21.923
914 9.71 18.367 32.928
915 12.13 17.64 5.398
916 4.85 2.144 9.196
917 7.28 15.836 7.007
918 4.85 3.03 33.845
919 4.85 2.408 24.16
920 4.85 10.176 1.171
921 12.13 8.952 17.811
922 7.28 10.709 0.56
923 2.43 0.564 18.801
924 9.71 31.091 19.049
925 7.28 1.227 18.303
926 12.13 6.34 0.85
927 9.71 11.939 13.273
928 7.28 22.212 20.572
929 2.43 30.615 28.48
930 9.71 23.751 17.281
931 4.85 16.165 24.144
932 7.28 11.228 26.101
933 4.85 2.172 26.429
934 2.43 5.013 32.613
935 9.71 30.789 7.646
936 2.43 21.042 25.997
937 7.28 28.28 0.804
938 12.13 3.875 30.599
939 9.71 24.214 3.517
940 2.43 1.22 7.975
941 9.71 34.292 0.726
942 7.28 30.511 2.929
943 4.85 30.015 2.542
944 12.13 4.325 10.278
945 7.28 23.454 13.315
946 12.13 26.426 5.296
947 12.13 1.059 7.038
948 2.43 7.058 5.179
949 4.85 35.396 7.625
950 4.85 34.94 19.128
951 4.85 5.566 5.129
952 4.85 24.56 25.975
953 9.71 30.121 13.904
954 12.13 4.581 27.583
955 7.28 27.281 22.712
956 9.71 13.921 29.673
957 4.85 28.2 33.46
958 12.13 29.211 29.689
959 12.13 8.263 3.186
960 12.13 15.003 26.495
961 9.71 7.332 20.932
962 7.28 20.513 5.583
963 7.28 32.189 9.22
964 12.13 21.652 20.476
965 2.43 11.809 24.959
966 4.85 18.304 23.898
967 12.13 32.729 26.372
968 4.85 17.509 31.53
969 4.85 27.877 29.556
970 7.28 3.007 12.226
971 9.71 11.068 26.102
972 12.13 31.191 29.222
973 12.13 22.184 26.698
974 9.71 18.626 33.386
975 4.85 17.851 7.246
976 9.71 31.633 24.074
977 7.28 16.513 27.72
978 4.85 15.661 16.109
979 4.85 16.372 12.344
980 9.71 9.579 6.29
981 12.13 12.137 23.415
982 2.43 3.798 21.135
983 7.28 21.762 8.625
984 9.71 4.704 12.516
985 4.85 32.118 15.619
986 7.28 10.213 14.683
987 9.71 24.001 30.388
988 12.13 17.632 31.729
989 7.28 18.911 17.258
990 12.13 32.071 1.716
991 12.13 27.967 27.61
992 4.85 4.051 11.78
993 12.13 13.385 11.229
994 9.71 29.746 33.034
995 4.85 5.959 12.466
996 4.85 14.808 11.724
997 9.71 24.891 5.308
998 12.13 13.851 1.821
999 9.71 7.408 32.425
1000 9.71 17.807 14.465
1001 2.43 3.263 26.389
1002 9.71 0.5 13.712
1003 9.71 24.548 4.738
1004 4.85 22.991 26.142
1005 7.28 14.822 8.059
1006 4.85 17.836 13.749
1007 12.13 18.167 21.623
1008 2.43 0.788 6.902
1009 7.28 3.423 14.684
1010 4.85 14.153 6.613
1011 4.85 5.833 21.67
1012 7.28 19.895 19.539
1013 12.13 21.625 34.644
1014 4.85 23.445 8.483
1015 12.13 17.324 10.248
1016 7.28 30.444 3.022
1017 12.13 0.863 22.037
1018 4.85 15.448 29.025
1019 12.13 30.237 5.088
1020 2.43 19.801 6.32
1021 12.13 4.485 9.153
1022 12.13 34.762 27.608
1023 9.71 8.238 17.678
1024 4.85 3.651 28.335
1025 2.43 8.722 24.843
1026 12.13 30.657 9.897
1027 7.28 16.643 12.257
1028 2.43 32.949 6.744
1029 7.28 23.475 21.315
1030 4.85 33.952 35.068
1031 9.71 26.319 16.253
1032 2.43 15.706 26.501
1033 7.28 15.695 8.107
1034 9.71 6.404 17.15
1035 7.28 25.909 18.697
1036 12.13 9.015 29.495
1037 12.13 12.162 26.085
1038 12.13 26.365 4.267
1039 2.43 33.168 27.886
1040 12.13 22.587 10.733
1041 9.71 30.746 1.544
1042 2.43 29.37 2.121
1043 2.43 17.948 7.375
1044 12.13 29.025 35.237
1045 12.13 18.005 7.126
1046 12.13 14.62 15.21
1047 9.71 12.344 15.762
1048 7.28 28.25 3.118
1049 4.85 3.149 24.56
1050 4.85 21.685 11.055
1051 7.28 7.608 11.724
1052 4.85 21.051 15.21
1053 12.13 25.898 16.17
1054 7.28 11.262 32.845
1055 7.28 22.032 30.8
1056 9.71 24.035 32.641
1057 7.28 1.03 1.365
1058 9.71 8.077 19.375
1059 12.13 30.423 21.97
1060 4.85 28.953 25.877
1061 7.28 16.066 24.426
1062 7.28 26.399 24.566
1063 2.43 33.414 18.343
1064 9.71 22.496 17.153
1065 7.28 31.54 8.528
1066 9.71 7.357 12.035
1067 7.28 10.597 21.818
1068 2.43 27.559 23.046
1069 2.43 17.252 34.1
1070 7.28 12.234 11.37
1071 4.85 14.079 31.835
1072 9.71 11.617 32.243
1073 12.13 23.426 24.48
1074 9.71 15.028 7.764
1075 2.43 34.335 6.617
1076 12.13 2.414 4.489
1077 4.85 4.827 9.936
1078 7.28 4.734 5.474
1079 2.43 3.041 11.735
1080 2.43 13.796 0.32
1081 7.28 19.144 3.028
1082 12.13 15.903 9.792
1083 7.28 35.407 8.403
1084 2.43 18.586 30.501
1085 4.85 8.325 22.928
1086 9.71 11.683 15.117
1087 9.71 35.069 11.077
1088 9.71 9.806 3.988
1089 7.28 12.173 8.267
1090 12.13 17.276 25.177
1091 2.43 10.966 12.143
1092 12.13 35.143 32.381
1093 7.28 17.95 34.124
1094 7.28 29.798 17.785
1095 12.13 27.401 8.727
1096 12.13 35.041 12.015
1097 4.85 8.974 27.691
1098 4.85 14.456 16.894
1099 7.28 7.747 10.199
1100 9.71 32.12 11.857
1101 2.43 5.075 32.712
1102 2.43 20.897 18.347
1103 4.85 20.198 7.158
1104 7.28 17.581 1.807
1105 9.71 29.131 27.406
1106 7.28 29.901 11.892
1107 2.43 12.069 27.353
1108 12.13 22.88 7.697
1109 2.43 13.998 22.329
1110 4.85 31.202 3.998
1111 7.28 28.864 30.328
1112 4.85 32.613 0.958
1113 9.71 30.894 13.447
1114 7.28 19.912 1.43
1115 12.13 11.926 33.101
1116 12.13 7.63 21.558
1117 7.28 14.608 11.368
1118 4.85 5.163 25.635
1119 12.13 5.501 17.382
1120 4.85 11.065 21.562
1121 4.85 20.893 16.556
1122 9.71 15.98 34.525
1123 9.71 0.677 33.153
1124 9.71 10.3 13.43
1125 12.13 16.432 7.901
1126 2.43 8.52 28.128
1127 2.43 10.728 35.749
1128 9.71 24.785 23.773
1129 4.85 5.543 21.266
1130 12.13 13.824 35.223
1131 9.71 4.4 28.364
1132 12.13 19.668 32.304
1133 7.28 26.053 14.235
1134 12.13 8.456 9.104
1135 12.13 9.935 25.904
1136 4.85 32.339 4.5
1137 2.43 16.543 26.593
1138 2.43 12.385 8.788
1139 4.85 8.443 32.915
1140 12.13 8.158 29.324
1141 9.71 18.858 24.811
1142 4.85 20.168 27.414
1143 7.28 27.369 23.623
1144 12.13 3.526 25.333
1145 4.85 35.462 14.232
1146 12.13 26.377 22.577
1147 4.85 17.409 23.074
1148 12.13 30.786 14.516
1149 4.85 7.723 26.414
1150 2.43 18.254 11.652
1151 12.13 33.469 10.047
1152 4.85 7.784 18.762
1153 2.43 28.586 11.795
1154 4.85 19.037 27.387
1155 4.85 34.512 10.775
1156 9.71 7.749 25.09
1157 9.71 3.292 14.006
1158 4.85 26.35 12.791
1159 9.71 0.946 15.85
1160 12.13 20.572 13.155
1161 2.43 17.971 27.293
1162 12.13 23.441 17.494
1163 2.43 13.174 31.1
1164 2.43 23.494 13.09
1165 9.71 22.138 2.493
1166 2.43 31.713 25.337
1167 4.85 11.28 17.924
1168 2.43 7.479 6.801
1169 7.28 3.071 30.506
1170 9.71 21.439 24.149
1171 4.85 33.081 13.256
1172 4.85 23.15 31.58
1173 2.43 22.342 3.929
1174 7.28 6.441 16.955
1175 7.28 8.039 2.608
1176 12.13 33.77 12.017
1177 7.28 22.342 6.205
1178 2.43 23.853 10.775
1179 4.85 4.76 18.406
1180 9.71 0.881 3.375
1181 2.43 1.222 33.749
1182 2.43 20.805 13.51
1183 12.13 5.324 25.78
1184 9.71 32.891 11.064
1185 7.28 26.562 30.822
1186 9.71 17.578 16.316
1187 7.28 24.614 22.51
1188 2.43 0.351 14.14
1189 9.71 14.147 7.742
1190 4.85 12.146 32.106
1191 2.43 18.74 4.477
1192 7.28 18.223 7.611
1193 2.43 9.43 1.729
1194 4.85 25.823 16.73
1195 12.13 20.92 32.665
1196 2.43 15.181 10.376
1197 12.13 20.092 2.337
1198 9.71 1.514 4.431
1199 7.28 17.158 24.985
1200 4.85 10.637 2.572
1201 2.43 15.144 32.664
1202 4.85 5.03 20.578
1203 7.28 18.595 21.521
1204 4.85 34.424 11.429
1205 7.28 0.801 3.739
1206 2.43 17.561 1.916
1207 12.13 16.655 30.956
1208 12.13 22.66 3.709
1209 7.28 2.762 0.498
1210 2.43 15.216 24.202
1211 9.71 24.008 35.202
1212 2.43 17.509 29.781
1213 4.85 33.443 32.862
1214 7.28 13.94 23.782
1215 7.28 2.334 13.515
1216 4.85 29.831 5.958
1217 7.28 12.732 1.209
1218 12.13 28.389 33.948
1219 7.28 26.436 5.463
1220 2.43 33.47 35.409
1221 4.85 21.629 31.73
1222 4.85 2.812 2.832
1223 12.13 33.366 24.049
1224 9.71 35.406 29.17
1225 2.43 26.389 10.626
1226 2.43 9.123 25.893
1227 4.85 11.59 4.793
1228 2.43 27.178 14.352
1229 9.71 26.576 24.4
1230 9.71 33.686 6.436
1231 4.85 26.884 27.171
1232 9.71 27.531 29.006
1233 12.13 20.407 11.448
1234 12.13 8.952 12.214
1235 4.85 13.937 10.888
1236 7.28 19.301 11.851
1237 2.43 10.804 15.533
1238 9.71 14.031 0.414
1239 4.85 35.217 0.867
1240 2.43 22.638 11.542
1241 2.43 28.716 35.088
1242 9.71 26.025 6.043
1243 4.85 34.654 5.41
1244 4.85 35.401 27.382
1245 12.13 24.093 14.922
1246 2.43 8.714 26.082
1247 4.85 4.674 7.412
1248 2.43 17.941 29.342
1249 7.28 23.75 9.335
1250 9.71 17.478 35.276
1251 4.85 28.535 28.751
1252 2.43 31.462 11.579
1253 12.13 17.403 11.602
1254 7.28 11.311 7.264
1255 12.13 23.317 33.138
1256 2.43 20.81 12.515
1257 2.43 2.015 24.996
1258 12.13 3.166 34.547
1259 4.85 25.178 35.087
1260 7.28 13.823 35.257
1261 7.28 18.98 11.025
1262 9.71 30.38 15.209
1263 7.28 10.079 12.022
1264 9.71 29.68 32.311
1265 7.28 27.024 4.423
1266 12.13 30.797 4.456
1267 9.71 29.658 16.443
1268 2.43 5.509 22.652
1269 12.13 8.573 20.532
1270 4.85 19.211 17.383
1271 4.85 22.863 1.859
1272 7.28 16.346 5.579
1273 7.28 7.84 27.314
1274 4.85 1.835 23.328
1275 12.13 7.819 20.871
1276 2.43 4.684 1.505
1277 7.28 15.852 11.181
1278 4.85 32.732 0.364
1279 2.43 14.13 31.09
1280 9.71 1.637 15.846
1281 12.13 5.234 12.194
1282 9.71 27.116 3.18
1283 4.85 9.069 24.719
1284 9.71 19.034 30.994
1285 4.85 9.824 8.461
1286 7.28 26.895 4.286
1287 7.28 21.896 27.903
1288 12.13 21.967 2.205
1289 7.28 13.572 3.439
1290 12.13 12.018 24.299
1291 9.71 24.177 35.597
1292 7.28 34.198 10.894
1293 4.85 31.391 19.107
1294 12.13 6.655 9.639
1295 2.43 26.79 18.61
1296 2.43 1.293 3.007
1297 7.28 9.857 19.484
1298 12.13 29.494 10.506
1299 7.28 10.352 26.171
1300 9.71 28.818 16.432
1301 12.13 17.067 1.258
1302 4.85 18.753 20.276
1303 12.13 1.894 19.82
1304 12.13 20.159 29.385
1305 2.43 10.996 26.347
1306 4.85 16.206 2.348
1307 7.28 10.003 11.354
1308 9.71 20.694 3.347
1309 2.43 20.0 14.652
1310 7.28 17.453 5.617
1311 9.71 30.938 14.713
1312 2.43 34.702 26.937
1313 2.43 0.726 30.108
1314 7.28 17.684 7.772
1315 12.13 22.467 7.968
1316 12.13 31.752 33.991
1317 7.28 28.812 24.081
1318 7.28 8.278 12.859
1319 2.43 14.468 14.531
1320 2.43 34.799 8.649
1321 2.43 12.178 27.176
1322 4.85 7.445 31.165
1323 4.85 9.307 1.217
1324 4.85 17.991 24.196
1325 9.71 19.904 12.937
1326 7.28 7.238 33.56
1327 2.43 12.321 9.261
1328 4.85 14.225 15.091
1329 12.13 31.758 25.7
1330 7.28 9.798 28.445
1331 4.85 27.174 25.089
1332 2.43 13.765 5.155
1333 7.28 5.384 17.162
1334 7.28 27.135 17.745
1335 2.43 23.519 32.286
1336 7.28 31.505 27.192
1337 2.43 28.575 27.36
1338 12.13 3.062 10.578
1339 4.85 19.835 18.935
1340 7.28 12.042 28.872
1341 9.71 2.565 24.378
1342 9.71 27.532 5.975
1343 9.71 18.031 4.115
1344 12.13 11.862 23.712
1345 7.28 24.678 14.649
1346 9.71 16.881 19.642
1347 4.85 27.485 23.584
1348 9.71 17.168 21.613
1349 2.43 26.396 29.661
1350 4.85 23.44 25.916
1351 4.85 25.053 4.212
1352 4.85 3.883 30.063
1353 7.28 12.501 33.158
1354 4.85 3.816 24.519
1355 4.85 13.585 17.106
1356 7.28 30.29 18.574
1357 12.13 18.889 3.108
1358 12.13 7.971 26.312
1359 4.85 19.788 23.993
1360 4.85 35.174 11.25
1361 12.13 33.398 15.621
1362 2.43 9.572 7.343
1363 12.13 6.107 13.38
1364 2.43 29.071 26.995
1365 12.13 25.655 25.927
1366 4.85 19.308 26.963
1367 9.71 34.701 15.456
1368 7.28 1.111 33.827
1369 12.13 24.391 12.201
1370 12.13 29.035 9.891
1371 7.28 5.808 8.267
1372 4.85 9.964 3.333
1373 2.43 27.497 24.779
1374 4.85 8.284 27.701
1375 4.85 34.965 31.256
1376 9.71 24.222 22.777
1377 12.13 29.159 29.165
1378 9.71 34.016 4.671
1379 7.28 1.56 28.495
1380 9.71 12.898 33.841
1381 4.85 34.785 16.698
1382 9.71 1.244 9.02
1383 9.71 21.805 11.491
1384 7.28 25.274 20.906
1385 4.85 25.03 32.111
1386 12.13 21.092 12.496
1387 2.43 4.586 19.601
1388 2.43 9.584 26.983
1389 2.43 35.549 19.85
1390 7.28 18.33 15.216
1391 7.28 10.475 23.315
1392 7.28 23.768 30.111
1393 4.85 8.73 31.068
1394 9.71 2.617 1.424
1395 7.28 8.421 12.107
1396 9.71 34.768 26.962
1397 9.71 23.492 19.713
1398 4.85 5.659 28.292
1399 4.85 6.26 1.115
1400 12.13 1.374 7.971
1401 7.28 31.649 2.958
1402 7.28 3.089 13.711
1403 2.43 26.77 16.92
1404 12.13 10.778 13.313
1405 12.13 15.411 30.72
1406 2.43 27.197 7.133
1407 7.28 21.678 34.327
1408 2.43 30.616 8.516
1409 2.43 14.62 18.272
1410 12.13 19.669 9.533
1411 2.43 34.775 2.896
1412 2.43 13.109 17.847
1413 9.71 5.506 25.415
1414 12.13 22.869 18.544
1415 2.43 26.23 8.617
1416 12.13 28.312 19.665
1417 12.13 33.243 13.188
1418 12.13 27.737 4.137
1419 12.13 32.832 32.469
1420 7.28 5.471 16.336
1421 7.28 14.304 26.227
1422 12.13 11.304 3.682
1423 4.85 10.807 5.55
1424 4.85 15.265 12.91
1425 2.43 23.653 20.545
1426 7.28 9.852 29.543
1427 2.43 10.536 31.066
1428 7.28 21.687 25.366
1429 9.71 35.391 9.244
1430 4.85 14.613 13.946
1431 7.28 22.331 2.173
1432 9.71 16.378 29.691
1433 9.71 9.421 35.101
1434 2.43 1.506 1.394
1435 4.85 25.403 8.434
1436 7.28 27.214 18.872
1437 12.13 10.528 14.289
1438 9.71 0.306 14.596
1439 12.13 14.345 27.771
1440 7.28 18.901 25.19
1441 9.71 2.405 33.187
1442 7.28 21.523 5.606
1443 7.28 17.962 34.564
1444 4.85 5.047 15.733
1445 12.13 12.19 31.107
1446 4.85 9.598 24.448
1447 2.43 29.181 27.023
1448 9.71 15.472 18.973
1449 12.13 16.809 14.038
1450 12.13 3.778 6.844
1451 2.43 30.605 29.198
1452 12.13 24.961 6.128
1453 2.43 12.603 14.873
1454 4.85 14.232 6.455
1455 7.28 28.812 5.196
1456 7.28 12.166 11.111
1457 9.71 8.628 21.218
1458 12.13 18.61 14.884
1459 7.28 16.235 3.583
1460 9.71 30.23 20.184
1461 4.85 17.458 29.35
1462 4.85 18.57 23.81
1463 7.28 33.253 33.26
1464 12.13 14.961 18.118
1465 12.13 13.805 15.082
1466 2.43 19.49 35.272
1467 2.43 22.969 26.906
1468 9.71 3.354 18.841
1469 7.28 21.085 11.077
1470 7.28 11.038 29.653
1471 7.28 19.405 5.82
1472 7.28 16.999 25.004
1473 7.28 19.203 33.331
1474 12.13 2.47 6.721
1475 12.13 31.529 32.939
1476 2.43 33.404 4.472
1477 12.13 0.231 5.148
1478 12.13 8.771 20.263
1479 12.13 26.335 16.964
1480 12.13 3.224 7.253
1481 12.13 31.063 22.686
1482 9.71 26.108 21.315
1483 4.85 6.742 21.317
1484 12.13 24.876 28.612
1485 2.43 21.122 9.114
1486 9.71 33.179 19.307
1487 7.28 4.134 29.803
1488 9.71 23.299 11.365
1489 2.43 20.805 10.443
1490 9.71 24.533 28.015
1491 4.85 6.658 30.027
1492 12.13 2.588 21.928
1493 12.13 10.623 32.061
1494 12.13 22.243 35.655
1495 2.43 8.593 30.77
1496 7.28 31.907 3.32
1497 2.43 25.142 5.391
1498 4.85 26.416 12.088
1499 2.43 26.729 14.981
1500 9.71 31.5 12.225
1501 7.28 13.528 29.228
1502 12.13 17.464 11.139
1503 2.43 17.994 19.546
1504 2.43 31.945 21.939
1505 2.43 20.848 5.352
1506 7.28 28.648 12.948
1507 7.28 9.578 20.659
1508 12.13 34.898 30.044
1509 4.85 4.714 33.543
1510 12.13 25.934 14.864
1511 12.13 18.933 21.23
1512 4.85 13.443 14.965
1513 12.13 14.336 11.983
1514 9.71 13.256 10.551
1515 2.43 34.836 22.244
1516 4.85 9.57 29.051
1517 12.13 28.418 30.872
1518 7.28 17.189 17.389
1519 4.85 23.361 23.328
1520 4.85 26.29 15.162
1521 12.13 22.743 31.041
1522 2.43 8.022 22.109
1523 2.43 11.212 20.176
1524 2.43 4.066 4.777
1525 12.13 21.678 15.58
1526 2.43 33.611 3.254
1527 4.85 11.401 0.79
1528 7.28 19.396 24.923
1529 7.28 33.212 3.337
1530 7.28 15.984 22.657
1531 4.85 15.188 14.14
1532 9.71 23.112 19.869
1533 7.28 34.088 27.139
1534 7.28 20.48 24.806
1535 12.13 28.595 27.761
1536 2.43 25.356 31.993
1537 2.43 25.211 26.802
1538 4.85 5.792 1.135
1539 2.43 4.999 24.507
1540 7.28 31.491 27.927
1541 7.28 6.785 2.05
1542 4.85 23.083 8.779
1543 4.85 29.177 2.701
1544 12.13 27.208 9.735
1545 12.13 8.63 1.363
1546 7.28 14.776 24.703
1547 2.43 5.463 2.346
1548 4.85 23.346 23.335
1549 9.71 34.554 10.686
1550 9.71 21.818 13.526
1551 2.43 26.699 32.217
1552 2.43 4.372 17.988
1553 7.28 17.964 32.496
1554 4.85 20.028 5.163
1555 4.85 13.192 1.825
1556 9.71 10.682 23.628
1557 7.28 2.829 30.237
1558 4.85 24.842 11.116
1559 4.85 26.236 8.25
1560 4.85 32.968 14.921
1561 12.13 16.591 32.425
1562 2.43 14.166 27.455
1563 9.71 12.044 13.899
1564 2.43 21.126 30.253
1565 4.85 32.067 7.019
1566 12.13 20.277 14.841
1567 4.85 35.498 26.401
1568 2.43 19.292 22.715
1569 7.28 0.863 33.585
1570 9.71 23.049 27.229
1571 9.71 13.519 25.603
1572 2.43 24.586 18.354
1573 2.43 6.223 6.62
1574 9.71 33.245 11.257
1575 2.43 15.499 26.388
1576 12.13 8.695 31.008
1577 12.13 1.616 19.714
1578 9.71 16.233 3.433
1579 12.13 17.563 5.036
1580 7.28 23.219 28.675
1581 4.85 6.46 1.296
1582 2.43 19.559 6.941
1583 4.85 17.677 12.575
1584 12.13 4.231 10.179
1585 9.71 14.526 34.228
1586 9.71 8.598 19.452
1587 12.13 13.434 33.833
1588 12.13 28.228 27.454
1589 9.71 6.36 26.231
1590 2.43 25.116 12.68
1591 7.28 1.573 0.947
1592 9.71 28.601 25.071
1593 4.85 25.215 1.531
1594 12.13 25.086 27.317
1595 4.85 10.67 21.689
1596 4.85 35.766 10.787
1597 12.13 30.803 19.106
1598 2.43 15.474 1.956
1599 12.13 13.058 16.031
1600 2.43 5.885 12.91
1601 12.13 32.066 18.856
1602 4.85 17.339 7.18
1603 4.85 25.246 34.942
1604 7.28 12.43 32.547
1605 4.85 32.037 15.889
1606 4.85 14.432 5.238
1607 7.28 1.237 10.316
1608 12.13 13.753 25.179
1609 2.43 15.102 13.933
1610 7.28 16.875 15.401
1611 4.85 34.884 7.774
1612 9.71 21.692 16.088
1613 9.71 19.535 29.092
1614 7.28 30.306 30.153
1615 4.85 6.184 10.391
1616 4.85 28.625 6.767
1617 7.28 16.977 0.809
1618 7.28 3.67 10.968
1619 7.28 17.836 19.521
1620 2.43 19.15 10.719
1621 4.85 20.143 3.464
1622 7.28 34.539 13.884
1623 4.85 13.904 22.705
1624 7.28 18.668 9.338
1625 12.13 16.34 4.264
1626 4.85 10.833 2.819
1627 7.28 25.795 17.426
1628 12.13 0.38 29.795
1629 7.28 5.051 34.72
1630 7.28 33.807 11.336
1631 9.71 3.76 23.81
1632 7.28 33.269 25.268
1633 12.13 27.001 23.377
1634 12.13 20.706 27.335
1635 7.28 12.438 34.434
1636 7.28 23.042 17.551
1637 2.43 25.725 3.943
1638 12.13 17.854 24.314
1639 7.28 12.085 1.144
1640 9.71 32.484 17.619
1641 12.13 13.575 6.463
1642 9.71 8.284 30.943
1643 2.43 34.115 17.974
1644 12.13 21.487 8.963
1645 12.13 15.122 11.312
1646 4.85 26.416 29.995
1647 9.71 14.81 13.19
1648 9.71 29.349 34.264
1649 12.13 34.422 18.233
1650 7.28 22.555 1.042
1651 9.71 16.298 33.572
1652 9.71 33.106 31.585
1653 2.43 6.988 11.614
1654 2.43 22.834 20.268
1655 12.13 11.758 27.632
1656 9.71 0.711 18.607
1657 12.13 30.703 9.46
1658 7.28 35.027 4.744
1659 12.13 22.495 14.654
1660 12.13 21.938 15.706
1661 7.28 23.168 20.059
1662 9.71 13.661 20.934
1663 9.71 6.159 29.996
1664 7.28 4.386 17.28
1665 2.43 0.497 2.456
1666 12.13 2.549 35.563
1667 7.28 16.305 24.408
1668 9.71 2.426 10.358
1669 4.85 34.42 20.472
1670 2.43 28.233 13.819
1671 4.85 31.761 12.442
1672 9.71 18.435 21.745
1673 9.71 19.687 5.338
1674 12.13 14.854 17.722
1675 4.85 24.273 2.272
1676 2.43 28.091 8.53
1677 9.71 20.835 13.657
1678 2.43 18.126 26.167
1679 2.43 17.857 5.892
1680 9.71 0.376 23.708
1681 9.71 30.914 33.605
1682 7.28 27.658 19.307
1683 4.85 4.696 21.051
1684 4.85 13.457 21.742
1685 4.85 2.358 0.374
1686 4.85 28.345 27.581
1687 2.43 9.92 26.664
1688 9.71 12.379 20.842
1689 2.43 4.823 31.308
1690 7.28 6.903 16.772
1691 9.71 8.059 19.736
1692 12.13 8.929 28.948
1693 7.28 2.528 23.561
1694 7.28 20.567 1.703
1695 7.28 14.101 13.853
1696 9.71 7.124 16.37
1697 9.71 33.679 29.665
1698 4.85 33.776 13.561
1699 12.13 35.13 8.707
1700 9.71 19.662 10.244
1701 9.71 16.887 29.919
1702 12.13 28.52 16.829
1703 9.71 0.355 35.716
1704 4.85 10.86 22.113
1705 12.13 5.897 20.566
1706 4.85 8.014 22.092
1707 7.28 28.107 24.663
1708 9.71 10.928 25.935
1709 9.71 11.304 3.697
1710 12.13 17.32 33.814
1711 2.43 1.765 27.099
1712 2.43 16.268 21.144
1713 4.85 29.209 17.675
1714 4.85 11.071 7.158
1715 2.43 13.119 30.432
1716 7.28 0.966 23.517
1717 9.71 0.889 14.909
1718 12.13 34.231 10.128
1719 7.28 25.387 21.031
1720 2.43 26.172 20.173
1721 4.85 29.639 12.61
1722 9.71 2.812 31.983
1723 4.85 1.737 19.198
1724 4.85 29.674 34.682
1725 4.85 17.63 1.001
1726 4.85 33.993 26.108
1727 4.85 9.487 24.393
1728 12.13 4.362 29.74
1729 2.43 27.573 32.958
1730 7.28 10.099 32.339
1731 9.71 19.361 34.025
1732 7.28 22.357 31.875
1733 12.13 18.212 16.292
1734 12.13 26.423 27.646
1735 7.28 26.382 16.999
1736 7.28 3.716 26.401
1737 4.85 7.689 13.899
1738 9.71 1.467 20.609
1739 7.28 20.679 6.644
1740 7.28 24.998 24.679
1741 2.43 16.542 17.99
1742 7.28 22.802 29.611
1743 9.71 20.275 10.788
1744 7.28 0.668 10.242
1745 2.43 18.898 13.129
1746 2.43 32.753 6.209
1747 4.85 29.586 15.483
1748 4.85 22.007 34.549
1749 4.85 26.878 25.289
1750 2.43 17.427 1.932
1751 9.71 18.439 25.888
1752 12.13 24.959 29.259
1753 7.28 29.487 1.577
1754 12.13 5.737 12.039
1755 4.85 3.688 14.066
1756 2.43 2.175 31.026
1757 9.71 18.975 30.805
1758 9.71 1.146 4.331
1759 2.43 20.566 25.189
1760 4.85 15.858 21.783
1761 7.28 9.793 26.946
1762 2.43 1.147 1.394
1763 2.43 4.396 8.701
1764 4.85 4.286 30.238
1765 4.85 9.325 23.238
1766 12.13 35.333 18.328
1767 4.85 24.991 14.154
1768 4.85 17.281 22.161
1769 2.43 2.466 1.464
1770 12.13 14.252 4.526
1771 12.13 32.896 21.97
1772 4.85 8.649 20.528
1773 2.43 27.271 1.77
1774 9.71 17.939 15.094
1775 2.43 13.403 32.766
1776 7.28 5.844 9.368
1777 4.85 20.372 14.779
1778 7.28 32.144 26.609
1779 9.71 29.71 4.819
1780 2.43 21.953 8.34
1781 7.28 34.318 25.154
1782 4.85 27.875 9.968
1783 12.13 8.11 18.429
1784 9.71 30.1 30.329
1785 9.71 23.342 14.618
1786 12.13 24.243 23.17
1787 12.13 27.116 13.446
1788 12.13 20.674 20.454
1789 4.85 17.907 6.474
1790 2.43 30.698 12.987
1791 9.71 27.891 7.548
1792 4.85 15.423 34.538
1793 4.85 31.601 24.157
1794 9.71 26.467 8.744
1795 12.13 15.024 22.03
1796 9.71 19.02 8.697
1797 7.28 8.472 11.64
1798 9.71 7.323 13.898
1799 7.28 27.254 5.242
1800 9.71 15.577 26.497
1801 4.85 23.519 26.455
1802 7.28 1.745 1.41
1803 9.71 24.116 31.93
1804 2.43 2.05 14.177
1805 12.13 0.715 21.783
1806 9.71 19.191 24.104
1807 9.71 1.185 3.078
1808 9.71 6.591 35.503
1809 7.28 34.632 25.481
1810 7.28 31.108 2.648
1811 4.85 31.107 14.158
1812 9.71 1.144 16.036
1813 7.28 12.887 24.012
1814 2.43 12.815 31.237
1815 12.13 30.641 31.345
1816 7.28 20.17 22.572
1817 12.13 26.54 22.525
1818 2.43 24.421 19.02
1819 9.71 32.116 18.134
1820 4.85 10.553 23.812
1821 4.85 7.447 27.427
1822 7.28 28.419 13.937
1823 2.43 26.007 20.408
1824 12.13 25.761 29.047
1825 12.13 4.132 30.193
1826 9.71 15.911 2.237
1827 12.13 23.338 4.912
1828 4.85 3.085 24.01
1829 7.28 17.714 24.066
1830 9.71 30.517 30.649
1831 2.43 13.387 5.312
1832 9.71 17.289 4.738
1833 12.13 25.855 22.379
1834 12.13 14.973 5.396
1835 7.28 1.87 28.213
1836 2.43 11.728 32.007
1837 4.85 32.87 26.308
1838 4.85 29.472 24.383
1839 2.43 7.995 27.945
1840 9.71 1.286 20.317
1841 2.43 35.595 0.683
1842 9.71 35.076 18.802
1843 7.28 4.837 2.004
1844 9.71 2.429 10.942
1845 7.28 5.583 22.806
1846 2.43 19.222 21.491
1847 4.85 6.002 20.046
1848 12.13 17.17 17.006
1849 9.71 35.187 25.528
1850 7.28 24.31 6.377
1851 12.13 1.102 23.262
1852 9.71 2.897 8.59
1853 2.43 24.871 11.609
1854 9.71 22.785 11.661
1855 12.13 0.921 19.553
1856 9.71 30.094 17.928
1857 12.13 27.223 3.363
1858 9.71 31.042 7.419
1859 4.85 0.32 22.981
1860 4.85 31.677 34.656
1861 9.71 34.886 26.136
1862 12.13 3.475 34.559
1863 12.13 15.897 15.168
1864 4.85 22.098 27.765
1865 9.71 4.56 18.198
1866 9.71 35.584 22.594
1867 4.85 3.603 2.895
1868 2.43 8.998 23.37
1869 2.43 24.012 23.0
1870 2.43 3.952 28.687
1871 7.28 32.815 35.605
1872 2.43 19.397 17.725
1873 4.85 18.778 0.493
1874 2.43 25.675 11.985
1875 2.43 27.993 7.337
1876 7.28 7.266 8.678
1877 2.43 4.938 28.858
1878 4.85 24.983 4.977
1879 12.13 10.56 20.242
1880 4.85 31.045 21.411
1881 9.71 11.222 23.36
1882 2.43 16.303 21.418
1883 9.71 2.821 18.427
1884 2.43 27.239 26.301
1885 9.71 2.048 16.218
1886 4.85 17.943 21.135
1887 12.13 2.377 24.576
1888 12.13 6.652 28.875
1889 7.28 17.595 33.98
1890 7.28 7.082 19.544
1891 12.13 23.118 11.094
1892 2.43 3.26 17.805
1893 4.85 5.011 19.142
1894 9.71 5.943 14.209
1895 4.85 11.285 25.827
1896 12.13 23.102 34.835
1897 2.43 1.555 1.858
1898 12.13 21.999 5.099
1899 4.85 30.507 7.371
1900 12.13 11.442 8.275
1901 12.13 8.979 31.903
1902 2.43 23.844 8.944
1903 4.85 1.275 21.451
1904 7.28 6.418 22.087
1905 2.43 34.702 30.149
1906 7.28 25.422 33.62
1907 9.71 24.361 26.599
1908 12.13 18.771 18.841
1909 2.43 24.282 0.561
1910 9.71 10.966 17.621
1911 2.43 20.636 15.808
1912 2.43 26.14 17.063
1913 12.13 35.348 23.462
1914 12.13 1.397 25.088
1915 4.85 19.011 28.161
1916 4.85 19.961 33.149
1917 12.13 16.792 26.897
1918 9.71 34.71 34.068
1919 4.85 12.05 27.602
1920 12.13 8.868 20.762
1921 2.43 28.24 9.948
1922 4.85 35.436 20.134
1923 2.43 28.01 27.543
1924 7.28 30.413 24.361
1925 4.85 24.316 22.308
1926 12.13 25.875 25.484
1927 12.13 14.794 35.434
1928 12.13 19.837 13.226
1929 9.71 7.087 13.336
1930 4.85 5.779 11.671
1931 12.13 8.303 31.42
1932 12.13 3.205 16.716
1933 2.43 21.877 21.151
1934 2.43 5.258 27.039
1935 12.13 26.244 8.579
1936 9.71 2.537 10.066
1937 7.28 29.356 21.055
1938 9.71 9.959 26.738
1939 7.28 24.811 2.244
1940 12.13 32.855 30.965
1941 7.28 8.97 9.018
1942 7.28 19.647 19.155
1943 7.28 5.205 21.607
1944 12.13 9.084 3.423
