location capacity Xf Yf
1 5.251 33.248 34.062
2 9.448 7.674 27.733
3 3.71 24.348 31.481
4 3.458 17.736 22.712
5 9.201 24.787 22.72
6 11.752 11.091 27.001
7 8.896 0.504 25.93
8 7.411 6.012 31.606
9 3.533 29.373 26.002
10 5.873 26.029 1.831
11 11.799 29.875 8.908
12 7.025 11.518 34.551
13 6.337 32.657 28.131
14 2.872 26.507 32.694
15 11.842 6.688 8.576
16 7.334 13.637 28.347
17 11.744 2.946 9.269
18 9.24 22.813 33.22
19 10.408 30.97 11.871
20 8.169 15.623 17.834
21 7.237 10.397 17.165
22 8.798 18.997 25.681
23 4.076 24.848 22.001
24 7.364 20.656 8.102
25 5.235 23.183 5.116
26 8.477 2.296 26.803
27 10.691 30.151 16.378
28 11.949 7.285 29.625
29 2.5 34.946 19.873
30 4.12 24.623 3.633
31 8.621 26.071 25.777
32 5.368 0.378 10.64
33 8.507 16.178 3.393
34 7.966 11.806 9.317
35 4.023 8.918 13.143
36 3.171 7.265 3.544
37 9.4 27.094 16.766
38 3.661 13.931 28.571
39 8.35 34.345 21.27
40 7.707 14.81 21.155
41 6.699 2.425 31.593
42 6.75 31.712 28.773
43 3.323 1.418 24.482
44 4.794 11.134 6.864
45 10.669 22.051 20.573
46 7.125 35.656 22.714
47 2.514 13.692 4.151
48 7.407 7.598 23.779
49 11.744 8.994 35.595
50 9.218 14.564 10.358
51 7.466 9.773 31.729
52 6.319 34.509 18.902
53 8.908 28.468 17.596
54 10.626 34.757 0.679
55 9.159 7.95 12.575
56 9.69 27.889 9.595
57 8.765 28.148 28.62
58 5.793 12.886 19.874
59 7.344 15.234 27.954
60 3.858 31.017 16.351
61 3.388 2.366 20.422
62 10.072 16.751 29.996
63 9.48 28.67 34.4
64 6.233 0.684 12.185
65 2.981 24.027 20.055
66 8.923 24.937 27.5
67 4.509 27.841 13.73
68 5.467 13.555 12.685
69 4.949 6.001 21.385
70 3.381 8.142 22.211
71 9.706 27.177 28.295
72 4.586 34.248 30.84
73 11.774 8.191 20.05
74 7.412 17.467 32.923
75 11.617 3.946 32.442
76 7.047 14.582 20.89
77 6.351 28.126 1.68
78 4.797 27.865 17.732
79 11.549 16.848 21.591
80 5.395 1.932 9.353
81 9.744 22.895 23.447
82 4.259 24.167 24.889
83 2.916 35.424 30.299
84 9.539 5.799 22.677
85 3.513 9.518 27.452
86 7.665 19.357 30.912
87 8.654 4.713 4.242
88 7.165 4.668 11.351
89 7.744 15.45 23.587
90 5.171 24.774 1.639
91 10.053 34.442 20.807
92 2.55 3.68 21.955
93 3.641 26.632 25.539
94 6.276 1.979 16.724
95 3.372 2.438 27.887
96 6.095 13.239 15.112
97 2.592 26.607 19.629
98 7.483 1.7 7.647
99 8.507 34.7 19.342
100 8.883 9.797 7.005
101 2.755 4.609 17.877
102 7.948 3.761 20.485
103 3.589 35.592 19.608
104 7.959 15.138 25.113
105 6.7 14.821 20.758
106 3.165 20.083 24.178
107 8.998 9.209 4.879
108 5.417 35.511 33.291
109 8.346 22.305 15.155
110 10.658 24.243 9.299
111 4.866 33.791 0.536
112 3.112 13.355 28.653
113 4.444 20.329 9.473
114 9.699 4.434 5.013
115 11.603 30.866 18.657
116 3.18 15.113 31.798
117 3.1 8.046 19.379
118 2.712 32.902 5.414
119 7.122 32.676 31.82
120 9.012 15.075 10.892
121 9.925 35.481 0.627
122 7.098 25.457 31.549
123 7.502 24.799 27.163
124 6.232 27.979 12.201
125 10.688 18.498 8.713
126 7.428 23.67 11.92
127 3.719 14.076 10.624
128 2.434 32.442 22.499
129 7.675 27.409 26.524
130 11.957 32.034 23.37
131 3.543 13.416 24.087
132 8.494 32.168 0.654
133 3.175 2.297 8.544
134 2.441 17.275 25.894
135 11.573 15.073 32.007
136 7.7 27.007 20.055
137 6.996 2.011 11.615
138 11.059 11.448 2.928
139 10.465 24.01 22.251
140 12.017 28.67 24.296
141 9.756 35.215 21.842
142 4.137 6.53 12.911
143 7.309 34.205 18.643
144 12.02 4.422 35.479
145 5.817 27.883 31.301
146 7.814 15.257 6.51
147 6.095 25.908 14.435
148 11.706 25.12 6.967
149 4.943 2.836 30.19
150 4.485 27.593 12.038
151 11.638 4.69 32.301
152 10.291 2.911 22.895
153 3.307 13.714 4.212
154 5.831 21.635 29.933
155 4.912 17.069 11.124
156 4.652 35.413 21.741
157 5.435 18.571 27.81
158 4.706 19.467 1.545
159 9.166 6.611 3.535
160 7.629 29.866 21.302
161 6.838 7.988 0.685
162 4.375 11.973 16.856
163 10.148 20.067 15.538
164 8.302 13.643 35.438
165 8.381 10.133 2.346
166 3.939 9.74 12.757
167 11.807 27.227 12.525
168 10.089 22.794 34.631
169 3.037 6.144 32.496
170 6.148 1.25 15.264
171 10.256 23.831 28.261
172 2.93 7.494 12.52
173 7.755 25.712 32.263
174 2.506 20.717 21.35
175 11.035 25.043 33.413
176 6.915 10.801 35.185
177 4.402 1.604 18.118
178 11.563 28.056 34.769
179 2.909 20.336 19.152
180 8.821 27.984 21.728
181 9.582 4.99 30.154
182 10.555 18.86 27.086
183 10.763 3.073 2.689
184 9.448 24.786 7.289
185 5.071 21.949 8.952
186 8.482 12.753 18.59
187 6.677 31.48 18.735
188 9.933 9.949 11.772
189 5.43 35.38 7.829
190 9.111 6.493 16.785
191 4.015 2.936 33.739
192 11.385 24.422 5.722
193 10.981 26.755 25.775
194 10.134 25.504 9.264
195 5.47 8.322 19.589
196 6.997 11.66 33.694
197 8.873 18.709 22.629
198 3.806 15.428 1.156
199 6.78 12.7 6.491
200 7.347 34.09 6.011
201 4.365 35.011 32.497
202 4.898 31.079 27.17
203 8.654 21.028 16.248
204 5.583 18.606 34.339
205 2.654 8.295 25.68
206 5.756 13.448 14.549
207 8.218 11.518 32.974
208 11.91 13.794 7.921
209 7.038 34.648 21.684
210 9.957 35.207 14.604
211 7.357 3.094 2.206
212 10.433 12.38 8.223
213 2.936 14.546 28.681
214 7.567 8.396 3.855
215 11.284 11.482 30.397
216 5.976 26.254 29.285
217 2.607 21.458 4.512
218 5.628 8.26 10.958
219 7.876 32.047 33.467
220 11.007 7.608 27.166
221 12.058 23.998 31.004
222 11.065 0.535 12.74
223 10.773 25.183 22.816
224 8.948 2.891 15.543
225 4.837 10.82 21.776
226 7.785 21.989 12.807
227 8.585 7.588 30.61
228 4.603 33.904 6.538
229 11.184 11.223 4.215
230 9.339 18.867 29.656
231 2.626 18.19 11.108
232 5.863 14.482 22.931
233 10.295 14.678 30.999
234 8.147 9.535 30.666
235 10.671 12.093 34.508
236 4.106 8.205 10.101
237 11.948 32.534 30.999
238 2.873 1.17 29.438
239 5.052 35.009 7.359
240 10.7 33.159 30.691
241 8.813 1.976 34.953
242 8.829 28.012 19.044
243 5.263 2.351 15.065
244 9.667 18.153 12.895
245 5.882 14.417 7.0
246 2.54 30.759 32.72
247 10.336 10.463 20.112
248 5.118 20.932 6.003
249 4.864 11.505 24.415
250 9.155 28.317 23.711
251 2.983 27.829 15.573
252 10.073 4.187 21.116
253 9.214 22.893 9.67
254 7.878 15.936 23.124
255 6.172 33.999 16.817
256 11.446 18.828 33.786
257 11.104 28.773 24.699
258 3.627 27.37 24.074
259 6.647 7.491 2.039
260 6.685 33.258 25.448
261 11.896 28.304 6.668
262 10.883 2.919 19.556
263 8.4 14.034 30.986
264 4.417 19.773 35.008
265 2.698 1.441 23.687
266 6.775 30.618 13.786
267 7.799 12.157 32.194
268 9.595 33.099 27.583
269 5.53 0.985 15.575
270 6.327 34.193 24.303
271 3.355 35.457 12.483
272 4.176 30.848 33.341
273 11.6 35.307 35.007
274 5.649 15.372 12.317
275 7.124 28.137 27.376
276 6.844 25.425 8.816
277 10.171 19.196 13.918
278 5.951 9.226 14.295
279 3.517 30.794 0.695
280 3.129 20.476 25.501
281 4.64 2.987 9.101
282 7.864 17.662 28.556
283 11.94 11.979 12.701
284 11.24 28.032 8.158
285 11.532 3.09 9.606
286 7.247 20.508 14.233
287 8.735 10.735 12.668
288 9.756 2.032 6.771
289 2.959 6.234 19.834
290 6.009 5.299 25.863
291 2.445 5.661 11.921
292 6.152 11.706 26.321
293 6.584 12.764 26.727
294 3.057 27.228 18.812
295 7.197 1.611 9.513
296 10.8 9.114 10.356
297 7.688 4.101 6.367
298 7.798 8.157 16.474
299 4.369 33.515 25.979
300 10.773 28.567 10.728
301 4.167 23.835 25.406
302 8.22 22.677 21.607
303 3.006 1.617 21.229
304 4.28 23.058 25.917
305 2.724 28.786 9.146
306 3.746 5.152 10.6
307 9.63 26.219 19.514
308 3.021 33.362 3.467
309 2.707 18.869 32.604
310 4.16 6.714 23.567
311 8.156 13.713 34.828
312 4.95 10.422 20.679
313 7.99 30.105 33.825
314 8.702 32.514 1.847
315 4.702 4.363 4.096
316 4.637 15.776 12.428
317 2.712 31.972 15.765
318 7.393 17.365 11.143
319 7.549 2.014 15.253
320 4.026 15.61 7.64
321 9.414 3.911 11.195
322 7.255 14.516 9.735
323 3.807 7.697 2.603
324 9.857 22.036 8.381
325 3.492 1.511 26.91
326 3.479 7.368 9.179
327 7.585 34.55 24.038
328 3.974 7.153 17.813
329 7.836 21.675 23.62
330 11.366 23.254 6.618
331 11.982 2.993 16.18
332 6.379 29.543 8.572
333 6.447 28.155 24.621
334 6.93 20.464 32.74
335 11.084 5.717 25.026
336 11.406 23.457 11.633
337 8.576 31.409 9.734
338 6.672 5.426 7.153
339 8.054 23.373 27.94
340 7.937 17.011 21.235
341 3.729 23.064 31.161
342 8.535 22.192 26.571
343 6.61 28.858 6.64
344 4.377 14.276 8.039
345 8.052 18.327 24.126
346 11.491 21.144 23.579
347 11.342 19.302 21.799
348 7.428 16.276 22.55
349 9.284 19.485 0.255
350 9.381 27.499 21.652
351 7.482 27.637 18.292
352 5.732 33.118 4.043
353 10.556 16.694 17.965
354 2.72 16.392 25.873
355 10.539 26.784 10.954
356 9.066 12.277 0.831
357 9.844 8.164 28.779
358 8.559 24.081 2.264
359 11.643 10.674 14.641
360 9.287 29.494 17.435
361 3.257 12.158 26.325
362 5.505 27.519 17.155
363 6.349 10.32 24.035
364 4.972 16.02 31.946
365 9.232 31.973 15.031
366 4.012 35.546 4.976
367 9.975 25.033 17.104
368 11.504 16.984 2.526
369 8.571 19.067 7.751
370 5.047 33.684 34.213
371 8.568 13.34 22.377
372 10.085 32.246 9.756
373 7.389 18.233 3.035
374 2.847 0.698 8.476
375 7.746 4.901 8.955
376 7.752 8.672 10.712
377 11.124 27.366 23.251
378 7.139 2.123 33.752
379 11.324 21.586 21.603
380 8.535 18.162 10.391
381 10.889 31.39 16.494
382 6.89 0.575 5.707
383 11.919 7.574 26.449
384 3.943 1.896 35.037
385 5.036 20.892 29.417
386 10.635 7.26 18.325
387 6.405 7.424 10.937
388 7.278 7.42 16.11
389 9.643 32.887 20.598
390 12.108 26.905 30.541
391 4.517 14.748 11.931
392 5.152 27.429 20.263
393 9.339 11.068 9.431
394 12.032 26.079 4.755
395 5.696 10.636 9.441
396 7.689 5.43 31.958
397 2.742 30.581 25.369
398 6.348 13.98 19.934
399 4.071 3.536 34.516
400 11.506 18.941 16.991
401 6.668 32.653 18.907
402 2.559 2.747 19.311
403 10.187 25.664 19.791
404 9.027 30.001 21.701
405 2.722 24.306 20.825
406 5.834 13.457 21.036
407 11.43 19.176 31.456
408 7.509 26.745 1.638
409 9.934 33.583 20.485
410 5.936 4.733 27.497
411 10.942 35.736 25.204
412 10.219 3.076 15.485
413 11.736 15.183 8.752
414 9.374 23.829 23.597
415 8.558 2.852 31.12
416 7.016 11.476 5.729
417 11.27 17.646 14.78
418 3.362 22.528 31.389
419 3.921 8.97 8.713
420 11.281 2.409 28.984
421 9.204 1.498 17.052
422 9.349 3.592 25.33
423 7.038 33.118 12.019
424 10.384 5.525 33.526
425 8.584 19.921 8.566
426 11.516 33.257 9.313
427 9.638 25.614 10.532
428 7.743 28.093 4.492
429 4.758 6.497 7.189
430 2.881 33.323 15.198
431 11.543 33.287 18.042
432 9.369 4.096 4.935
433 7.125 12.491 14.456
434 11.931 1.588 34.195
435 9.719 16.627 34.546
436 9.922 5.469 19.138
437 2.484 20.903 5.562
438 9.036 32.313 31.758
439 3.407 3.777 10.946
440 11.261 31.417 34.86
441 8.532 18.565 7.593
442 4.074 4.073 26.044
443 2.666 26.192 29.112
444 11.775 17.67 9.997
445 11.207 19.908 10.175
446 9.25 31.612 16.011
447 5.251 12.788 3.419
448 7.756 29.442 11.999
449 5.505 30.116 0.719
450 5.587 8.704 24.174
451 4.869 27.709 31.285
452 4.349 32.475 23.222
453 10.911 2.473 22.946
454 2.436 9.236 19.548
455 3.161 7.666 27.531
456 10.306 6.132 11.264
457 8.465 16.124 24.015
458 11.429 4.273 25.545
459 11.13 17.013 24.082
460 4.685 32.759 24.606
461 11.999 29.627 5.028
462 10.849 8.399 19.625
463 4.001 6.401 1.08
464 7.548 27.033 29.342
465 6.949 32.872 25.782
466 9.501 15.395 9.149
467 10.725 22.261 31.452
468 9.812 28.755 6.556
469 10.626 33.68 9.579
470 5.522 18.945 22.773
471 6.769 5.235 31.337
472 7.909 33.527 4.626
473 9.103 10.767 17.937
474 3.17 25.207 34.137
475 4.63 17.275 26.262
476 11.676 24.104 23.245
477 6.805 15.98 12.456
478 11.465 7.047 7.921
479 7.973 5.602 1.03
480 4.144 9.944 10.957
481 2.806 12.006 18.158
482 6.7 25.464 24.917
483 11.174 9.642 14.966
484 6.149 14.071 35.453
485 8.279 3.131 24.709
486 9.427 8.366 24.974
487 3.978 26.481 16.586
488 10.035 34.494 10.411
489 7.266 0.682 2.7
490 7.859 10.817 14.51
491 3.171 14.273 19.384
492 11.95 32.802 18.746
493 9.09 9.34 25.59
494 9.064 11.122 10.39
495 9.17 34.713 12.925
496 11.399 22.294 8.022
497 11.235 3.346 14.59
498 9.494 2.175 3.099
499 6.1 15.617 32.7
500 11.41 15.849 31.596
501 6.949 29.7 6.063
502 11.539 15.711 16.092
503 10.312 23.619 24.963
504 6.468 35.366 34.182
505 7.916 2.825 34.098
506 9.492 33.4 9.263
507 3.914 12.812 16.065
508 9.057 20.456 3.177
509 4.43 4.96 9.633
510 3.141 19.184 18.619
511 6.679 12.152 4.833
512 5.398 22.796 31.385
513 3.24 10.326 22.854
514 11.874 34.012 20.135
515 9.099 18.837 31.813
516 9.25 25.708 10.067
517 9.789 3.273 8.366
518 8.231 26.009 35.736
519 9.514 17.336 1.029
520 10.342 31.568 3.665
521 10.006 33.488 34.601
522 3.548 11.936 17.869
523 3.626 12.601 9.233
524 10.385 32.492 31.776
525 11.774 15.153 31.974
526 7.002 13.902 34.442
527 7.662 3.281 20.134
528 7.834 11.599 15.941
529 4.375 11.032 8.382
530 5.178 21.023 33.641
531 6.667 5.814 8.821
532 5.696 24.535 8.279
533 9.973 6.196 10.296
534 9.442 12.259 12.097
535 4.626 31.866 14.389
536 9.447 16.864 34.296
537 4.436 13.047 12.579
538 9.38 15.623 12.366
539 9.084 9.356 17.541
540 7.013 17.191 11.317
541 10.929 7.564 30.312
542 10.539 18.451 24.183
543 3.358 12.498 16.401
544 9.958 21.876 26.424
545 7.668 11.708 35.356
546 9.048 26.387 2.904
547 10.353 6.455 8.878
548 7.889 13.923 24.249
549 9.435 31.012 31.507
550 10.26 6.678 12.737
551 11.688 24.395 1.393
552 4.357 4.708 25.853
553 4.071 6.59 20.853
554 4.953 2.485 19.2
555 9.031 12.14 7.056
556 9.071 2.09 14.011
557 8.569 22.828 21.266
558 7.45 18.479 9.604
559 8.742 29.029 15.133
560 10.272 7.174 24.647
561 8.529 9.183 7.611
562 3.863 27.424 2.877
563 11.452 16.286 29.002
564 3.876 28.528 10.282
565 8.972 6.359 26.389
566 5.886 8.351 11.462
567 3.315 13.796 30.11
568 5.284 21.535 32.769
569 3.288 26.516 17.519
570 6.01 25.462 14.299
571 3.409 5.971 2.364
572 4.31 1.674 8.328
573 5.654 8.059 12.703
574 3.93 1.506 14.446
575 3.243 29.94 23.925
576 10.718 8.669 31.484
577 3.804 31.942 30.898
578 7.615 30.71 29.648
579 4.375 29.409 1.701
580 12.078 25.582 33.438
581 3.891 3.671 22.285
582 4.303 13.137 1.801
583 5.202 8.092 21.966
584 7.169 22.782 24.361
585 9.248 33.329 19.439
586 10.761 34.67 30.746
587 11.849 23.164 24.969
588 6.886 7.642 3.462
589 9.971 24.274 18.756
590 9.751 11.684 30.328
591 7.993 9.075 7.205
592 11.923 27.855 5.822
593 8.577 5.303 2.339
594 2.463 7.385 20.685
595 7.881 34.412 24.81
596 2.629 7.874 20.265
597 9.806 13.001 9.742
598 3.16 5.339 23.813
599 5.792 14.594 2.179
600 5.395 2.69 33.969
601 9.807 28.264 35.1
602 7.185 24.841 27.706
603 5.327 35.785 19.779
604 8.461 12.978 24.503
605 7.797 15.865 2.131
606 9.464 34.766 25.812
607 8.478 8.386 20.233
608 10.161 20.619 30.303
609 9.494 29.786 6.993
610 9.059 17.95 3.994
611 7.813 10.982 9.75
612 3.493 22.146 20.473
613 5.999 27.66 18.211
614 10.059 23.938 4.696
615 5.942 1.981 1.07
616 9.932 29.803 5.207
617 4.737 26.175 12.208
618 4.337 30.562 15.93
619 9.292 18.108 10.826
620 3.57 31.408 28.249
621 11.468 16.636 31.175
622 10.107 17.586 7.733
623 5.06 14.83 15.588
624 11.284 19.623 16.114
625 3.257 30.205 32.12
626 4.915 0.978 1.572
627 9.528 30.134 33.79
628 10.682 31.362 26.091
629 2.625 31.536 18.789
630 6.727 22.54 2.384
631 2.597 15.265 10.397
632 4.895 35.272 8.483
633 4.63 32.251 24.322
634 4.962 25.576 19.21
635 6.04 1.455 32.795
636 8.819 17.275 1.834
637 2.743 15.855 19.843
638 3.783 34.492 1.289
639 6.065 17.232 14.258
640 11.534 27.537 11.347
641 12.02 25.072 35.078
642 3.895 35.468 25.662
643 3.713 20.03 34.064
644 9.212 7.865 2.574
645 3.538 11.556 32.668
646 5.037 6.544 0.232
647 6.892 35.696 10.197
648 5.766 20.897 14.349
649 9.486 14.629 0.911
650 3.224 30.095 22.222
651 11.297 1.619 28.396
652 6.075 0.633 9.016
653 9.539 21.941 17.015
654 2.978 8.385 33.448
655 8.119 13.239 26.914
656 9.083 34.572 14.337
657 11.462 14.21 25.62
658 9.301 28.447 11.033
659 7.079 33.038 5.177
660 4.862 13.725 35.47
661 8.927 33.185 30.032
662 11.286 21.864 31.926
663 4.892 12.759 29.369
664 8.466 0.402 8.548
665 10.497 16.85 19.164
666 11.855 3.691 21.063
667 9.398 5.871 28.985
668 8.935 11.647 21.476
669 8.039 5.903 17.642
670 6.183 14.481 10.797
671 8.244 34.295 35.294
672 7.956 31.406 15.004
673 11.298 31.362 14.408
674 11.15 4.677 15.506
675 2.68 21.893 13.002
676 5.095 27.562 15.257
677 5.369 3.428 27.716
678 8.545 35.571 2.103
679 9.263 35.007 14.447
680 5.304 34.376 27.389
681 5.284 33.047 15.216
682 3.558 34.926 1.653
683 9.344 20.276 23.892
684 10.435 22.441 7.485
685 10.11 32.013 2.023
686 10.534 14.177 27.578
687 6.412 26.072 15.181
688 10.581 0.716 2.819
689 10.252 20.253 34.799
690 2.711 2.419 4.869
691 5.878 26.084 17.104
692 3.109 31.866 4.935
693 6.707 18.471 9.316
694 6.489 16.246 20.921
695 3.077 8.663 11.485
696 2.555 18.84 15.528
697 3.444 24.817 7.305
698 11.432 5.72 29.62
699 2.941 14.587 31.401
700 7.211 24.189 9.58
701 3.024 20.394 32.047
702 9.153 18.966 5.208
703 8.848 25.145 33.839
704 8.108 11.6 18.112
705 8.789 22.562 20.417
706 4.312 24.324 3.13
707 4.552 16.603 17.639
708 10.578 4.491 34.067
709 7.142 4.2 15.112
710 9.894 23.864 32.323
711 3.11 4.405 34.281
712 5.679 22.918 20.6
713 2.66 30.104 24.404
714 10.931 27.069 19.65
715 11.936 31.898 14.874
716 6.959 6.438 34.676
717 11.41 26.039 32.568
718 6.117 33.699 24.968
719 7.205 11.062 12.043
720 5.121 8.051 19.982
721 7.009 30.774 27.012
722 11.596 13.662 16.297
723 11.859 20.387 22.271
724 4.236 8.089 20.37
725 5.172 4.992 3.225
726 3.75 22.93 1.538
727 10.209 6.609 15.566
728 11.042 33.79 12.124
729 8.314 17.656 7.67
730 4.494 4.655 0.55
731 5.393 24.352 3.773
732 11.259 11.034 5.765
733 8.225 8.527 7.527
734 7.447 2.581 35.628
735 9.34 10.471 15.068
736 7.949 7.428 30.612
737 11.234 10.246 29.115
738 4.775 18.098 29.31
739 11.549 0.223 5.879
740 2.663 6.996 10.787
741 10.648 30.733 34.031
742 11.777 29.822 12.937
743 5.906 5.927 13.391
744 6.889 24.884 1.957
745 4.442 30.883 11.498
746 10.116 21.355 20.877
747 9.684 5.66 9.67
748 5.008 3.89 22.003
749 11.264 28.006 6.97
750 6.456 14.166 10.595
751 4.497 6.105 16.135
752 9.977 28.572 15.595
753 3.531 25.45 17.126
754 4.352 19.207 25.024
755 10.098 34.954 33.659
756 3.738 3.556 12.799
757 10.091 9.058 23.104
758 3.407 19.263 32.043
759 5.427 13.255 16.952
760 7.007 8.815 13.269
761 7.504 23.662 18.048
762 9.778 23.066 12.084
763 4.407 30.017 13.072
764 7.026 32.545 29.304
765 8.108 5.303 26.443
766 11.266 8.145 32.266
767 11.452 28.091 13.848
768 8.913 25.67 34.55
769 9.776 33.683 30.908
770 5.715 17.252 17.415
771 10.945 3.785 26.718
772 8.75 7.518 3.539
773 5.467 2.467 29.604
774 6.432 0.588 0.738
775 2.76 2.068 13.392
776 10.109 33.161 9.903
777 11.641 17.429 29.86
778 4.956 33.675 16.863
779 8.973 6.516 18.376
780 7.535 20.992 9.7
781 5.348 30.618 25.088
782 5.233 14.822 2.821
783 6.991 7.948 26.753
784 5.431 15.72 5.774
785 5.184 21.64 34.815
786 5.317 15.429 21.485
787 10.083 32.192 30.339
788 10.337 28.941 8.812
789 8.207 26.051 26.733
790 8.798 2.482 28.325
791 12.035 12.059 2.851
792 8.436 28.99 2.423
793 5.966 3.37 23.932
794 12.123 22.079 28.862
795 4.062 9.244 23.164
796 7.585 21.769 26.945
797 7.001 29.653 3.04
798 4.171 1.074 1.167
799 7.526 9.545 16.758
800 8.533 25.254 24.932
801 4.339 7.501 3.157
802 2.799 21.607 12.727
803 9.823 27.079 32.317
804 8.038 1.458 25.959
805 3.11 7.627 23.254
806 6.102 14.057 27.814
807 6.715 1.619 22.493
808 6.11 13.497 9.505
809 3.477 35.25 0.502
810 9.917 4.532 19.556
811 7.608 22.915 28.907
812 5.934 14.416 8.911
813 10.842 4.261 23.67
814 9.635 26.262 22.131
815 5.429 3.079 4.946
816 6.882 24.617 25.41
817 4.741 25.969 10.611
818 10.124 10.214 32.781
819 6.242 5.672 3.626
820 11.224 16.966 17.952
821 7.011 14.058 32.062
822 4.041 27.092 27.504
823 10.392 33.223 13.953
824 11.5 29.57 29.124
825 4.979 9.343 2.056
826 8.232 35.355 17.735
827 7.433 35.014 2.765
828 4.046 3.577 9.275
829 8.371 1.212 17.54
830 7.39 22.579 27.696
831 8.778 5.345 4.887
832 9.657 9.306 19.05
833 7.639 16.015 9.587
834 10.012 33.811 11.202
835 12.008 11.988 20.489
836 5.457 22.084 15.142
837 8.327 22.373 4.347
838 9.569 8.277 34.645
839 6.559 21.082 33.46
840 10.906 23.676 28.161
841 10.557 15.479 29.398
842 4.171 18.477 1.528
843 11.521 11.416 17.619
844 5.515 25.68 6.976
845 9.197 8.516 1.336
846 9.068 10.597 3.998
847 6.413 21.521 27.419
848 2.498 9.025 15.762
849 9.051 13.222 14.746
850 7.639 24.179 9.669
851 6.365 1.587 20.641
852 11.329 26.654 28.437
853 4.238 3.493 23.136
854 7.992 30.496 7.946
855 11.543 6.811 21.24
856 5.205 10.553 12.897
857 10.032 21.276 6.123
858 2.775 23.928 8.729
859 6.664 3.188 3.422
860 6.732 31.444 27.232
861 6.176 18.386 1.793
862 6.997 30.474 35.382
863 8.589 35.461 16.962
864 3.946 23.512 19.886
865 5.608 14.793 13.279
866 5.698 19.458 2.977
867 11.589 11.534 12.515
868 11.417 33.789 15.583
869 10.049 33.121 23.503
870 4.319 3.84 1.999
871 6.438 3.598 5.152
872 3.612 4.318 34.812
873 5.173 11.013 16.549
874 6.512 21.543 5.447
875 3.477 35.289 24.494
876 3.879 18.275 30.952
877 11.451 3.292 13.167
878 9.868 0.872 22.391
879 3.337 18.51 28.27
880 3.47 33.965 17.83
881 8.495 26.326 24.417
882 8.496 21.871 34.488
883 10.742 24.58 20.449
884 10.9 32.697 19.353
885 4.642 31.372 4.365
886 10.877 25.728 21.951
887 7.946 13.045 14.646
888 10.961 7.521 5.785
889 2.829 10.24 15.44
890 10.976 21.221 14.252
891 5.688 2.061 19.402
892 3.672 16.039 28.236
893 9.83 19.334 24.564
894 2.716 34.993 31.512
895 9.293 26.504 18.435
896 7.454 12.828 14.785
897 8.723 24.197 26.197
898 6.295 7.779 21.567
899 7.909 33.578 31.865
900 3.613 35.723 11.349
901 7.286 11.77 22.448
902 6.292 7.601 35.11
903 10.285 11.715 21.027
904 11.081 7.56 6.99
905 11.048 29.365 15.589
906 9.17 26.355 26.422
907 3.35 13.102 25.895
908 10.383 14.643 24.191
909 5.837 15.482 11.294
910 3.395 30.364 16.008
911 3.06 2.703 33.096
912 3.821 8.294 27.063
913 10.043 6.203 21.923
914 2.488 18.367 32.928
915 7.545 17.64 5.398
916 5.884 2.144 9.196
917 8.121 15.836 7.007
918 2.689 3.03 33.845
919 8.403 2.408 24.16
920 5.037 10.176 1.171
921 11.068 8.952 17.811
922 10.96 10.709 0.56
923 11.95 0.564 18.801
924 11.333 31.091 19.049
925 9.268 1.227 18.303
926 2.45 6.34 0.85
927 10.154 11.939 13.273
928 4.377 22.212 20.572
929 7.775 30.615 28.48
930 3.456 23.751 17.281
931 5.979 16.165 24.144
932 7.361 11.228 26.101
933 8.109 2.172 26.429
934 11.373 5.013 32.613
935 7.088 30.789 7.646
936 4.347 21.042 25.997
937 10.115 28.28 0.804
938 5.699 3.875 30.599
939 8.937 24.214 3.517
940 3.529 1.22 7.975
941 2.527 34.292 0.726
942 10.561 30.511 2.929
943 6.196 30.015 2.542
944 9.531 4.325 10.278
945 7.53 23.454 13.315
946 5.919 26.426 5.296
947 8.959 1.059 7.038
948 9.636 7.058 5.179
949 7.387 35.396 7.625
950 4.004 34.94 19.128
951 12.005 5.566 5.129
952 8.684 24.56 25.975
953 3.887 30.121 13.904
954 10.152 4.581 27.583
955 5.95 27.281 22.712
956 5.062 13.921 29.673
957 5.718 28.2 33.46
958 9.301 29.211 29.689
959 10.343 8.263 3.186
960 4.203 15.003 26.495
961 7.097 7.332 20.932
962 2.506 20.513 5.583
963 11.238 32.189 9.22
964 3.958 21.652 20.476
965 9.317 11.809 24.959
966 3.544 18.304 23.898
967 11.844 32.729 26.372
968 11.371 17.509 31.53
969 3.982 27.877 29.556
970 8.695 3.007 12.226
971 5.123 11.068 26.102
972 7.47 31.191 29.222
973 11.352 22.184 26.698
974 10.603 18.626 33.386
975 5.23 17.851 7.246
976 12.044 31.633 24.074
977 9.909 16.513 27.72
978 11.668 15.661 16.109
979 5.907 16.372 12.344
980 8.163 9.579 6.29
981 7.649 12.137 23.415
982 8.754 3.798 21.135
983 8.501 21.762 8.625
984 5.891 4.704 12.516
985 4.27 32.118 15.619
986 6.09 10.213 14.683
987 10.978 24.001 30.388
988 5.396 17.632 31.729
989 3.713 18.911 17.258
990 12.012 32.071 1.716
991 8.821 27.967 27.61
992 3.338 4.051 11.78
993 11.852 13.385 11.229
994 3.568 29.746 33.034
995 9.789 5.959 12.466
996 9.433 14.808 11.724
997 9.89 24.891 5.308
998 4.727 13.851 1.821
999 6.578 7.408 32.425
1000 9.376 17.807 14.465
1001 10.333 3.263 26.389
1002 9.576 0.5 13.712
1003 10.598 24.548 4.738
1004 12.013 22.991 26.142
1005 9.418 14.822 8.059
1006 2.501 17.836 13.749
1007 6.1 18.167 21.623
1008 4.178 0.788 6.902
1009 8.615 3.423 14.684
1010 3.918 14.153 6.613
1011 10.684 5.833 21.67
1012 3.621 19.895 19.539
1013 10.997 21.625 34.644
1014 9.318 23.445 8.483
1015 9.418 17.324 10.248
1016 9.383 30.444 3.022
1017 3.237 0.863 22.037
1018 6.795 15.448 29.025
1019 7.404 30.237 5.088
1020 5.906 19.801 6.32
1021 6.086 4.485 9.153
1022 5.54 34.762 27.608
1023 9.355 8.238 17.678
1024 6.453 3.651 28.335
1025 5.959 8.722 24.843
1026 4.123 30.657 9.897
1027 10.763 16.643 12.257
1028 8.702 32.949 6.744
1029 3.968 23.475 21.315
1030 3.072 33.952 35.068
1031 9.419 26.319 16.253
1032 8.278 15.706 26.501
1033 7.368 15.695 8.107
1034 4.09 6.404 17.15
1035 4.567 25.909 18.697
1036 10.67 9.015 29.495
1037 9.824 12.162 26.085
1038 5.228 26.365 4.267
1039 11.672 33.168 27.886
1040 5.306 22.587 10.733
1041 8.131 30.746 1.544
1042 10.172 29.37 2.121
1043 4.2 17.948 7.375
1044 7.163 29.025 35.237
1045 6.255 18.005 7.126
1046 4.765 14.62 15.21
1047 4.212 12.344 15.762
1048 11.874 28.25 3.118
1049 10.503 3.149 24.56
1050 6.22 21.685 11.055
1051 4.326 7.608 11.724
1052 7.089 21.051 15.21
1053 6.058 25.898 16.17
1054 8.938 11.262 32.845
1055 10.655 22.032 30.8
1056 6.81 24.035 32.641
1057 11.838 1.03 1.365
1058 3.069 8.077 19.375
1059 11.842 30.423 21.97
1060 10.069 28.953 25.877
1061 6.782 16.066 24.426
1062 9.301 26.399 24.566
1063 7.322 33.414 18.343
1064 5.701 22.496 17.153
1065 10.442 31.54 8.528
1066 7.875 7.357 12.035
1067 8.728 10.597 21.818
1068 10.383 27.559 23.046
1069 8.301 17.252 34.1
1070 3.447 12.234 11.37
1071 6.092 14.079 31.835
1072 3.306 11.617 32.243
1073 3.814 23.426 24.48
1074 6.588 15.028 7.764
1075 8.022 34.335 6.617
1076 8.885 2.414 4.489
1077 7.011 4.827 9.936
1078 4.147 4.734 5.474
1079 6.203 3.041 11.735
1080 5.46 13.796 0.32
1081 11.814 19.144 3.028
1082 3.373 15.903 9.792
1083 10.008 35.407 8.403
1084 8.202 18.586 30.501
1085 8.816 8.325 22.928
1086 8.047 11.683 15.117
1087 8.651 35.069 11.077
1088 10.4 9.806 3.988
1089 10.949 12.173 8.267
1090 6.557 17.276 25.177
1091 3.107 10.966 12.143
1092 11.221 35.143 32.381
1093 2.563 17.95 34.124
1094 10.918 29.798 17.785
1095 2.674 27.401 8.727
1096 5.837 35.041 12.015
1097 6.564 8.974 27.691
1098 9.635 14.456 16.894
1099 5.28 7.747 10.199
1100 9.307 32.12 11.857
1101 3.09 5.075 32.712
1102 10.412 20.897 18.347
1103 3.155 20.198 7.158
1104 10.174 17.581 1.807
1105 6.316 29.131 27.406
1106 10.12 29.901 11.892
1107 7.812 12.069 27.353
1108 9.253 22.88 7.697
1109 5.033 13.998 22.329
1110 6.05 31.202 3.998
1111 11.288 28.864 30.328
1112 7.992 32.613 0.958
1113 8.475 30.894 13.447
1114 7.932 19.912 1.43
1115 6.382 11.926 33.101
1116 9.519 7.63 21.558
1117 3.328 14.608 11.368
1118 9.123 5.163 25.635
1119 11.82 5.501 17.382
1120 3.441 11.065 21.562
1121 8.377 20.893 16.556
1122 9.572 15.98 34.525
1123 4.484 0.677 33.153
1124 7.202 10.3 13.43
1125 7.935 16.432 7.901
1126 8.483 8.52 28.128
1127 9.356 10.728 35.749
1128 7.789 24.785 23.773
1129 7.85 5.543 21.266
1130 9.031 13.824 35.223
1131 8.661 4.4 28.364
1132 12.069 19.668 32.304
1133 7.234 26.053 14.235
1134 9.472 8.456 9.104
1135 3.086 9.935 25.904
1136 7.927 32.339 4.5
1137 11.963 16.543 26.593
1138 4.113 12.385 8.788
1139 6.579 8.443 32.915
1140 8.151 8.158 29.324
1141 12.123 18.858 24.811
1142 2.494 20.168 27.414
1143 8.185 27.369 23.623
1144 8.32 3.526 25.333
1145 4.285 35.462 14.232
1146 10.894 26.377 22.577
1147 5.426 17.409 23.074
1148 10.301 30.786 14.516
1149 11.288 7.723 26.414
1150 6.471 18.254 11.652
1151 6.337 33.469 10.047
1152 6.283 7.784 18.762
1153 4.85 28.586 11.795
1154 8.791 19.037 27.387
1155 12.109 34.512 10.775
1156 10.24 7.749 25.09
1157 3.749 3.292 14.006
1158 11.362 26.35 12.791
1159 5.402 0.946 15.85
1160 9.981 20.572 13.155
1161 4.456 17.971 27.293
1162 10.587 23.441 17.494
1163 4.335 13.174 31.1
1164 11.699 23.494 13.09
1165 2.829 22.138 2.493
1166 11.45 31.713 25.337
1167 11.511 11.28 17.924
1168 6.98 7.479 6.801
1169 10.035 3.071 30.506
1170 3.004 21.439 24.149
1171 6.544 33.081 13.256
1172 5.542 23.15 31.58
1173 4.804 22.342 3.929
1174 6.88 6.441 16.955
1175 8.191 8.039 2.608
1176 9.182 33.77 12.017
1177 11.599 22.342 6.205
1178 5.281 23.853 10.775
1179 9.913 4.76 18.406
1180 4.928 0.881 3.375
1181 8.807 1.222 33.749
1182 10.494 20.805 13.51
1183 6.321 5.324 25.78
1184 8.284 32.891 11.064
1185 9.433 26.562 30.822
1186 6.634 17.578 16.316
1187 4.25 24.614 22.51
1188 8.554 0.351 14.14
1189 10.887 14.147 7.742
1190 10.185 12.146 32.106
1191 3.917 18.74 4.477
1192 6.795 18.223 7.611
1193 8.142 9.43 1.729
1194 11.25 25.823 16.73
1195 7.139 20.92 32.665
1196 9.848 15.181 10.376
1197 6.122 20.092 2.337
1198 3.695 1.514 4.431
1199 5.573 17.158 24.985
1200 6.832 10.637 2.572
1201 2.469 15.144 32.664
1202 8.747 5.03 20.578
1203 2.679 18.595 21.521
1204 6.613 34.424 11.429
1205 9.911 0.801 3.739
1206 9.999 17.561 1.916
1207 11.424 16.655 30.956
1208 11.532 22.66 3.709
1209 11.462 2.762 0.498
1210 3.436 15.216 24.202
1211 7.039 24.008 35.202
1212 8.785 17.509 29.781
1213 9.657 33.443 32.862
1214 4.232 13.94 23.782
1215 6.174 2.334 13.515
1216 7.822 29.831 5.958
1217 2.991 12.732 1.209
1218 3.469 28.389 33.948
1219 4.756 26.436 5.463
1220 8.886 33.47 35.409
1221 4.308 21.629 31.73
1222 7.659 2.812 2.832
1223 4.322 33.366 24.049
1224 8.599 35.406 29.17
1225 10.105 26.389 10.626
1226 5.439 9.123 25.893
1227 9.446 11.59 4.793
1228 9.832 27.178 14.352
1229 11.711 26.576 24.4
1230 5.943 33.686 6.436
1231 8.895 26.884 27.171
1232 6.618 27.531 29.006
1233 11.599 20.407 11.448
1234 8.489 8.952 12.214
1235 7.278 13.937 10.888
1236 4.756 19.301 11.851
1237 5.739 10.804 15.533
1238 2.537 14.031 0.414
1239 5.204 35.217 0.867
1240 6.285 22.638 11.542
1241 8.091 28.716 35.088
1242 9.429 26.025 6.043
1243 4.875 34.654 5.41
1244 7.202 35.401 27.382
1245 4.507 24.093 14.922
1246 11.386 8.714 26.082
1247 11.234 4.674 7.412
1248 7.115 17.941 29.342
1249 9.438 23.75 9.335
1250 4.375 17.478 35.276
1251 5.545 28.535 28.751
1252 11.23 31.462 11.579
1253 5.018 17.403 11.602
1254 3.572 11.311 7.264
1255 9.089 23.317 33.138
1256 5.234 20.81 12.515
1257 4.338 2.015 24.996
1258 2.502 3.166 34.547
1259 9.084 25.178 35.087
1260 6.356 13.823 35.257
1261 4.264 18.98 11.025
1262 4.282 30.38 15.209
1263 7.56 10.079 12.022
1264 10.264 29.68 32.311
1265 5.051 27.024 4.423
1266 11.783 30.797 4.456
1267 8.576 29.658 16.443
1268 6.842 5.509 22.652
1269 7.439 8.573 20.532
1270 11.179 19.211 17.383
1271 9.175 22.863 1.859
1272 2.521 16.346 5.579
1273 4.788 7.84 27.314
1274 11.915 1.835 23.328
1275 5.535 7.819 20.871
1276 10.251 4.684 1.505
1277 5.095 15.852 11.181
1278 10.469 32.732 0.364
1279 3.753 14.13 31.09
1280 9.083 1.637 15.846
1281 5.994 5.234 12.194
1282 8.271 27.116 3.18
1283 10.92 9.069 24.719
1284 2.536 19.034 30.994
1285 8.732 9.824 8.461
1286 8.789 26.895 4.286
1287 5.132 21.896 27.903
1288 9.32 21.967 2.205
1289 4.357 13.572 3.439
1290 9.275 12.018 24.299
1291 8.101 24.177 35.597
1292 10.606 34.198 10.894
1293 11.585 31.391 19.107
1294 3.373 6.655 9.639
1295 3.955 26.79 18.61
1296 7.367 1.293 3.007
1297 6.873 9.857 19.484
1298 3.15 29.494 10.506
1299 9.554 10.352 26.171
1300 11.396 28.818 16.432
1301 6.891 17.067 1.258
1302 3.362 18.753 20.276
1303 7.73 1.894 19.82
1304 9.332 20.159 29.385
1305 6.757 10.996 26.347
1306 11.275 16.206 2.348
1307 10.085 10.003 11.354
1308 5.105 20.694 3.347
1309 4.499 20.0 14.652
1310 5.018 17.453 5.617
1311 10.366 30.938 14.713
1312 8.116 34.702 26.937
1313 9.306 0.726 30.108
1314 7.762 17.684 7.772
1315 4.501 22.467 7.968
1316 6.337 31.752 33.991
1317 2.768 28.812 24.081
1318 2.617 8.278 12.859
1319 10.469 14.468 14.531
1320 4.674 34.799 8.649
1321 7.791 12.178 27.176
1322 3.236 7.445 31.165
1323 4.875 9.307 1.217
1324 3.329 17.991 24.196
1325 9.902 19.904 12.937
1326 6.069 7.238 33.56
1327 9.576 12.321 9.261
1328 4.774 14.225 15.091
1329 2.754 31.758 25.7
1330 3.947 9.798 28.445
1331 4.492 27.174 25.089
1332 5.231 13.765 5.155
1333 7.021 5.384 17.162
1334 4.312 27.135 17.745
1335 7.928 23.519 32.286
1336 9.737 31.505 27.192
1337 2.962 28.575 27.36
1338 3.002 3.062 10.578
1339 4.824 19.835 18.935
1340 11.824 12.042 28.872
1341 6.511 2.565 24.378
1342 3.33 27.532 5.975
1343 6.118 18.031 4.115
1344 9.172 11.862 23.712
1345 7.886 24.678 14.649
1346 8.556 16.881 19.642
1347 6.256 27.485 23.584
1348 10.154 17.168 21.613
1349 4.209 26.396 29.661
1350 4.222 23.44 25.916
1351 11.353 25.053 4.212
1352 11.794 3.883 30.063
1353 10.843 12.501 33.158
1354 8.836 3.816 24.519
1355 8.432 13.585 17.106
1356 11.303 30.29 18.574
1357 9.732 18.889 3.108
1358 5.072 7.971 26.312
1359 5.632 19.788 23.993
1360 10.517 35.174 11.25
1361 5.745 33.398 15.621
1362 7.367 9.572 7.343
1363 10.396 6.107 13.38
1364 3.714 29.071 26.995
1365 10.261 25.655 25.927
1366 7.725 19.308 26.963
1367 7.182 34.701 15.456
1368 7.125 1.111 33.827
1369 2.935 24.391 12.201
1370 6.986 29.035 9.891
1371 2.993 5.808 8.267
1372 2.737 9.964 3.333
1373 8.496 27.497 24.779
1374 4.491 8.284 27.701
1375 7.589 34.965 31.256
1376 3.903 24.222 22.777
1377 9.845 29.159 29.165
1378 5.384 34.016 4.671
1379 4.408 1.56 28.495
1380 5.077 12.898 33.841
1381 4.539 34.785 16.698
1382 8.047 1.244 9.02
1383 3.102 21.805 11.491
1384 6.663 25.274 20.906
1385 7.873 25.03 32.111
1386 10.775 21.092 12.496
1387 10.821 4.586 19.601
1388 11.071 9.584 26.983
1389 9.918 35.549 19.85
1390 3.227 18.33 15.216
1391 3.103 10.475 23.315
1392 11.332 23.768 30.111
1393 2.924 8.73 31.068
1394 11.492 2.617 1.424
1395 5.493 8.421 12.107
1396 10.158 34.768 26.962
1397 6.996 23.492 19.713
1398 3.407 5.659 28.292
1399 6.007 6.26 1.115
1400 4.226 1.374 7.971
1401 4.155 31.649 2.958
1402 8.484 3.089 13.711
1403 10.623 26.77 16.92
1404 2.551 10.778 13.313
1405 9.254 15.411 30.72
1406 7.709 27.197 7.133
1407 5.726 21.678 34.327
1408 4.863 30.616 8.516
1409 2.819 14.62 18.272
1410 11.955 19.669 9.533
1411 5.472 34.775 2.896
1412 9.299 13.109 17.847
1413 8.818 5.506 25.415
1414 11.598 22.869 18.544
1415 10.925 26.23 8.617
1416 5.905 28.312 19.665
1417 8.689 33.243 13.188
1418 8.939 27.737 4.137
1419 7.25 32.832 32.469
1420 7.226 5.471 16.336
1421 5.659 14.304 26.227
1422 10.466 11.304 3.682
1423 6.536 10.807 5.55
1424 3.659 15.265 12.91
1425 8.977 23.653 20.545
1426 10.344 9.852 29.543
1427 8.469 10.536 31.066
1428 10.092 21.687 25.366
1429 7.331 35.391 9.244
1430 4.235 14.613 13.946
1431 9.736 22.331 2.173
1432 7.55 16.378 29.691
1433 7.089 9.421 35.101
1434 4.422 1.506 1.394
1435 12.1 25.403 8.434
1436 7.976 27.214 18.872
1437 4.075 10.528 14.289
1438 5.948 0.306 14.596
1439 4.22 14.345 27.771
1440 8.506 18.901 25.19
1441 9.874 2.405 33.187
1442 5.391 21.523 5.606
1443 6.934 17.962 34.564
1444 5.118 5.047 15.733
1445 7.566 12.19 31.107
1446 8.438 9.598 24.448
1447 6.248 29.181 27.023
1448 9.315 15.472 18.973
1449 5.004 16.809 14.038
1450 5.783 3.778 6.844
1451 3.464 30.605 29.198
1452 10.97 24.961 6.128
1453 10.484 12.603 14.873
1454 9.278 14.232 6.455
1455 3.831 28.812 5.196
1456 4.999 12.166 11.111
1457 7.773 8.628 21.218
1458 9.767 18.61 14.884
1459 6.445 16.235 3.583
1460 4.101 30.23 20.184
1461 11.973 17.458 29.35
1462 3.837 18.57 23.81
1463 5.921 33.253 33.26
1464 8.652 14.961 18.118
1465 6.988 13.805 15.082
1466 3.967 19.49 35.272
1467 8.281 22.969 26.906
1468 11.274 3.354 18.841
1469 7.369 21.085 11.077
1470 3.092 11.038 29.653
1471 4.327 19.405 5.82
1472 7.667 16.999 25.004
1473 4.478 19.203 33.331
1474 8.825 2.47 6.721
1475 6.897 31.529 32.939
1476 6.638 33.404 4.472
1477 3.745 0.231 5.148
1478 6.614 8.771 20.263
1479 10.316 26.335 16.964
1480 10.368 3.224 7.253
1481 4.577 31.063 22.686
1482 5.186 26.108 21.315
1483 8.85 6.742 21.317
1484 4.253 24.876 28.612
1485 7.511 21.122 9.114
1486 4.201 33.179 19.307
1487 11.43 4.134 29.803
1488 2.763 23.299 11.365
1489 4.753 20.805 10.443
1490 6.458 24.533 28.015
1491 6.412 6.658 30.027
1492 5.508 2.588 21.928
1493 10.852 10.623 32.061
1494 11.042 22.243 35.655
1495 6.062 8.593 30.77
1496 11.467 31.907 3.32
1497 5.056 25.142 5.391
1498 5.416 26.416 12.088
1499 4.143 26.729 14.981
1500 3.211 31.5 12.225
1501 11.164 13.528 29.228
1502 11.589 17.464 11.139
1503 6.345 17.994 19.546
1504 11.861 31.945 21.939
1505 9.212 20.848 5.352
1506 11.397 28.648 12.948
1507 11.101 9.578 20.659
1508 3.21 34.898 30.044
1509 8.445 4.714 33.543
1510 7.856 25.934 14.864
1511 5.797 18.933 21.23
1512 7.64 13.443 14.965
1513 11.882 14.336 11.983
1514 2.947 13.256 10.551
1515 7.116 34.836 22.244
1516 5.265 9.57 29.051
1517 7.023 28.418 30.872
1518 3.127 17.189 17.389
1519 4.68 23.361 23.328
1520 9.912 26.29 15.162
1521 3.176 22.743 31.041
1522 10.469 8.022 22.109
1523 5.624 11.212 20.176
1524 5.165 4.066 4.777
1525 9.958 21.678 15.58
1526 8.718 33.611 3.254
1527 3.018 11.401 0.79
1528 4.97 19.396 24.923
1529 4.165 33.212 3.337
1530 8.97 15.984 22.657
1531 11.695 15.188 14.14
1532 7.244 23.112 19.869
1533 2.832 34.088 27.139
1534 5.748 20.48 24.806
1535 4.971 28.595 27.761
1536 9.875 25.356 31.993
1537 11.58 25.211 26.802
1538 10.508 5.792 1.135
1539 11.614 4.999 24.507
1540 8.828 31.491 27.927
1541 9.96 6.785 2.05
1542 7.684 23.083 8.779
1543 8.328 29.177 2.701
1544 4.538 27.208 9.735
1545 10.775 8.63 1.363
1546 5.976 14.776 24.703
1547 4.873 5.463 2.346
1548 11.675 23.346 23.335
1549 4.799 34.554 10.686
1550 4.275 21.818 13.526
1551 2.624 26.699 32.217
1552 4.185 4.372 17.988
1553 8.683 17.964 32.496
1554 2.992 20.028 5.163
1555 8.483 13.192 1.825
1556 3.834 10.682 23.628
1557 7.788 2.829 30.237
1558 6.829 24.842 11.116
1559 9.165 26.236 8.25
1560 6.448 32.968 14.921
1561 4.271 16.591 32.425
1562 6.746 14.166 27.455
1563 6.649 12.044 13.899
1564 10.976 21.126 30.253
1565 11.38 32.067 7.019
1566 6.136 20.277 14.841
1567 11.505 35.498 26.401
1568 7.091 19.292 22.715
1569 11.662 0.863 33.585
1570 10.499 23.049 27.229
1571 6.478 13.519 25.603
1572 7.865 24.586 18.354
1573 11.535 6.223 6.62
1574 9.901 33.245 11.257
1575 7.795 15.499 26.388
1576 7.516 8.695 31.008
1577 7.83 1.616 19.714
1578 5.072 16.233 3.433
1579 6.065 17.563 5.036
1580 9.194 23.219 28.675
1581 10.008 6.46 1.296
1582 8.409 19.559 6.941
1583 3.185 17.677 12.575
1584 7.837 4.231 10.179
1585 2.634 14.526 34.228
1586 6.635 8.598 19.452
1587 8.437 13.434 33.833
1588 10.009 28.228 27.454
1589 11.454 6.36 26.231
1590 4.527 25.116 12.68
1591 2.964 1.573 0.947
1592 6.265 28.601 25.071
1593 2.635 25.215 1.531
1594 5.939 25.086 27.317
1595 11.894 10.67 21.689
1596 10.64 35.766 10.787
1597 5.802 30.803 19.106
1598 7.492 15.474 1.956
1599 4.302 13.058 16.031
1600 6.719 5.885 12.91
1601 9.546 32.066 18.856
1602 9.444 17.339 7.18
1603 9.023 25.246 34.942
1604 8.995 12.43 32.547
1605 6.119 32.037 15.889
1606 4.578 14.432 5.238
1607 4.863 1.237 10.316
1608 8.5 13.753 25.179
1609 5.617 15.102 13.933
1610 7.335 16.875 15.401
1611 10.977 34.884 7.774
1612 5.489 21.692 16.088
1613 7.048 19.535 29.092
1614 11.622 30.306 30.153
1615 5.148 6.184 10.391
1616 10.311 28.625 6.767
1617 3.688 16.977 0.809
1618 9.866 3.67 10.968
1619 4.315 17.836 19.521
1620 5.651 19.15 10.719
1621 6.373 20.143 3.464
1622 10.539 34.539 13.884
1623 9.879 13.904 22.705
1624 4.878 18.668 9.338
1625 8.664 16.34 4.264
1626 4.84 10.833 2.819
1627 9.693 25.795 17.426
1628 9.17 0.38 29.795
1629 9.891 5.051 34.72
1630 4.541 33.807 11.336
1631 9.876 3.76 23.81
1632 11.154 33.269 25.268
1633 3.604 27.001 23.377
1634 9.732 20.706 27.335
1635 6.749 12.438 34.434
1636 5.604 23.042 17.551
1637 8.883 25.725 3.943
1638 7.025 17.854 24.314
1639 5.147 12.085 1.144
1640 4.465 32.484 17.619
1641 3.169 13.575 6.463
1642 4.924 8.284 30.943
1643 2.864 34.115 17.974
1644 8.517 21.487 8.963
1645 5.948 15.122 11.312
1646 9.862 26.416 29.995
1647 9.971 14.81 13.19
1648 3.242 29.349 34.264
1649 6.949 34.422 18.233
1650 6.728 22.555 1.042
1651 5.034 16.298 33.572
1652 7.201 33.106 31.585
1653 7.748 6.988 11.614
1654 9.188 22.834 20.268
1655 7.664 11.758 27.632
1656 3.077 0.711 18.607
1657 9.564 30.703 9.46
1658 11.481 35.027 4.744
1659 3.486 22.495 14.654
1660 11.46 21.938 15.706
1661 3.198 23.168 20.059
1662 8.737 13.661 20.934
1663 8.827 6.159 29.996
1664 8.523 4.386 17.28
1665 4.877 0.497 2.456
1666 9.375 2.549 35.563
1667 9.922 16.305 24.408
1668 11.382 2.426 10.358
1669 3.416 34.42 20.472
1670 8.698 28.233 13.819
1671 8.572 31.761 12.442
1672 8.716 18.435 21.745
1673 8.804 19.687 5.338
1674 6.936 14.854 17.722
1675 6.992 24.273 2.272
1676 5.228 28.091 8.53
1677 9.331 20.835 13.657
1678 6.183 18.126 26.167
1679 10.858 17.857 5.892
1680 8.009 0.376 23.708
1681 6.97 30.914 33.605
1682 3.065 27.658 19.307
1683 4.284 4.696 21.051
1684 3.811 13.457 21.742
1685 11.145 2.358 0.374
1686 2.6 28.345 27.581
1687 6.734 9.92 26.664
1688 5.332 12.379 20.842
1689 5.109 4.823 31.308
1690 11.269 6.903 16.772
1691 5.938 8.059 19.736
1692 3.809 8.929 28.948
1693 9.772 2.528 23.561
1694 11.742 20.567 1.703
1695 10.756 14.101 13.853
1696 8.595 7.124 16.37
1697 8.603 33.679 29.665
1698 8.16 33.776 13.561
1699 6.823 35.13 8.707
1700 4.13 19.662 10.244
1701 6.555 16.887 29.919
1702 3.007 28.52 16.829
1703 4.433 0.355 35.716
1704 9.622 10.86 22.113
1705 2.495 5.897 20.566
1706 5.921 8.014 22.092
1707 3.561 28.107 24.663
1708 3.468 10.928 25.935
1709 5.15 11.304 3.697
1710 5.358 17.32 33.814
1711 8.439 1.765 27.099
1712 4.134 16.268 21.144
1713 4.064 29.209 17.675
1714 4.578 11.071 7.158
1715 3.385 13.119 30.432
1716 11.918 0.966 23.517
1717 4.773 0.889 14.909
1718 6.508 34.231 10.128
1719 10.778 25.387 21.031
1720 2.618 26.172 20.173
1721 3.292 29.639 12.61
1722 9.928 2.812 31.983
1723 8.197 1.737 19.198
1724 3.681 29.674 34.682
1725 11.129 17.63 1.001
1726 11.86 33.993 26.108
1727 5.399 9.487 24.393
1728 6.223 4.362 29.74
1729 3.403 27.573 32.958
1730 2.573 10.099 32.339
1731 4.846 19.361 34.025
1732 10.262 22.357 31.875
1733 9.612 18.212 16.292
1734 11.516 26.423 27.646
1735 5.307 26.382 16.999
1736 11.72 3.716 26.401
1737 11.798 7.689 13.899
1738 7.337 1.467 20.609
1739 6.86 20.679 6.644
1740 7.873 24.998 24.679
1741 9.732 16.542 17.99
1742 6.16 22.802 29.611
1743 11.863 20.275 10.788
1744 11.416 0.668 10.242
1745 7.764 18.898 13.129
1746 5.681 32.753 6.209
1747 12.123 29.586 15.483
1748 3.271 22.007 34.549
1749 7.705 26.878 25.289
1750 2.798 17.427 1.932
1751 11.153 18.439 25.888
1752 11.409 24.959 29.259
1753 7.791 29.487 1.577
1754 10.272 5.737 12.039
1755 3.362 3.688 14.066
1756 9.573 2.175 31.026
1757 3.901 18.975 30.805
1758 7.097 1.146 4.331
1759 5.713 20.566 25.189
1760 3.042 15.858 21.783
1761 2.71 9.793 26.946
1762 9.986 1.147 1.394
1763 10.491 4.396 8.701
1764 10.632 4.286 30.238
1765 9.979 9.325 23.238
1766 9.166 35.333 18.328
1767 8.305 24.991 14.154
1768 8.557 17.281 22.161
1769 4.027 2.466 1.464
1770 5.863 14.252 4.526
1771 6.554 32.896 21.97
1772 9.335 8.649 20.528
1773 2.639 27.271 1.77
1774 6.583 17.939 15.094
1775 11.075 13.403 32.766
1776 10.977 5.844 9.368
1777 7.632 20.372 14.779
1778 2.542 32.144 26.609
1779 11.458 29.71 4.819
1780 4.392 21.953 8.34
1781 2.644 34.318 25.154
1782 4.814 27.875 9.968
1783 6.234 8.11 18.429
1784 9.418 30.1 30.329
1785 11.061 23.342 14.618
1786 6.691 24.243 23.17
1787 2.489 27.116 13.446
1788 10.592 20.674 20.454
1789 8.26 17.907 6.474
1790 6.266 30.698 12.987
1791 11.814 27.891 7.548
1792 3.211 15.423 34.538
1793 8.035 31.601 24.157
1794 7.835 26.467 8.744
1795 2.615 15.024 22.03
1796 11.624 19.02 8.697
1797 7.954 8.472 11.64
1798 6.905 7.323 13.898
1799 8.573 27.254 5.242
1800 6.984 15.577 26.497
1801 9.179 23.519 26.455
1802 3.124 1.745 1.41
1803 5.579 24.116 31.93
1804 6.56 2.05 14.177
1805 8.104 0.715 21.783
1806 8.286 19.191 24.104
1807 10.195 1.185 3.078
1808 6.108 6.591 35.503
1809 5.63 34.632 25.481
1810 9.356 31.108 2.648
1811 5.173 31.107 14.158
1812 3.57 1.144 16.036
1813 8.62 12.887 24.012
1814 10.947 12.815 31.237
1815 6.082 30.641 31.345
1816 11.426 20.17 22.572
1817 3.466 26.54 22.525
1818 9.749 24.421 19.02
1819 10.901 32.116 18.134
1820 4.761 10.553 23.812
1821 2.555 7.447 27.427
1822 9.027 28.419 13.937
1823 2.784 26.007 20.408
1824 2.771 25.761 29.047
1825 4.035 4.132 30.193
1826 2.922 15.911 2.237
1827 4.789 23.338 4.912
1828 2.867 3.085 24.01
1829 11.348 17.714 24.066
1830 10.753 30.517 30.649
1831 5.109 13.387 5.312
1832 5.438 17.289 4.738
1833 11.045 25.855 22.379
1834 9.066 14.973 5.396
1835 8.032 1.87 28.213
1836 5.058 11.728 32.007
1837 11.676 32.87 26.308
1838 10.288 29.472 24.383
1839 10.447 7.995 27.945
1840 11.974 1.286 20.317
1841 6.116 35.595 0.683
1842 11.411 35.076 18.802
1843 10.36 4.837 2.004
1844 7.872 2.429 10.942
1845 9.054 5.583 22.806
1846 2.855 19.222 21.491
1847 6.788 6.002 20.046
1848 11.8 17.17 17.006
1849 8.026 35.187 25.528
1850 7.158 24.31 6.377
1851 3.92 1.102 23.262
1852 7.701 2.897 8.59
1853 10.239 24.871 11.609
1854 9.248 22.785 11.661
1855 7.724 0.921 19.553
1856 6.149 30.094 17.928
1857 10.095 27.223 3.363
1858 10.637 31.042 7.419
1859 7.899 0.32 22.981
1860 3.655 31.677 34.656
1861 11.7 34.886 26.136
1862 9.1 3.475 34.559
1863 5.66 15.897 15.168
1864 10.523 22.098 27.765
1865 7.721 4.56 18.198
1866 10.425 35.584 22.594
1867 9.105 3.603 2.895
1868 5.491 8.998 23.37
1869 7.825 24.012 23.0
1870 6.124 3.952 28.687
1871 10.796 32.815 35.605
1872 4.274 19.397 17.725
1873 6.422 18.778 0.493
1874 11.602 25.675 11.985
1875 10.322 27.993 7.337
1876 8.502 7.266 8.678
1877 10.637 4.938 28.858
1878 11.712 24.983 4.977
1879 5.813 10.56 20.242
1880 7.681 31.045 21.411
1881 11.62 11.222 23.36
1882 3.02 16.303 21.418
1883 10.569 2.821 18.427
1884 5.592 27.239 26.301
1885 5.997 2.048 16.218
1886 4.338 17.943 21.135
1887 10.604 2.377 24.576
1888 8.25 6.652 28.875
1889 7.639 17.595 33.98
1890 8.086 7.082 19.544
1891 11.63 23.118 11.094
1892 11.879 3.26 17.805
1893 7.658 5.011 19.142
1894 3.352 5.943 14.209
1895 7.513 11.285 25.827
1896 8.143 23.102 34.835
1897 5.004 1.555 1.858
1898 7.505 21.999 5.099
1899 6.888 30.507 7.371
1900 7.834 11.442 8.275
1901 9.695 8.979 31.903
1902 3.167 23.844 8.944
1903 5.146 1.275 21.451
1904 9.275 6.418 22.087
1905 8.076 34.702 30.149
1906 7.04 25.422 33.62
1907 10.071 24.361 26.599
1908 11.438 18.771 18.841
1909 10.589 24.282 0.561
1910 3.974 10.966 17.621
1911 4.245 20.636 15.808
1912 6.465 26.14 17.063
1913 11.859 35.348 23.462
1914 6.237 1.397 25.088
1915 10.488 19.011 28.161
1916 4.508 19.961 33.149
1917 9.053 16.792 26.897
1918 7.829 34.71 34.068
1919 8.212 12.05 27.602
1920 8.9 8.868 20.762
1921 5.931 28.24 9.948
1922 6.218 35.436 20.134
1923 7.333 28.01 27.543
1924 10.532 30.413 24.361
1925 7.546 24.316 22.308
1926 5.981 25.875 25.484
1927 10.54 14.794 35.434
1928 8.246 19.837 13.226
1929 4.026 7.087 13.336
1930 11.424 5.779 11.671
1931 4.961 8.303 31.42
1932 11.357 3.205 16.716
1933 4.14 21.877 21.151
1934 10.65 5.258 27.039
1935 8.163 26.244 8.579
1936 10.2 2.537 10.066
1937 9.376 29.356 21.055
1938 4.551 9.959 26.738
1939 10.849 24.811 2.244
1940 11.102 32.855 30.965
1941 6.107 8.97 9.018
1942 6.348 19.647 19.155
1943 10.431 5.205 21.607
1944 11.076 9.084 3.423
