location capacity Xf Yf
1 30.651 33.248 34.062
2 46.875 7.674 27.733
3 15.254 24.348 31.481
4 45.813 17.736 22.712
5 20.968 24.787 22.72
6 26.735 11.091 27.001
7 13.322 0.504 25.93
8 45.726 6.012 31.606
9 46.487 29.373 26.002
10 22.011 26.029 1.831
11 26.48 29.875 8.908
12 12.263 11.518 34.551
13 16.401 32.657 28.131
14 38.843 26.507 32.694
15 33.434 6.688 8.576
16 21.934 13.637 28.347
17 35.282 2.946 9.269
18 25.607 22.813 33.22
19 25.871 30.97 11.871
20 32.874 15.623 17.834
21 11.497 10.397 17.165
22 38.633 18.997 25.681
23 35.998 24.848 22.001
24 43.881 20.656 8.102
25 38.702 23.183 5.116
26 33.227 2.296 26.803
27 18.539 30.151 16.378
28 27.538 7.285 29.625
29 10.464 34.946 19.873
30 48.234 24.623 3.633
31 43.464 26.071 25.777
32 11.764 0.378 10.64
33 29.58 16.178 3.393
34 18.383 11.806 9.317
35 35.989 8.918 13.143
36 20.709 7.265 3.544
37 36.447 27.094 16.766
38 10.839 13.931 28.571
39 44.923 34.345 21.27
40 22.096 14.81 21.155
41 45.847 2.425 31.593
42 29.388 31.712 28.773
43 26.306 1.418 24.482
44 31.886 11.134 6.864
45 44.69 22.051 20.573
46 16.731 35.656 22.714
47 31.26 13.692 4.151
48 42.838 7.598 23.779
49 17.649 8.994 35.595
50 45.66 14.564 10.358
51 12.257 9.773 31.729
52 29.304 34.509 18.902
53 14.516 28.468 17.596
54 44.387 34.757 0.679
55 11.683 7.95 12.575
56 33.493 27.889 9.595
57 14.205 28.148 28.62
58 31.217 12.886 19.874
59 24.149 15.234 27.954
60 30.315 31.017 16.351
61 12.853 2.366 20.422
62 22.725 16.751 29.996
63 15.304 28.67 34.4
64 30.205 0.684 12.185
65 35.551 24.027 20.055
66 36.767 24.937 27.5
67 24.701 27.841 13.73
68 20.654 13.555 12.685
69 27.825 6.001 21.385
70 35.729 8.142 22.211
71 45.713 27.177 28.295
72 46.063 34.248 30.84
73 16.006 8.191 20.05
74 17.454 17.467 32.923
75 39.855 3.946 32.442
76 15.984 14.582 20.89
77 25.964 28.126 1.68
78 37.077 27.865 17.732
79 18.064 16.848 21.591
80 14.245 1.932 9.353
81 18.267 22.895 23.447
82 47.425 24.167 24.889
83 42.77 35.424 30.299
84 44.619 5.799 22.677
85 43.849 9.518 27.452
86 40.681 19.357 30.912
87 30.314 4.713 4.242
88 39.167 4.668 11.351
89 19.189 15.45 23.587
90 31.953 24.774 1.639
91 41.747 34.442 20.807
92 9.717 3.68 21.955
93 39.545 26.632 25.539
94 15.275 1.979 16.724
95 15.444 2.438 27.887
96 17.437 13.239 15.112
97 27.872 26.607 19.629
98 29.046 1.7 7.647
99 39.386 34.7 19.342
100 39.89 9.797 7.005
101 22.683 4.609 17.877
102 36.149 3.761 20.485
103 35.685 35.592 19.608
104 28.166 15.138 25.113
105 34.215 14.821 20.758
106 20.125 20.083 24.178
107 34.268 9.209 4.879
108 10.417 35.511 33.291
109 29.969 22.305 15.155
110 17.186 24.243 9.299
111 35.791 33.791 0.536
112 23.002 13.355 28.653
113 24.458 20.329 9.473
114 23.109 4.434 5.013
115 44.286 30.866 18.657
116 23.235 15.113 31.798
117 18.114 8.046 19.379
118 28.049 32.902 5.414
119 32.922 32.676 31.82
120 37.278 15.075 10.892
121 12.126 35.481 0.627
122 38.319 25.457 31.549
123 32.271 24.799 27.163
124 27.333 27.979 12.201
125 38.01 18.498 8.713
126 12.282 23.67 11.92
127 18.605 14.076 10.624
128 34.661 32.442 22.499
129 46.839 27.409 26.524
130 33.904 32.034 23.37
131 9.937 13.416 24.087
132 32.583 32.168 0.654
133 44.291 2.297 8.544
134 47.445 17.275 25.894
135 40.969 15.073 32.007
136 13.964 27.007 20.055
137 30.806 2.011 11.615
138 39.991 11.448 2.928
139 24.898 24.01 22.251
140 47.005 28.67 24.296
141 31.848 35.215 21.842
142 40.984 6.53 12.911
143 30.702 34.205 18.643
144 36.852 4.422 35.479
145 46.018 27.883 31.301
146 37.028 15.257 6.51
147 34.472 25.908 14.435
148 13.832 25.12 6.967
149 31.131 2.836 30.19
150 10.905 27.593 12.038
151 16.745 4.69 32.301
152 34.373 2.911 22.895
153 32.347 13.714 4.212
154 24.182 21.635 29.933
155 24.84 17.069 11.124
156 11.11 35.413 21.741
157 48.218 18.571 27.81
158 33.81 19.467 1.545
159 37.395 6.611 3.535
160 17.946 29.866 21.302
161 24.447 7.988 0.685
162 44.893 11.973 16.856
163 23.307 20.067 15.538
164 47.454 13.643 35.438
165 19.99 10.133 2.346
166 36.406 9.74 12.757
167 9.929 27.227 12.525
168 46.312 22.794 34.631
169 33.99 6.144 32.496
170 44.388 1.25 15.264
171 34.607 23.831 28.261
172 11.583 7.494 12.52
173 29.9 25.712 32.263
174 42.245 20.717 21.35
175 41.633 25.043 33.413
176 38.58 10.801 35.185
177 28.072 1.604 18.118
178 26.163 28.056 34.769
179 28.337 20.336 19.152
180 26.724 27.984 21.728
181 46.154 4.99 30.154
182 17.234 18.86 27.086
183 24.857 3.073 2.689
184 41.061 24.786 7.289
185 39.301 21.949 8.952
186 36.875 12.753 18.59
187 24.075 31.48 18.735
188 21.228 9.949 11.772
189 42.178 35.38 7.829
190 42.357 6.493 16.785
191 41.946 2.936 33.739
192 40.326 24.422 5.722
193 46.036 26.755 25.775
194 15.12 25.504 9.264
195 36.306 8.322 19.589
196 19.729 11.66 33.694
197 21.642 18.709 22.629
198 40.913 15.428 1.156
199 47.188 12.7 6.491
200 43.067 34.09 6.011
201 21.336 35.011 32.497
202 23.724 31.079 27.17
203 14.426 21.028 16.248
204 15.322 18.606 34.339
205 24.468 8.295 25.68
206 34.391 13.448 14.549
207 10.211 11.518 32.974
208 41.336 13.794 7.921
209 13.45 34.648 21.684
210 10.837 35.207 14.604
211 41.833 3.094 2.206
212 13.829 12.38 8.223
213 30.731 14.546 28.681
214 35.765 8.396 3.855
215 14.653 11.482 30.397
216 39.485 26.254 29.285
217 24.475 21.458 4.512
218 25.21 8.26 10.958
219 31.156 32.047 33.467
220 25.76 7.608 27.166
221 31.777 23.998 31.004
222 33.912 0.535 12.74
223 33.302 25.183 22.816
224 46.791 2.891 15.543
225 18.482 10.82 21.776
226 24.761 21.989 12.807
227 26.905 7.588 30.61
228 33.704 33.904 6.538
229 35.502 11.223 4.215
230 14.854 18.867 29.656
231 42.089 18.19 11.108
232 40.749 14.482 22.931
233 29.795 14.678 30.999
234 28.525 9.535 30.666
235 48.2 12.093 34.508
236 14.186 8.205 10.101
237 20.114 32.534 30.999
238 25.523 1.17 29.438
239 39.226 35.009 7.359
240 18.09 33.159 30.691
241 26.569 1.976 34.953
242 37.515 28.012 19.044
243 18.868 2.351 15.065
244 46.962 18.153 12.895
245 12.322 14.417 7.0
246 19.683 30.759 32.72
247 27.884 10.463 20.112
248 17.139 20.932 6.003
249 18.454 11.505 24.415
250 43.499 28.317 23.711
251 18.165 27.829 15.573
252 25.354 4.187 21.116
253 14.149 22.893 9.67
254 46.941 15.936 23.124
255 13.705 33.999 16.817
256 21.201 18.828 33.786
257 19.85 28.773 24.699
258 27.518 27.37 24.074
259 32.755 7.491 2.039
260 24.94 33.258 25.448
261 35.502 28.304 6.668
262 18.111 2.919 19.556
263 11.223 14.034 30.986
264 25.093 19.773 35.008
265 39.109 1.441 23.687
266 46.853 30.618 13.786
267 16.316 12.157 32.194
268 36.917 33.099 27.583
269 44.998 0.985 15.575
270 27.436 34.193 24.303
271 27.369 35.457 12.483
272 17.196 30.848 33.341
273 16.137 35.307 35.007
274 17.719 15.372 12.317
275 18.565 28.137 27.376
276 26.307 25.425 8.816
277 24.025 19.196 13.918
278 41.824 9.226 14.295
279 39.464 30.794 0.695
280 39.6 20.476 25.501
281 13.307 2.987 9.101
282 24.69 17.662 28.556
283 31.79 11.979 12.701
284 37.9 28.032 8.158
285 34.041 3.09 9.606
286 32.824 20.508 14.233
287 46.883 10.735 12.668
288 48.458 2.032 6.771
289 41.247 6.234 19.834
290 20.141 5.299 25.863
291 17.995 5.661 11.921
292 33.337 11.706 26.321
293 32.569 12.764 26.727
294 45.677 27.228 18.812
295 18.289 1.611 9.513
296 11.5 9.114 10.356
297 10.257 4.101 6.367
298 44.962 8.157 16.474
299 46.898 33.515 25.979
300 29.909 28.567 10.728
301 10.866 23.835 25.406
302 32.124 22.677 21.607
303 18.73 1.617 21.229
304 36.842 23.058 25.917
305 30.373 28.786 9.146
306 19.17 5.152 10.6
307 28.914 26.219 19.514
308 19.023 33.362 3.467
309 44.643 18.869 32.604
310 26.43 6.714 23.567
311 47.106 13.713 34.828
312 35.413 10.422 20.679
313 11.441 30.105 33.825
314 25.291 32.514 1.847
315 29.485 4.363 4.096
316 24.577 15.776 12.428
317 28.31 31.972 15.765
318 23.362 17.365 11.143
319 32.74 2.014 15.253
320 23.376 15.61 7.64
321 38.65 3.911 11.195
322 46.808 14.516 9.735
323 12.465 7.697 2.603
324 28.219 22.036 8.381
325 47.67 1.511 26.91
326 14.643 7.368 9.179
327 26.115 34.55 24.038
328 20.964 7.153 17.813
329 39.3 21.675 23.62
330 30.071 23.254 6.618
331 40.994 2.993 16.18
332 44.897 29.543 8.572
333 10.227 28.155 24.621
334 35.923 20.464 32.74
335 13.042 5.717 25.026
336 46.415 23.457 11.633
337 32.746 31.409 9.734
338 32.154 5.426 7.153
339 23.273 23.373 27.94
340 10.368 17.011 21.235
341 41.121 23.064 31.161
342 12.249 22.192 26.571
343 20.808 28.858 6.64
344 26.06 14.276 8.039
345 10.229 18.327 24.126
346 35.081 21.144 23.579
347 30.958 19.302 21.799
348 32.99 16.276 22.55
349 14.372 19.485 0.255
350 40.666 27.499 21.652
351 31.167 27.637 18.292
352 11.444 33.118 4.043
353 25.062 16.694 17.965
354 46.509 16.392 25.873
355 13.449 26.784 10.954
356 13.972 12.277 0.831
357 44.418 8.164 28.779
358 37.328 24.081 2.264
359 46.822 10.674 14.641
360 22.495 29.494 17.435
361 15.928 12.158 26.325
362 11.14 27.519 17.155
363 38.271 10.32 24.035
364 23.812 16.02 31.946
365 42.476 31.973 15.031
366 13.215 35.546 4.976
367 33.58 25.033 17.104
368 15.825 16.984 2.526
369 13.807 19.067 7.751
370 39.719 33.684 34.213
371 15.456 13.34 22.377
372 37.077 32.246 9.756
373 44.698 18.233 3.035
374 39.362 0.698 8.476
375 35.038 4.901 8.955
376 33.992 8.672 10.712
377 31.757 27.366 23.251
378 40.255 2.123 33.752
379 40.592 21.586 21.603
380 13.575 18.162 10.391
381 32.009 31.39 16.494
382 28.576 0.575 5.707
383 36.784 7.574 26.449
384 13.801 1.896 35.037
385 44.192 20.892 29.417
386 34.766 7.26 18.325
387 16.53 7.424 10.937
388 14.862 7.42 16.11
389 18.683 32.887 20.598
390 32.593 26.905 30.541
391 25.918 14.748 11.931
392 12.75 27.429 20.263
393 16.513 11.068 9.431
394 29.501 26.079 4.755
395 25.761 10.636 9.441
396 28.756 5.43 31.958
397 35.752 30.581 25.369
398 10.552 13.98 19.934
399 13.491 3.536 34.516
400 31.754 18.941 16.991
401 19.223 32.653 18.907
402 13.813 2.747 19.311
403 15.239 25.664 19.791
404 35.894 30.001 21.701
405 14.569 24.306 20.825
406 20.823 13.457 21.036
407 23.986 19.176 31.456
408 29.582 26.745 1.638
409 25.389 33.583 20.485
410 10.772 4.733 27.497
411 27.454 35.736 25.204
412 38.474 3.076 15.485
413 45.297 15.183 8.752
414 23.622 23.829 23.597
415 19.527 2.852 31.12
416 45.271 11.476 5.729
417 25.989 17.646 14.78
418 31.629 22.528 31.389
419 26.969 8.97 8.713
420 31.59 2.409 28.984
421 29.064 1.498 17.052
422 18.813 3.592 25.33
423 37.622 33.118 12.019
424 47.059 5.525 33.526
425 12.637 19.921 8.566
426 15.126 33.257 9.313
427 43.001 25.614 10.532
428 33.432 28.093 4.492
429 32.917 6.497 7.189
430 29.663 33.323 15.198
431 15.47 33.287 18.042
432 14.058 4.096 4.935
433 26.28 12.491 14.456
434 30.466 1.588 34.195
435 35.053 16.627 34.546
436 13.745 5.469 19.138
437 30.952 20.903 5.562
438 11.039 32.313 31.758
439 40.926 3.777 10.946
440 42.744 31.417 34.86
441 11.6 18.565 7.593
442 40.077 4.073 26.044
443 47.713 26.192 29.112
444 12.456 17.67 9.997
445 32.671 19.908 10.175
446 29.783 31.612 16.011
447 41.246 12.788 3.419
448 40.74 29.442 11.999
449 43.042 30.116 0.719
450 17.332 8.704 24.174
451 11.582 27.709 31.285
452 34.807 32.475 23.222
453 48.2 2.473 22.946
454 46.674 9.236 19.548
455 37.628 7.666 27.531
456 17.376 6.132 11.264
457 43.802 16.124 24.015
458 13.095 4.273 25.545
459 16.35 17.013 24.082
460 31.485 32.759 24.606
461 17.244 29.627 5.028
462 19.481 8.399 19.625
463 12.435 6.401 1.08
464 25.706 27.033 29.342
465 42.094 32.872 25.782
466 39.991 15.395 9.149
467 15.159 22.261 31.452
468 10.947 28.755 6.556
469 21.918 33.68 9.579
470 47.644 18.945 22.773
471 18.703 5.235 31.337
472 41.418 33.527 4.626
473 18.096 10.767 17.937
474 33.936 25.207 34.137
475 10.103 17.275 26.262
476 47.938 24.104 23.245
477 29.584 15.98 12.456
478 44.739 7.047 7.921
479 20.279 5.602 1.03
480 24.123 9.944 10.957
481 31.181 12.006 18.158
482 41.043 25.464 24.917
483 35.298 9.642 14.966
484 36.759 14.071 35.453
485 22.783 3.131 24.709
486 21.076 8.366 24.974
487 24.035 26.481 16.586
488 11.587 34.494 10.411
489 36.658 0.682 2.7
490 44.863 10.817 14.51
491 45.281 14.273 19.384
492 32.793 32.802 18.746
493 25.634 9.34 25.59
494 15.712 11.122 10.39
495 45.61 34.713 12.925
496 27.215 22.294 8.022
497 24.412 3.346 14.59
498 16.219 2.175 3.099
499 12.188 15.617 32.7
500 35.547 15.849 31.596
501 40.424 29.7 6.063
502 13.97 15.711 16.092
503 37.904 23.619 24.963
504 18.36 35.366 34.182
505 35.514 2.825 34.098
506 38.576 33.4 9.263
507 26.581 12.812 16.065
508 23.084 20.456 3.177
509 18.428 4.96 9.633
510 31.223 19.184 18.619
511 18.001 12.152 4.833
512 34.927 22.796 31.385
513 32.318 10.326 22.854
514 44.117 34.012 20.135
515 10.339 18.837 31.813
516 32.459 25.708 10.067
517 41.705 3.273 8.366
518 35.05 26.009 35.736
519 21.469 17.336 1.029
520 16.628 31.568 3.665
521 10.601 33.488 34.601
522 13.204 11.936 17.869
523 9.753 12.601 9.233
524 32.663 32.492 31.776
525 26.45 15.153 31.974
526 26.382 13.902 34.442
527 24.528 3.281 20.134
528 13.199 11.599 15.941
529 40.333 11.032 8.382
530 29.833 21.023 33.641
531 37.074 5.814 8.821
532 16.966 24.535 8.279
533 18.058 6.196 10.296
534 29.468 12.259 12.097
535 48.181 31.866 14.389
536 17.058 16.864 34.296
537 34.017 13.047 12.579
538 25.057 15.623 12.366
539 16.091 9.356 17.541
540 35.536 17.191 11.317
541 29.356 7.564 30.312
542 22.418 18.451 24.183
543 27.153 12.498 16.401
544 10.924 21.876 26.424
545 45.214 11.708 35.356
546 43.948 26.387 2.904
547 19.237 6.455 8.878
548 22.532 13.923 24.249
549 22.216 31.012 31.507
550 45.445 6.678 12.737
551 9.792 24.395 1.393
552 12.53 4.708 25.853
553 13.417 6.59 20.853
554 27.155 2.485 19.2
555 45.929 12.14 7.056
556 16.432 2.09 14.011
557 22.506 22.828 21.266
558 10.452 18.479 9.604
559 21.11 29.029 15.133
560 18.741 7.174 24.647
561 18.463 9.183 7.611
562 24.554 27.424 2.877
563 35.676 16.286 29.002
564 21.429 28.528 10.282
565 10.347 6.359 26.389
566 40.194 8.351 11.462
567 16.664 13.796 30.11
568 36.311 21.535 32.769
569 39.482 26.516 17.519
570 10.085 25.462 14.299
571 37.43 5.971 2.364
572 15.946 1.674 8.328
573 40.908 8.059 12.703
574 21.055 1.506 14.446
575 29.205 29.94 23.925
576 14.982 8.669 31.484
577 27.876 31.942 30.898
578 10.757 30.71 29.648
579 21.816 29.409 1.701
580 26.145 25.582 33.438
581 36.822 3.671 22.285
582 15.399 13.137 1.801
583 11.251 8.092 21.966
584 20.811 22.782 24.361
585 34.297 33.329 19.439
586 29.06 34.67 30.746
587 33.583 23.164 24.969
588 12.465 7.642 3.462
589 46.916 24.274 18.756
590 34.941 11.684 30.328
591 23.64 9.075 7.205
592 12.167 27.855 5.822
593 26.07 5.303 2.339
594 33.083 7.385 20.685
595 31.548 34.412 24.81
596 12.243 7.874 20.265
597 36.399 13.001 9.742
598 42.261 5.339 23.813
599 38.814 14.594 2.179
600 31.388 2.69 33.969
601 41.608 28.264 35.1
602 44.916 24.841 27.706
603 10.792 35.785 19.779
604 13.123 12.978 24.503
605 25.315 15.865 2.131
606 17.65 34.766 25.812
607 38.645 8.386 20.233
608 16.871 20.619 30.303
609 43.355 29.786 6.993
610 27.099 17.95 3.994
611 25.355 10.982 9.75
612 11.634 22.146 20.473
613 31.866 27.66 18.211
614 25.033 23.938 4.696
615 43.557 1.981 1.07
616 12.714 29.803 5.207
617 46.35 26.175 12.208
618 12.047 30.562 15.93
619 27.04 18.108 10.826
620 22.467 31.408 28.249
621 21.367 16.636 31.175
622 25.602 17.586 7.733
623 37.182 14.83 15.588
624 19.648 19.623 16.114
625 47.05 30.205 32.12
626 47.055 0.978 1.572
627 34.755 30.134 33.79
628 30.662 31.362 26.091
629 19.529 31.536 18.789
630 28.803 22.54 2.384
631 42.009 15.265 10.397
632 29.447 35.272 8.483
633 44.574 32.251 24.322
634 28.661 25.576 19.21
635 14.394 1.455 32.795
636 37.382 17.275 1.834
637 37.834 15.855 19.843
638 24.816 34.492 1.289
639 12.307 17.232 14.258
640 22.49 27.537 11.347
641 43.172 25.072 35.078
642 22.63 35.468 25.662
643 21.317 20.03 34.064
644 42.631 7.865 2.574
645 13.8 11.556 32.668
646 42.13 6.544 0.232
647 17.337 35.696 10.197
648 36.327 20.897 14.349
649 16.173 14.629 0.911
650 24.838 30.095 22.222
651 45.418 1.619 28.396
652 12.59 0.633 9.016
653 39.917 21.941 17.015
654 14.754 8.385 33.448
655 29.218 13.239 26.914
656 20.186 34.572 14.337
657 41.386 14.21 25.62
658 46.152 28.447 11.033
659 25.371 33.038 5.177
660 18.927 13.725 35.47
661 10.853 33.185 30.032
662 25.111 21.864 31.926
663 20.791 12.759 29.369
664 18.743 0.402 8.548
665 33.748 16.85 19.164
666 11.182 3.691 21.063
667 23.502 5.871 28.985
668 18.998 11.647 21.476
669 32.257 5.903 17.642
670 30.82 14.481 10.797
671 29.863 34.295 35.294
672 45.079 31.406 15.004
673 23.942 31.362 14.408
674 25.389 4.677 15.506
675 30.836 21.893 13.002
676 10.299 27.562 15.257
677 34.859 3.428 27.716
678 20.445 35.571 2.103
679 37.041 35.007 14.447
680 39.999 34.376 27.389
681 24.498 33.047 15.216
682 42.894 34.926 1.653
683 42.221 20.276 23.892
684 30.21 22.441 7.485
685 36.899 32.013 2.023
686 13.91 14.177 27.578
687 47.926 26.072 15.181
688 13.336 0.716 2.819
689 16.266 20.253 34.799
690 41.518 2.419 4.869
691 20.427 26.084 17.104
692 21.049 31.866 4.935
693 30.858 18.471 9.316
694 33.82 16.246 20.921
695 33.477 8.663 11.485
696 22.687 18.84 15.528
697 42.198 24.817 7.305
698 40.995 5.72 29.62
699 32.07 14.587 31.401
700 10.771 24.189 9.58
701 10.426 20.394 32.047
702 38.394 18.966 5.208
703 38.729 25.145 33.839
704 38.244 11.6 18.112
705 30.79 22.562 20.417
706 41.132 24.324 3.13
707 45.817 16.603 17.639
708 16.044 4.491 34.067
709 44.415 4.2 15.112
710 22.814 23.864 32.323
711 45.543 4.405 34.281
712 28.794 22.918 20.6
713 41.875 30.104 24.404
714 16.655 27.069 19.65
715 22.031 31.898 14.874
716 38.155 6.438 34.676
717 44.735 26.039 32.568
718 30.554 33.699 24.968
719 46.283 11.062 12.043
720 21.407 8.051 19.982
721 36.786 30.774 27.012
722 22.892 13.662 16.297
723 31.723 20.387 22.271
724 36.389 8.089 20.37
725 28.973 4.992 3.225
726 23.209 22.93 1.538
727 38.656 6.609 15.566
728 46.292 33.79 12.124
729 36.118 17.656 7.67
730 11.484 4.655 0.55
731 15.71 24.352 3.773
732 25.4 11.034 5.765
733 40.733 8.527 7.527
734 44.022 2.581 35.628
735 44.736 10.471 15.068
736 10.865 7.428 30.612
737 12.185 10.246 29.115
738 25.282 18.098 29.31
739 33.624 0.223 5.879
740 44.818 6.996 10.787
741 20.992 30.733 34.031
742 10.963 29.822 12.937
743 10.467 5.927 13.391
744 21.439 24.884 1.957
745 11.378 30.883 11.498
746 15.827 21.355 20.877
747 28.662 5.66 9.67
748 27.409 3.89 22.003
749 48.468 28.006 6.97
750 22.878 14.166 10.595
751 42.059 6.105 16.135
752 39.999 28.572 15.595
753 30.95 25.45 17.126
754 26.263 19.207 25.024
755 12.915 34.954 33.659
756 15.324 3.556 12.799
757 43.619 9.058 23.104
758 13.23 19.263 32.043
759 32.661 13.255 16.952
760 22.792 8.815 13.269
761 38.294 23.662 18.048
762 35.16 23.066 12.084
763 38.606 30.017 13.072
764 43.087 32.545 29.304
765 45.583 5.303 26.443
766 39.579 8.145 32.266
767 47.552 28.091 13.848
768 40.324 25.67 34.55
769 37.535 33.683 30.908
770 17.744 17.252 17.415
771 33.297 3.785 26.718
772 43.106 7.518 3.539
773 17.669 2.467 29.604
774 27.646 0.588 0.738
775 37.404 2.068 13.392
776 32.261 33.161 9.903
777 37.981 17.429 29.86
778 35.68 33.675 16.863
779 14.52 6.516 18.376
780 15.26 20.992 9.7
781 21.005 30.618 25.088
782 10.543 14.822 2.821
783 41.367 7.948 26.753
784 18.523 15.72 5.774
785 15.992 21.64 34.815
786 9.712 15.429 21.485
787 37.296 32.192 30.339
788 38.197 28.941 8.812
789 32.222 26.051 26.733
790 48.259 2.482 28.325
791 24.631 12.059 2.851
792 44.025 28.99 2.423
793 11.478 3.37 23.932
794 25.225 22.079 28.862
795 15.084 9.244 23.164
796 24.58 21.769 26.945
797 28.509 29.653 3.04
798 24.73 1.074 1.167
799 43.634 9.545 16.758
800 13.992 25.254 24.932
801 20.384 7.501 3.157
802 36.361 21.607 12.727
803 13.313 27.079 32.317
804 13.144 1.458 25.959
805 36.402 7.627 23.254
806 21.468 14.057 27.814
807 38.099 1.619 22.493
808 35.227 13.497 9.505
809 21.29 35.25 0.502
810 43.233 4.532 19.556
811 16.434 22.915 28.907
812 27.327 14.416 8.911
813 18.88 4.261 23.67
814 33.067 26.262 22.131
815 22.867 3.079 4.946
816 14.358 24.617 25.41
817 45.395 25.969 10.611
818 21.318 10.214 32.781
819 11.055 5.672 3.626
820 32.643 16.966 17.952
821 20.269 14.058 32.062
822 17.273 27.092 27.504
823 23.35 33.223 13.953
824 22.982 29.57 29.124
825 26.471 9.343 2.056
826 22.716 35.355 17.735
827 30.457 35.014 2.765
828 17.826 3.577 9.275
829 27.052 1.212 17.54
830 23.548 22.579 27.696
831 10.91 5.345 4.887
832 21.069 9.306 19.05
833 22.438 16.015 9.587
834 21.938 33.811 11.202
835 40.13 11.988 20.489
836 10.383 22.084 15.142
837 20.968 22.373 4.347
838 43.951 8.277 34.645
839 25.069 21.082 33.46
840 32.876 23.676 28.161
841 19.627 15.479 29.398
842 11.015 18.477 1.528
843 14.413 11.416 17.619
844 35.463 25.68 6.976
845 15.53 8.516 1.336
846 34.911 10.597 3.998
847 41.305 21.521 27.419
848 13.23 9.025 15.762
849 36.263 13.222 14.746
850 35.129 24.179 9.669
851 36.87 1.587 20.641
852 39.151 26.654 28.437
853 27.52 3.493 23.136
854 17.098 30.496 7.946
855 25.086 6.811 21.24
856 31.022 10.553 12.897
857 21.791 21.276 6.123
858 45.523 23.928 8.729
859 18.169 3.188 3.422
860 30.651 31.444 27.232
861 36.738 18.386 1.793
862 27.867 30.474 35.382
863 28.503 35.461 16.962
864 29.716 23.512 19.886
865 29.338 14.793 13.279
866 12.19 19.458 2.977
867 42.509 11.534 12.515
868 18.654 33.789 15.583
869 33.46 33.121 23.503
870 23.254 3.84 1.999
871 19.435 3.598 5.152
872 31.643 4.318 34.812
873 25.054 11.013 16.549
874 32.499 21.543 5.447
875 31.036 35.289 24.494
876 26.822 18.275 30.952
877 20.634 3.292 13.167
878 13.673 0.872 22.391
879 47.942 18.51 28.27
880 18.882 33.965 17.83
881 45.108 26.326 24.417
882 39.72 21.871 34.488
883 13.91 24.58 20.449
884 12.178 32.697 19.353
885 28.338 31.372 4.365
886 18.873 25.728 21.951
887 15.0 13.045 14.646
888 29.124 7.521 5.785
889 28.024 10.24 15.44
890 23.025 21.221 14.252
891 35.62 2.061 19.402
892 36.014 16.039 28.236
893 41.913 19.334 24.564
894 45.115 34.993 31.512
895 41.786 26.504 18.435
896 20.589 12.828 14.785
897 40.196 24.197 26.197
898 36.587 7.779 21.567
899 32.106 33.578 31.865
900 15.262 35.723 11.349
901 45.79 11.77 22.448
902 20.721 7.601 35.11
903 15.567 11.715 21.027
904 28.109 7.56 6.99
905 22.495 29.365 15.589
906 12.484 26.355 26.422
907 47.568 13.102 25.895
908 44.42 14.643 24.191
909 25.307 15.482 11.294
910 36.079 30.364 16.008
911 18.082 2.703 33.096
912 17.309 8.294 27.063
913 15.578 6.203 21.923
914 22.547 18.367 32.928
915 26.226 17.64 5.398
916 33.311 2.144 9.196
917 37.551 15.836 7.007
918 31.218 3.03 33.845
919 38.576 2.408 24.16
920 27.568 10.176 1.171
921 36.233 8.952 17.811
922 26.72 10.709 0.56
923 16.122 0.564 18.801
924 33.75 31.091 19.049
925 19.946 1.227 18.303
926 44.807 6.34 0.85
927 23.463 11.939 13.273
928 14.772 22.212 20.572
929 37.563 30.615 28.48
930 19.066 23.751 17.281
931 35.144 16.165 24.144
932 17.776 11.228 26.101
933 16.71 2.172 26.429
934 12.637 5.013 32.613
935 12.347 30.789 7.646
936 38.644 21.042 25.997
937 39.837 28.28 0.804
938 33.561 3.875 30.599
939 23.336 24.214 3.517
940 42.303 1.22 7.975
941 28.236 34.292 0.726
942 26.78 30.511 2.929
943 36.865 30.015 2.542
944 39.367 4.325 10.278
945 26.792 23.454 13.315
946 36.055 26.426 5.296
947 11.841 1.059 7.038
948 42.619 7.058 5.179
949 17.742 35.396 7.625
950 33.609 34.94 19.128
951 35.103 5.566 5.129
952 12.901 24.56 25.975
953 14.001 30.121 13.904
954 35.18 4.581 27.583
955 32.612 27.281 22.712
956 43.238 13.921 29.673
957 38.669 28.2 33.46
958 23.515 29.211 29.689
959 18.835 8.263 3.186
960 42.362 15.003 26.495
961 19.269 7.332 20.932
962 16.666 20.513 5.583
963 33.075 32.189 9.22
964 17.102 21.652 20.476
965 24.144 11.809 24.959
966 47.282 18.304 23.898
967 21.615 32.729 26.372
968 47.477 17.509 31.53
969 43.411 27.877 29.556
970 37.677 3.007 12.226
971 33.976 11.068 26.102
972 31.547 31.191 29.222
973 21.543 22.184 26.698
974 26.675 18.626 33.386
975 46.295 17.851 7.246
976 32.851 31.633 24.074
977 24.358 16.513 27.72
978 12.496 15.661 16.109
979 45.1 16.372 12.344
980 12.789 9.579 6.29
981 17.0 12.137 23.415
982 12.646 3.798 21.135
983 43.097 21.762 8.625
984 27.477 4.704 12.516
985 40.969 32.118 15.619
986 14.894 10.213 14.683
987 36.841 24.001 30.388
988 46.911 17.632 31.729
989 38.321 18.911 17.258
990 46.559 32.071 1.716
991 32.233 27.967 27.61
992 13.967 4.051 11.78
993 32.468 13.385 11.229
994 27.861 29.746 33.034
995 25.002 5.959 12.466
996 14.519 14.808 11.724
997 24.83 24.891 5.308
998 17.166 13.851 1.821
999 22.733 7.408 32.425
1000 30.493 17.807 14.465
1001 40.606 3.263 26.389
1002 15.745 0.5 13.712
1003 44.179 24.548 4.738
1004 45.091 22.991 26.142
1005 47.847 14.822 8.059
1006 47.307 17.836 13.749
1007 41.489 18.167 21.623
1008 47.39 0.788 6.902
1009 22.847 3.423 14.684
1010 40.743 14.153 6.613
1011 20.841 5.833 21.67
1012 31.577 19.895 19.539
1013 14.39 21.625 34.644
1014 24.168 23.445 8.483
1015 21.068 17.324 10.248
1016 26.861 30.444 3.022
1017 23.415 0.863 22.037
1018 30.838 15.448 29.025
1019 29.814 30.237 5.088
1020 44.251 19.801 6.32
1021 15.559 4.485 9.153
1022 24.687 34.762 27.608
1023 19.383 8.238 17.678
1024 20.176 3.651 28.335
1025 42.5 8.722 24.843
1026 13.975 30.657 9.897
1027 26.538 16.643 12.257
1028 26.863 32.949 6.744
1029 44.159 23.475 21.315
1030 20.939 33.952 35.068
1031 33.399 26.319 16.253
1032 18.31 15.706 26.501
1033 27.186 15.695 8.107
1034 18.556 6.404 17.15
1035 33.389 25.909 18.697
1036 30.03 9.015 29.495
1037 37.153 12.162 26.085
1038 12.469 26.365 4.267
1039 41.057 33.168 27.886
1040 28.835 22.587 10.733
1041 35.087 30.746 1.544
1042 16.407 29.37 2.121
1043 15.313 17.948 7.375
1044 48.375 29.025 35.237
1045 38.368 18.005 7.126
1046 35.723 14.62 15.21
1047 17.588 12.344 15.762
1048 10.894 28.25 3.118
1049 30.081 3.149 24.56
1050 25.003 21.685 11.055
1051 31.723 7.608 11.724
1052 43.372 21.051 15.21
1053 25.658 25.898 16.17
1054 11.527 11.262 32.845
1055 33.498 22.032 30.8
1056 37.093 24.035 32.641
1057 34.157 1.03 1.365
1058 23.599 8.077 19.375
1059 18.821 30.423 21.97
1060 44.147 28.953 25.877
1061 43.368 16.066 24.426
1062 44.259 26.399 24.566
1063 44.894 33.414 18.343
1064 48.035 22.496 17.153
1065 19.864 31.54 8.528
1066 14.327 7.357 12.035
1067 10.038 10.597 21.818
1068 26.18 27.559 23.046
1069 10.053 17.252 34.1
1070 15.893 12.234 11.37
1071 43.095 14.079 31.835
1072 39.84 11.617 32.243
1073 22.942 23.426 24.48
1074 16.745 15.028 7.764
1075 40.818 34.335 6.617
1076 37.046 2.414 4.489
1077 34.166 4.827 9.936
1078 11.475 4.734 5.474
1079 32.248 3.041 11.735
1080 14.322 13.796 0.32
1081 33.037 19.144 3.028
1082 41.616 15.903 9.792
1083 46.387 35.407 8.403
1084 20.905 18.586 30.501
1085 30.292 8.325 22.928
1086 31.71 11.683 15.117
1087 22.597 35.069 11.077
1088 44.316 9.806 3.988
1089 46.014 12.173 8.267
1090 38.793 17.276 25.177
1091 37.936 10.966 12.143
1092 24.122 35.143 32.381
1093 26.787 17.95 34.124
1094 36.859 29.798 17.785
1095 41.492 27.401 8.727
1096 40.065 35.041 12.015
1097 21.337 8.974 27.691
1098 30.89 14.456 16.894
1099 13.446 7.747 10.199
1100 37.631 32.12 11.857
1101 39.612 5.075 32.712
1102 16.629 20.897 18.347
1103 35.001 20.198 7.158
1104 17.265 17.581 1.807
1105 10.813 29.131 27.406
1106 11.744 29.901 11.892
1107 37.621 12.069 27.353
1108 31.678 22.88 7.697
1109 31.127 13.998 22.329
1110 41.662 31.202 3.998
1111 24.396 28.864 30.328
1112 31.832 32.613 0.958
1113 30.633 30.894 13.447
1114 43.19 19.912 1.43
1115 27.732 11.926 33.101
1116 12.953 7.63 21.558
1117 19.929 14.608 11.368
1118 26.771 5.163 25.635
1119 15.073 5.501 17.382
1120 23.406 11.065 21.562
1121 16.038 20.893 16.556
1122 17.453 15.98 34.525
1123 11.506 0.677 33.153
1124 44.097 10.3 13.43
1125 39.229 16.432 7.901
1126 43.162 8.52 28.128
1127 13.033 10.728 35.749
1128 41.867 24.785 23.773
1129 14.372 5.543 21.266
1130 42.801 13.824 35.223
1131 44.02 4.4 28.364
1132 26.787 19.668 32.304
1133 37.049 26.053 14.235
1134 10.549 8.456 9.104
1135 42.403 9.935 25.904
1136 36.639 32.339 4.5
1137 16.336 16.543 26.593
1138 10.141 12.385 8.788
1139 42.756 8.443 32.915
1140 46.092 8.158 29.324
1141 41.233 18.858 24.811
1142 29.058 20.168 27.414
1143 14.345 27.369 23.623
1144 22.314 3.526 25.333
1145 32.737 35.462 14.232
1146 42.845 26.377 22.577
1147 23.63 17.409 23.074
1148 20.489 30.786 14.516
1149 44.907 7.723 26.414
1150 18.223 18.254 11.652
1151 19.862 33.469 10.047
1152 15.698 7.784 18.762
1153 12.464 28.586 11.795
1154 22.231 19.037 27.387
1155 41.253 34.512 10.775
1156 24.496 7.749 25.09
1157 23.385 3.292 14.006
1158 32.173 26.35 12.791
1159 45.654 0.946 15.85
1160 38.869 20.572 13.155
1161 27.122 17.971 27.293
1162 33.817 23.441 17.494
1163 37.622 13.174 31.1
1164 31.57 23.494 13.09
1165 47.497 22.138 2.493
1166 10.566 31.713 25.337
1167 15.639 11.28 17.924
1168 47.58 7.479 6.801
1169 35.499 3.071 30.506
1170 22.747 21.439 24.149
1171 36.306 33.081 13.256
1172 22.362 23.15 31.58
1173 40.499 22.342 3.929
1174 38.868 6.441 16.955
1175 18.623 8.039 2.608
1176 36.926 33.77 12.017
1177 48.25 22.342 6.205
1178 15.193 23.853 10.775
1179 11.838 4.76 18.406
1180 24.903 0.881 3.375
1181 26.594 1.222 33.749
1182 46.254 20.805 13.51
1183 42.833 5.324 25.78
1184 23.297 32.891 11.064
1185 31.844 26.562 30.822
1186 46.227 17.578 16.316
1187 28.996 24.614 22.51
1188 40.583 0.351 14.14
1189 42.333 14.147 7.742
1190 32.756 12.146 32.106
1191 30.492 18.74 4.477
1192 16.231 18.223 7.611
1193 36.83 9.43 1.729
1194 21.458 25.823 16.73
1195 24.839 20.92 32.665
1196 12.466 15.181 10.376
1197 27.665 20.092 2.337
1198 25.248 1.514 4.431
1199 14.858 17.158 24.985
1200 20.64 10.637 2.572
1201 43.49 15.144 32.664
1202 27.177 5.03 20.578
1203 24.083 18.595 21.521
1204 42.75 34.424 11.429
1205 10.269 0.801 3.739
1206 34.784 17.561 1.916
1207 33.079 16.655 30.956
1208 32.762 22.66 3.709
1209 47.49 2.762 0.498
1210 32.027 15.216 24.202
1211 26.127 24.008 35.202
1212 19.979 17.509 29.781
1213 33.774 33.443 32.862
1214 13.548 13.94 23.782
1215 19.119 2.334 13.515
1216 38.182 29.831 5.958
1217 36.819 12.732 1.209
1218 14.659 28.389 33.948
1219 34.013 26.436 5.463
1220 23.435 33.47 35.409
1221 33.382 21.629 31.73
1222 42.16 2.812 2.832
1223 25.401 33.366 24.049
1224 10.435 35.406 29.17
1225 20.02 26.389 10.626
1226 14.061 9.123 25.893
1227 43.002 11.59 4.793
1228 41.223 27.178 14.352
1229 17.46 26.576 24.4
1230 42.436 33.686 6.436
1231 26.764 26.884 27.171
1232 28.259 27.531 29.006
1233 20.105 20.407 11.448
1234 26.082 8.952 12.214
1235 28.031 13.937 10.888
1236 12.095 19.301 11.851
1237 28.152 10.804 15.533
1238 13.585 14.031 0.414
1239 24.381 35.217 0.867
1240 39.262 22.638 11.542
1241 26.699 28.716 35.088
1242 28.584 26.025 6.043
1243 36.992 34.654 5.41
1244 42.715 35.401 27.382
1245 26.023 24.093 14.922
1246 14.248 8.714 26.082
1247 39.439 4.674 7.412
1248 34.276 17.941 29.342
1249 41.654 23.75 9.335
1250 24.043 17.478 35.276
1251 19.756 28.535 28.751
1252 35.651 31.462 11.579
1253 19.077 17.403 11.602
1254 25.924 11.311 7.264
1255 29.189 23.317 33.138
1256 25.699 20.81 12.515
1257 41.004 2.015 24.996
1258 38.128 3.166 34.547
1259 36.622 25.178 35.087
1260 14.109 13.823 35.257
1261 23.694 18.98 11.025
1262 22.849 30.38 15.209
1263 13.83 10.079 12.022
1264 15.399 29.68 32.311
1265 19.552 27.024 4.423
1266 29.163 30.797 4.456
1267 46.689 29.658 16.443
1268 36.665 5.509 22.652
1269 35.992 8.573 20.532
1270 39.186 19.211 17.383
1271 47.414 22.863 1.859
1272 35.398 16.346 5.579
1273 10.515 7.84 27.314
1274 43.136 1.835 23.328
1275 39.982 7.819 20.871
1276 33.737 4.684 1.505
1277 42.195 15.852 11.181
1278 13.902 32.732 0.364
1279 40.954 14.13 31.09
1280 29.751 1.637 15.846
1281 34.869 5.234 12.194
1282 27.243 27.116 3.18
1283 18.514 9.069 24.719
1284 45.404 19.034 30.994
1285 35.351 9.824 8.461
1286 31.215 26.895 4.286
1287 19.156 21.896 27.903
1288 12.875 21.967 2.205
1289 14.777 13.572 3.439
1290 47.477 12.018 24.299
1291 18.423 24.177 35.597
1292 14.9 34.198 10.894
1293 15.116 31.391 19.107
1294 13.612 6.655 9.639
1295 38.95 26.79 18.61
1296 28.175 1.293 3.007
1297 42.435 9.857 19.484
1298 31.634 29.494 10.506
1299 11.575 10.352 26.171
1300 26.308 28.818 16.432
1301 17.305 17.067 1.258
1302 31.413 18.753 20.276
1303 34.797 1.894 19.82
1304 16.007 20.159 29.385
1305 16.459 10.996 26.347
1306 21.425 16.206 2.348
1307 14.09 10.003 11.354
1308 15.52 20.694 3.347
1309 23.702 20.0 14.652
1310 19.959 17.453 5.617
1311 35.645 30.938 14.713
1312 28.147 34.702 26.937
1313 25.457 0.726 30.108
1314 18.105 17.684 7.772
1315 9.909 22.467 7.968
1316 13.586 31.752 33.991
1317 14.859 28.812 24.081
1318 40.187 8.278 12.859
1319 44.215 14.468 14.531
1320 39.217 34.799 8.649
1321 39.473 12.178 27.176
1322 12.521 7.445 31.165
1323 27.48 9.307 1.217
1324 27.706 17.991 24.196
1325 23.757 19.904 12.937
1326 31.553 7.238 33.56
1327 34.337 12.321 9.261
1328 18.417 14.225 15.091
1329 13.905 31.758 25.7
1330 19.679 9.798 28.445
1331 26.985 27.174 25.089
1332 37.526 13.765 5.155
1333 40.43 5.384 17.162
1334 24.951 27.135 17.745
1335 42.881 23.519 32.286
1336 30.94 31.505 27.192
1337 41.441 28.575 27.36
1338 13.917 3.062 10.578
1339 39.346 19.835 18.935
1340 32.612 12.042 28.872
1341 48.426 2.565 24.378
1342 17.927 27.532 5.975
1343 41.911 18.031 4.115
1344 44.127 11.862 23.712
1345 16.943 24.678 14.649
1346 21.108 16.881 19.642
1347 23.96 27.485 23.584
1348 12.331 17.168 21.613
1349 46.412 26.396 29.661
1350 29.969 23.44 25.916
1351 37.378 25.053 4.212
1352 18.628 3.883 30.063
1353 27.009 12.501 33.158
1354 33.481 3.816 24.519
1355 36.634 13.585 17.106
1356 44.216 30.29 18.574
1357 40.158 18.889 3.108
1358 47.241 7.971 26.312
1359 38.479 19.788 23.993
1360 44.971 35.174 11.25
1361 16.84 33.398 15.621
1362 39.11 9.572 7.343
1363 44.274 6.107 13.38
1364 42.924 29.071 26.995
1365 42.794 25.655 25.927
1366 36.104 19.308 26.963
1367 30.571 34.701 15.456
1368 12.296 1.111 33.827
1369 43.163 24.391 12.201
1370 44.683 29.035 9.891
1371 10.846 5.808 8.267
1372 33.919 9.964 3.333
1373 13.325 27.497 24.779
1374 41.176 8.284 27.701
1375 29.765 34.965 31.256
1376 35.49 24.222 22.777
1377 45.054 29.159 29.165
1378 10.451 34.016 4.671
1379 16.157 1.56 28.495
1380 45.489 12.898 33.841
1381 39.828 34.785 16.698
1382 44.733 1.244 9.02
1383 32.587 21.805 11.491
1384 21.013 25.274 20.906
1385 14.706 25.03 32.111
1386 33.155 21.092 12.496
1387 12.707 4.586 19.601
1388 19.281 9.584 26.983
1389 46.025 35.549 19.85
1390 24.949 18.33 15.216
1391 17.874 10.475 23.315
1392 40.743 23.768 30.111
1393 24.301 8.73 31.068
1394 42.175 2.617 1.424
1395 18.951 8.421 12.107
1396 18.723 34.768 26.962
1397 18.198 23.492 19.713
1398 34.164 5.659 28.292
1399 19.472 6.26 1.115
1400 28.304 1.374 7.971
1401 17.819 31.649 2.958
1402 32.541 3.089 13.711
1403 34.039 26.77 16.92
1404 33.268 10.778 13.313
1405 11.03 15.411 30.72
1406 12.651 27.197 7.133
1407 34.825 21.678 34.327
1408 22.331 30.616 8.516
1409 37.038 14.62 18.272
1410 25.618 19.669 9.533
1411 42.291 34.775 2.896
1412 42.535 13.109 17.847
1413 19.352 5.506 25.415
1414 47.575 22.869 18.544
1415 11.683 26.23 8.617
1416 25.005 28.312 19.665
1417 12.48 33.243 13.188
1418 34.13 27.737 4.137
1419 40.109 32.832 32.469
1420 19.083 5.471 16.336
1421 24.812 14.304 26.227
1422 9.936 11.304 3.682
1423 36.537 10.807 5.55
1424 20.481 15.265 12.91
1425 16.207 23.653 20.545
1426 20.954 9.852 29.543
1427 47.246 10.536 31.066
1428 41.501 21.687 25.366
1429 19.328 35.391 9.244
1430 43.749 14.613 13.946
1431 24.383 22.331 2.173
1432 42.436 16.378 29.691
1433 37.619 9.421 35.101
1434 13.541 1.506 1.394
1435 41.541 25.403 8.434
1436 36.904 27.214 18.872
1437 25.187 10.528 14.289
1438 28.403 0.306 14.596
1439 34.448 14.345 27.771
1440 28.721 18.901 25.19
1441 18.16 2.405 33.187
1442 46.594 21.523 5.606
1443 47.377 17.962 34.564
1444 40.599 5.047 15.733
1445 35.933 12.19 31.107
1446 16.543 9.598 24.448
1447 27.331 29.181 27.023
1448 20.011 15.472 18.973
1449 33.216 16.809 14.038
1450 45.382 3.778 6.844
1451 15.876 30.605 29.198
1452 33.477 24.961 6.128
1453 10.081 12.603 14.873
1454 10.411 14.232 6.455
1455 27.019 28.812 5.196
1456 30.049 12.166 11.111
1457 18.78 8.628 21.218
1458 31.411 18.61 14.884
1459 39.821 16.235 3.583
1460 15.734 30.23 20.184
1461 16.162 17.458 29.35
1462 34.108 18.57 23.81
1463 24.144 33.253 33.26
1464 47.18 14.961 18.118
1465 11.451 13.805 15.082
1466 12.547 19.49 35.272
1467 11.72 22.969 26.906
1468 33.473 3.354 18.841
1469 22.781 21.085 11.077
1470 25.047 11.038 29.653
1471 12.945 19.405 5.82
1472 35.463 16.999 25.004
1473 45.3 19.203 33.331
1474 36.508 2.47 6.721
1475 30.433 31.529 32.939
1476 16.915 33.404 4.472
1477 45.318 0.231 5.148
1478 36.153 8.771 20.263
1479 35.29 26.335 16.964
1480 37.087 3.224 7.253
1481 19.568 31.063 22.686
1482 37.808 26.108 21.315
1483 13.362 6.742 21.317
1484 22.208 24.876 28.612
1485 26.74 21.122 9.114
1486 31.152 33.179 19.307
1487 15.186 4.134 29.803
1488 35.025 23.299 11.365
1489 31.899 20.805 10.443
1490 17.022 24.533 28.015
1491 36.58 6.658 30.027
1492 33.947 2.588 21.928
1493 18.513 10.623 32.061
1494 27.618 22.243 35.655
1495 43.961 8.593 30.77
1496 30.352 31.907 3.32
1497 16.667 25.142 5.391
1498 27.395 26.416 12.088
1499 14.58 26.729 14.981
1500 10.088 31.5 12.225
1501 35.275 13.528 29.228
1502 42.969 17.464 11.139
1503 33.045 17.994 19.546
1504 22.755 31.945 21.939
1505 30.417 20.848 5.352
1506 14.738 28.648 12.948
1507 38.605 9.578 20.659
1508 40.668 34.898 30.044
1509 33.483 4.714 33.543
1510 15.359 25.934 14.864
1511 19.393 18.933 21.23
1512 13.757 13.443 14.965
1513 31.724 14.336 11.983
1514 37.626 13.256 10.551
1515 36.816 34.836 22.244
1516 15.013 9.57 29.051
1517 21.791 28.418 30.872
1518 41.939 17.189 17.389
1519 41.772 23.361 23.328
1520 47.388 26.29 15.162
1521 36.874 22.743 31.041
1522 21.549 8.022 22.109
1523 25.535 11.212 20.176
1524 37.53 4.066 4.777
1525 46.885 21.678 15.58
1526 44.153 33.611 3.254
1527 20.561 11.401 0.79
1528 33.424 19.396 24.923
1529 48.296 33.212 3.337
1530 47.153 15.984 22.657
1531 38.453 15.188 14.14
1532 39.662 23.112 19.869
1533 22.805 34.088 27.139
1534 20.511 20.48 24.806
1535 27.472 28.595 27.761
1536 39.719 25.356 31.993
1537 11.514 25.211 26.802
1538 22.68 5.792 1.135
1539 32.198 4.999 24.507
1540 9.801 31.491 27.927
1541 38.612 6.785 2.05
1542 17.222 23.083 8.779
1543 37.958 29.177 2.701
1544 17.584 27.208 9.735
1545 37.918 8.63 1.363
1546 45.051 14.776 24.703
1547 44.195 5.463 2.346
1548 10.852 23.346 23.335
1549 43.173 34.554 10.686
1550 33.65 21.818 13.526
1551 37.046 26.699 32.217
1552 35.052 4.372 17.988
1553 20.143 17.964 32.496
1554 30.854 20.028 5.163
1555 47.903 13.192 1.825
1556 18.365 10.682 23.628
1557 18.73 2.829 30.237
1558 26.984 24.842 11.116
1559 11.161 26.236 8.25
1560 17.568 32.968 14.921
1561 19.939 16.591 32.425
1562 44.972 14.166 27.455
1563 30.622 12.044 13.899
1564 37.274 21.126 30.253
1565 40.072 32.067 7.019
1566 46.509 20.277 14.841
1567 20.501 35.498 26.401
1568 15.478 19.292 22.715
1569 18.503 0.863 33.585
1570 37.617 23.049 27.229
1571 43.588 13.519 25.603
1572 31.947 24.586 18.354
1573 25.072 6.223 6.62
1574 17.046 33.245 11.257
1575 33.421 15.499 26.388
1576 22.473 8.695 31.008
1577 25.212 1.616 19.714
1578 21.428 16.233 3.433
1579 17.147 17.563 5.036
1580 27.545 23.219 28.675
1581 19.058 6.46 1.296
1582 39.579 19.559 6.941
1583 11.304 17.677 12.575
1584 14.699 4.231 10.179
1585 10.673 14.526 34.228
1586 21.97 8.598 19.452
1587 35.074 13.434 33.833
1588 45.692 28.228 27.454
1589 29.006 6.36 26.231
1590 14.605 25.116 12.68
1591 30.105 1.573 0.947
1592 32.298 28.601 25.071
1593 47.971 25.215 1.531
1594 38.331 25.086 27.317
1595 42.255 10.67 21.689
1596 29.671 35.766 10.787
1597 43.016 30.803 19.106
1598 43.014 15.474 1.956
1599 43.41 13.058 16.031
1600 11.326 5.885 12.91
1601 39.528 32.066 18.856
1602 37.495 17.339 7.18
1603 44.028 25.246 34.942
1604 40.392 12.43 32.547
1605 40.644 32.037 15.889
1606 33.183 14.432 5.238
1607 24.89 1.237 10.316
1608 43.995 13.753 25.179
1609 24.967 15.102 13.933
1610 31.591 16.875 15.401
1611 14.895 34.884 7.774
1612 32.989 21.692 16.088
1613 28.567 19.535 29.092
1614 16.052 30.306 30.153
1615 44.783 6.184 10.391
1616 14.986 28.625 6.767
1617 13.241 16.977 0.809
1618 41.38 3.67 10.968
1619 30.251 17.836 19.521
1620 43.335 19.15 10.719
1621 24.453 20.143 3.464
1622 47.418 34.539 13.884
1623 20.314 13.904 22.705
1624 30.962 18.668 9.338
1625 14.194 16.34 4.264
1626 12.379 10.833 2.819
1627 20.039 25.795 17.426
1628 26.391 0.38 29.795
1629 37.789 5.051 34.72
1630 36.007 33.807 11.336
1631 31.757 3.76 23.81
1632 24.028 33.269 25.268
1633 13.474 27.001 23.377
1634 27.701 20.706 27.335
1635 38.184 12.438 34.434
1636 21.424 23.042 17.551
1637 12.742 25.725 3.943
1638 26.005 17.854 24.314
1639 23.914 12.085 1.144
1640 47.774 32.484 17.619
1641 28.923 13.575 6.463
1642 31.157 8.284 30.943
1643 27.184 34.115 17.974
1644 35.987 21.487 8.963
1645 43.565 15.122 11.312
1646 41.775 26.416 29.995
1647 36.0 14.81 13.19
1648 9.788 29.349 34.264
1649 36.495 34.422 18.233
1650 19.628 22.555 1.042
1651 12.699 16.298 33.572
1652 42.486 33.106 31.585
1653 36.42 6.988 11.614
1654 25.251 22.834 20.268
1655 30.594 11.758 27.632
1656 26.38 0.711 18.607
1657 33.018 30.703 9.46
1658 25.334 35.027 4.744
1659 32.721 22.495 14.654
1660 12.653 21.938 15.706
1661 11.439 23.168 20.059
1662 20.609 13.661 20.934
1663 38.952 6.159 29.996
1664 44.173 4.386 17.28
1665 38.398 0.497 2.456
1666 41.028 2.549 35.563
1667 18.26 16.305 24.408
1668 44.577 2.426 10.358
1669 35.492 34.42 20.472
1670 18.483 28.233 13.819
1671 36.196 31.761 12.442
1672 39.254 18.435 21.745
1673 42.116 19.687 5.338
1674 13.396 14.854 17.722
1675 40.03 24.273 2.272
1676 18.84 28.091 8.53
1677 34.022 20.835 13.657
1678 22.473 18.126 26.167
1679 28.889 17.857 5.892
1680 45.536 0.376 23.708
1681 24.496 30.914 33.605
1682 36.684 27.658 19.307
1683 14.004 4.696 21.051
1684 44.209 13.457 21.742
1685 21.429 2.358 0.374
1686 29.084 28.345 27.581
1687 28.515 9.92 26.664
1688 11.074 12.379 20.842
1689 35.459 4.823 31.308
1690 28.314 6.903 16.772
1691 32.284 8.059 19.736
1692 26.355 8.929 28.948
1693 17.215 2.528 23.561
1694 25.517 20.567 1.703
1695 15.332 14.101 13.853
1696 39.142 7.124 16.37
1697 46.231 33.679 29.665
1698 14.505 33.776 13.561
1699 39.577 35.13 8.707
1700 42.211 19.662 10.244
1701 23.304 16.887 29.919
1702 22.688 28.52 16.829
1703 29.894 0.355 35.716
1704 21.432 10.86 22.113
1705 15.089 5.897 20.566
1706 28.19 8.014 22.092
1707 13.253 28.107 24.663
1708 16.663 10.928 25.935
1709 34.634 11.304 3.697
1710 28.478 17.32 33.814
1711 20.096 1.765 27.099
1712 44.905 16.268 21.144
1713 42.773 29.209 17.675
1714 32.061 11.071 7.158
1715 16.278 13.119 30.432
1716 32.724 0.966 23.517
1717 41.757 0.889 14.909
1718 16.853 34.231 10.128
1719 35.51 25.387 21.031
1720 26.998 26.172 20.173
1721 23.797 29.639 12.61
1722 39.722 2.812 31.983
1723 26.804 1.737 19.198
1724 15.621 29.674 34.682
1725 14.221 17.63 1.001
1726 18.313 33.993 26.108
1727 33.064 9.487 24.393
1728 23.832 4.362 29.74
1729 36.933 27.573 32.958
1730 29.211 10.099 32.339
1731 45.719 19.361 34.025
1732 28.772 22.357 31.875
1733 38.514 18.212 16.292
1734 17.708 26.423 27.646
1735 18.575 26.382 16.999
1736 22.749 3.716 26.401
1737 34.147 7.689 13.899
1738 43.613 1.467 20.609
1739 15.745 20.679 6.644
1740 35.768 24.998 24.679
1741 34.919 16.542 17.99
1742 26.991 22.802 29.611
1743 36.271 20.275 10.788
1744 26.689 0.668 10.242
1745 25.357 18.898 13.129
1746 34.97 32.753 6.209
1747 48.27 29.586 15.483
1748 16.817 22.007 34.549
1749 29.389 26.878 25.289
1750 32.639 17.427 1.932
1751 34.013 18.439 25.888
1752 34.471 24.959 29.259
1753 23.534 29.487 1.577
1754 17.106 5.737 12.039
1755 31.494 3.688 14.066
1756 26.117 2.175 31.026
1757 25.473 18.975 30.805
1758 43.293 1.146 4.331
1759 20.221 20.566 25.189
1760 22.409 15.858 21.783
1761 11.403 9.793 26.946
1762 32.715 1.147 1.394
1763 32.707 4.396 8.701
1764 23.402 4.286 30.238
1765 13.574 9.325 23.238
1766 11.867 35.333 18.328
1767 36.716 24.991 14.154
1768 28.586 17.281 22.161
1769 18.348 2.466 1.464
1770 10.894 14.252 4.526
1771 47.585 32.896 21.97
1772 15.197 8.649 20.528
1773 37.147 27.271 1.77
1774 18.647 17.939 15.094
1775 39.382 13.403 32.766
1776 19.433 5.844 9.368
1777 41.19 20.372 14.779
1778 19.93 32.144 26.609
1779 15.76 29.71 4.819
1780 29.212 21.953 8.34
1781 40.561 34.318 25.154
1782 13.783 27.875 9.968
1783 27.171 8.11 18.429
1784 19.394 30.1 30.329
1785 23.748 23.342 14.618
1786 45.527 24.243 23.17
1787 14.363 27.116 13.446
1788 40.293 20.674 20.454
1789 21.551 17.907 6.474
1790 40.911 30.698 12.987
1791 11.014 27.891 7.548
1792 9.825 15.423 34.538
1793 36.059 31.601 24.157
1794 19.592 26.467 8.744
1795 32.265 15.024 22.03
1796 35.393 19.02 8.697
1797 14.15 8.472 11.64
1798 43.455 7.323 13.898
1799 35.462 27.254 5.242
1800 34.49 15.577 26.497
1801 23.857 23.519 26.455
1802 24.483 1.745 1.41
1803 47.074 24.116 31.93
1804 17.476 2.05 14.177
1805 32.208 0.715 21.783
1806 26.563 19.191 24.104
1807 32.351 1.185 3.078
1808 42.196 6.591 35.503
1809 31.63 34.632 25.481
1810 44.491 31.108 2.648
1811 35.355 31.107 14.158
1812 45.671 1.144 16.036
1813 23.225 12.887 24.012
1814 39.301 12.815 31.237
1815 20.029 30.641 31.345
1816 13.803 20.17 22.572
1817 17.105 26.54 22.525
1818 10.029 24.421 19.02
1819 33.385 32.116 18.134
1820 39.646 10.553 23.812
1821 40.832 7.447 27.427
1822 41.395 28.419 13.937
1823 37.397 26.007 20.408
1824 16.93 25.761 29.047
1825 10.006 4.132 30.193
1826 18.531 15.911 2.237
1827 10.258 23.338 4.912
1828 12.639 3.085 24.01
1829 35.191 17.714 24.066
1830 47.139 30.517 30.649
1831 29.498 13.387 5.312
1832 32.667 17.289 4.738
1833 38.717 25.855 22.379
1834 33.419 14.973 5.396
1835 31.575 1.87 28.213
1836 13.455 11.728 32.007
1837 38.74 32.87 26.308
1838 22.424 29.472 24.383
1839 39.717 7.995 27.945
1840 29.652 1.286 20.317
1841 21.433 35.595 0.683
1842 41.631 35.076 18.802
1843 27.565 4.837 2.004
1844 13.373 2.429 10.942
1845 9.859 5.583 22.806
1846 17.207 19.222 21.491
1847 47.166 6.002 20.046
1848 31.186 17.17 17.006
1849 31.906 35.187 25.528
1850 27.758 24.31 6.377
1851 25.582 1.102 23.262
1852 19.108 2.897 8.59
1853 40.379 24.871 11.609
1854 39.694 22.785 11.661
1855 38.73 0.921 19.553
1856 26.6 30.094 17.928
1857 11.542 27.223 3.363
1858 47.033 31.042 7.419
1859 28.952 0.32 22.981
1860 37.685 31.677 34.656
1861 27.724 34.886 26.136
1862 44.99 3.475 34.559
1863 11.203 15.897 15.168
1864 31.98 22.098 27.765
1865 16.992 4.56 18.198
1866 12.599 35.584 22.594
1867 31.081 3.603 2.895
1868 12.323 8.998 23.37
1869 14.209 24.012 23.0
1870 30.504 3.952 28.687
1871 43.001 32.815 35.605
1872 45.91 19.397 17.725
1873 41.818 18.778 0.493
1874 33.89 25.675 11.985
1875 48.482 27.993 7.337
1876 41.247 7.266 8.678
1877 15.797 4.938 28.858
1878 47.737 24.983 4.977
1879 48.049 10.56 20.242
1880 20.83 31.045 21.411
1881 12.656 11.222 23.36
1882 46.334 16.303 21.418
1883 32.329 2.821 18.427
1884 14.344 27.239 26.301
1885 27.573 2.048 16.218
1886 30.602 17.943 21.135
1887 41.233 2.377 24.576
1888 38.546 6.652 28.875
1889 22.253 17.595 33.98
1890 37.328 7.082 19.544
1891 29.538 23.118 11.094
1892 19.482 3.26 17.805
1893 40.925 5.011 19.142
1894 32.614 5.943 14.209
1895 19.066 11.285 25.827
1896 42.402 23.102 34.835
1897 43.548 1.555 1.858
1898 20.424 21.999 5.099
1899 42.326 30.507 7.371
1900 22.853 11.442 8.275
1901 13.021 8.979 31.903
1902 38.272 23.844 8.944
1903 46.523 1.275 21.451
1904 11.31 6.418 22.087
1905 14.569 34.702 30.149
1906 12.889 25.422 33.62
1907 19.865 24.361 26.599
1908 31.742 18.771 18.841
1909 48.168 24.282 0.561
1910 16.403 10.966 17.621
1911 15.192 20.636 15.808
1912 16.283 26.14 17.063
1913 10.456 35.348 23.462
1914 31.509 1.397 25.088
1915 35.891 19.011 28.161
1916 22.652 19.961 33.149
1917 15.021 16.792 26.897
1918 37.889 34.71 34.068
1919 25.054 12.05 27.602
1920 18.206 8.868 20.762
1921 16.311 28.24 9.948
1922 34.406 35.436 20.134
1923 21.579 28.01 27.543
1924 10.101 30.413 24.361
1925 22.444 24.316 22.308
1926 15.557 25.875 25.484
1927 31.965 14.794 35.434
1928 31.26 19.837 13.226
1929 13.036 7.087 13.336
1930 45.21 5.779 11.671
1931 21.286 8.303 31.42
1932 14.502 3.205 16.716
1933 26.926 21.877 21.151
1934 28.912 5.258 27.039
1935 32.026 26.244 8.579
1936 14.075 2.537 10.066
1937 34.884 29.356 21.055
1938 22.1 9.959 26.738
1939 17.661 24.811 2.244
1940 30.19 32.855 30.965
1941 28.557 8.97 9.018
1942 38.786 19.647 19.155
1943 19.884 5.205 21.607
1944 11.716 9.084 3.423
