location subarea
1 9
2 20
3 16
4 32
5 34
6 21
7 19
8 11
9 26
10 79
11 62
12 3
13 18
14 7
15 56
16 13
17 55
18 6
19 62
20 40
21 39
22 23
23 34
24 60
25 69
26 19
27 44
28 11
29 45
30 79
31 25
32 55
33 77
34 57
35 48
36 74
37 43
38 13
39 36
40 31
41 10
42 17
43 19
44 66
45 33
46 36
47 67
48 29
49 3
50 58
51 12
52 45
53 44
54 81
55 47
56 61
57 17
58 40
59 22
60 44
61 28
62 14
63 8
64 46
65 34
66 25
67 52
68 49
69 29
70 30
71 16
72 18
73 30
74 5
75 1
76 31
77 80
78 43
79 32
80 55
81 33
82 25
83 18
84 29
85 21
86 14
87 65
88 56
89 31
90 79
91 36
92 28
93 25
94 37
95 19
96 49
97 43
98 64
99 45
100 66
101 38
102 28
103 45
104 22
105 31
106 24
107 66
108 9
109 51
110 61
111 81
112 13
113 60
114 65
115 44
116 13
117 39
118 72
119 18
120 58
121 81
122 16
123 25
124 52
125 59
126 60
127 58
128 36
129 25
130 36
131 22
132 81
133 55
134 23
135 4
136 34
137 55
138 75
139 34
140 26
141 36
142 47
143 45
144 2
145 16
146 67
147 52
148 70
149 10
150 52
151 2
152 28
153 67
154 15
155 59
156 36
157 23
158 77
159 74
160 35
161 74
162 39
163 51
164 4
165 75
166 48
167 52
168 6
169 2
170 46
171 15
172 47
173 7
174 33
175 7
176 3
177 37
178 8
179 42
180 34
181 11
182 23
183 73
184 70
185 60
186 40
187 44
188 57
189 72
190 38
191 1
192 70
193 25
194 61
195 39
196 3
197 32
198 76
199 67
200 72
201 9
202 26
203 42
204 5
205 21
206 49
207 3
208 67
209 36
210 54
211 73
212 58
213 13
214 75
215 12
216 16
217 69
218 57
219 9
220 20
221 15
222 46
223 34
224 46
225 30
226 51
227 11
228 72
229 66
230 14
231 59
232 31
233 13
234 12
235 4
236 57
237 18
238 10
239 72
240 18
241 1
242 44
243 46
244 50
245 67
246 8
247 30
248 69
249 21
250 35
251 52
252 29
253 60
254 31
255 45
256 5
257 26
258 25
259 74
260 27
261 71
262 37
263 13
264 5
265 28
266 53
267 4
268 27
269 46
270 27
271 54
272 8
273 9
274 49
275 26
276 61
277 50
278 48
279 80
280 24
281 55
282 14
283 48
284 62
285 55
286 51
287 48
288 64
289 38
290 20
291 56
292 21
293 22
294 43
295 55
296 57
297 65
298 39
299 27
300 62
301 24
302 33
303 28
304 24
305 62
306 56
307 43
308 81
309 5
310 29
311 4
312 30
313 8
314 81
315 65
316 49
317 53
318 59
319 46
320 67
321 55
322 58
323 74
324 60
325 19
326 56
327 27
328 38
329 33
330 69
331 37
332 62
333 26
334 6
335 20
336 60
337 62
338 65
339 24
340 32
341 15
342 24
343 71
344 58
345 23
346 33
347 32
348 32
349 77
350 34
351 43
352 72
353 41
354 23
355 61
356 76
357 12
358 79
359 48
360 44
361 22
362 43
363 21
364 14
365 53
366 72
367 43
368 77
369 68
370 9
371 31
372 63
373 77
374 55
375 56
376 57
377 34
378 1
379 33
380 59
381 44
382 64
383 20
384 1
385 15
386 38
387 56
388 38
389 36
390 16
391 58
392 34
393 57
394 70
395 57
396 11
397 26
398 40
399 1
400 41
401 45
402 37
403 43
404 35
405 34
406 31
407 14
408 79
409 36
410 20
411 27
412 46
413 58
414 33
415 10
416 66
417 50
418 15
419 57
420 10
421 37
422 19
423 54
424 2
425 59
426 63
427 61
428 71
429 65
430 54
431 45
432 65
433 49
434 1
435 5
436 38
437 69
438 18
439 55
440 8
441 68
442 20
443 16
444 59
445 59
446 44
447 76
448 62
449 80
450 21
451 16
452 36
453 28
454 39
455 20
456 56
457 23
458 20
459 23
460 27
461 71
462 39
463 74
464 16
465 27
466 58
467 15
468 71
469 63
470 32
471 11
472 72
473 39
474 7
475 23
476 34
477 49
478 65
479 74
480 57
481 40
482 25
483 48
484 4
485 19
486 21
487 43
488 63
489 73
490 48
491 40
492 45
493 21
494 57
495 54
496 60
497 46
498 73
499 4
500 13
501 71
502 40
503 24
504 9
505 1
506 63
507 40
508 78
509 56
510 41
511 67
512 15
513 30
514 36
515 14
516 61
517 55
518 7
519 77
520 80
521 9
522 39
523 58
524 18
525 13
526 4
527 28
528 48
529 57
530 6
531 56
532 61
533 56
534 49
535 53
536 5
537 49
538 49
539 39
540 59
541 11
542 23
543 40
544 24
545 3
546 79
547 56
548 22
549 17
550 47
551 79
552 20
553 29
554 37
555 67
556 46
557 33
558 59
559 53
560 20
561 66
562 79
563 14
564 62
565 20
566 57
567 13
568 6
569 43
570 52
571 74
572 55
573 48
574 46
575 35
576 12
577 17
578 17
579 80
580 7
581 28
582 76
583 30
584 24
585 45
586 18
587 24
588 74
589 43
590 12
591 66
592 70
593 74
594 29
595 27
596 29
597 58
598 29
599 76
600 1
601 8
602 25
603 45
604 22
605 76
606 27
607 30
608 15
609 71
610 77
611 57
612 33
613 43
614 69
615 73
616 71
617 52
618 53
619 59
620 17
621 14
622 68
623 49
624 41
625 8
626 73
627 8
628 26
629 44
630 78
631 58
632 63
633 27
634 43
635 1
636 77
637 40
638 81
639 50
640 61
641 7
642 27
643 6
644 74
645 3
646 74
647 63
648 51
649 76
650 35
651 10
652 55
653 42
654 3
655 22
656 54
657 22
658 62
659 72
660 4
661 18
662 15
663 13
664 55
665 41
666 28
667 11
668 30
669 38
670 58
671 9
672 53
673 53
674 47
675 51
676 52
677 19
678 81
679 54
680 27
681 54
682 81
683 33
684 69
685 81
686 22
687 52
688 73
689 6
690 64
691 43
692 71
693 59
694 32
695 57
696 50
697 70
698 11
699 13
700 61
701 6
702 68
703 7
704 39
705 33
706 79
707 41
708 2
709 47
710 6
711 2
712 33
713 26
714 43
715 53
716 2
717 7
718 27
719 48
720 39
721 26
722 40
723 33
724 30
725 74
726 78
727 47
728 54
729 68
730 74
731 79
732 66
733 66
734 1
735 48
736 11
737 12
738 14
739 64
740 56
741 8
742 53
743 47
744 79
745 62
746 33
747 56
748 28
749 71
750 58
751 38
752 53
753 43
754 23
755 9
756 46
757 30
758 5
759 40
760 48
761 42
762 51
763 53
764 18
765 20
766 3
767 53
768 7
769 18
770 41
771 19
772 74
773 10
774 73
775 46
776 63
777 14
778 45
779 38
780 60
781 26
782 76
783 20
784 67
785 6
786 31
787 18
788 62
789 25
790 10
791 76
792 80
793 28
794 15
795 30
796 24
797 80
798 73
799 39
800 25
801 74
802 51
803 7
804 19
805 29
806 22
807 28
808 58
809 81
810 38
811 15
812 58
813 29
814 34
815 64
816 25
817 61
818 3
819 74
820 41
821 4
822 25
823 54
824 17
825 75
826 45
827 81
828 55
829 37
830 24
831 65
832 39
833 59
834 63
835 30
836 51
837 69
838 3
839 6
840 15
841 13
842 77
843 39
844 70
845 75
846 75
847 24
848 48
849 49
850 61
851 28
852 16
853 28
854 71
855 29
856 48
857 69
858 60
859 73
860 26
861 77
862 8
863 45
864 42
865 49
866 77
867 48
868 54
869 36
870 73
871 64
872 2
873 39
874 69
875 27
876 14
877 46
878 28
879 14
880 45
881 25
882 6
883 34
884 45
885 71
886 34
887 49
888 65
889 48
890 51
891 37
892 14
893 23
894 18
895 43
896 49
897 25
898 29
899 18
900 63
901 30
902 2
903 30
904 65
905 53
906 25
907 22
908 22
909 58
910 44
911 1
912 21
913 29
914 5
915 68
916 55
917 67
918 1
919 19
920 75
921 39
922 75
923 37
924 44
925 37
926 74
927 48
928 33
929 17
930 42
931 23
932 21
933 19
934 2
935 71
936 24
937 80
938 10
939 79
940 64
941 81
942 80
943 80
944 56
945 51
946 70
947 64
948 65
949 72
950 45
951 65
952 25
953 53
954 20
955 34
956 13
957 8
958 17
959 75
960 22
961 29
962 69
963 63
964 33
965 21
966 32
967 27
968 14
969 16
970 46
971 21
972 17
973 24
974 5
975 68
976 26
977 23
978 40
979 50
980 66
981 31
982 28
983 60
984 47
985 54
986 48
987 16
988 14
989 41
990 81
991 25
992 56
993 58
994 8
995 47
996 58
997 70
998 76
999 2
1000 50
1001 19
1002 46
1003 70
1004 24
1005 58
1006 50
1007 32
1008 64
1009 46
1010 67
1011 29
1012 41
1013 6
1014 60
1015 59
1016 80
1017 28
1018 13
1019 71
1020 68
1021 56
1022 27
1023 39
1024 10
1025 21
1026 62
1027 50
1028 72
1029 33
1030 9
1031 43
1032 22
1033 58
1034 38
1035 43
1036 12
1037 22
1038 70
1039 27
1040 60
1041 80
1042 80
1043 68
1044 8
1045 68
1046 49
1047 49
1048 80
1049 19
1050 60
1051 56
1052 51
1053 43
1054 3
1055 15
1056 7
1057 73
1058 39
1059 35
1060 26
1061 23
1062 25
1063 45
1064 42
1065 62
1066 47
1067 30
1068 34
1069 5
1070 58
1071 13
1072 3
1073 24
1074 67
1075 72
1076 64
1077 56
1078 65
1079 55
1080 76
1081 77
1082 58
1083 63
1084 14
1085 30
1086 48
1087 63
1088 75
1089 58
1090 23
1091 48
1092 9
1093 5
1094 44
1095 61
1096 54
1097 21
1098 40
1099 56
1100 63
1101 2
1102 42
1103 69
1104 77
1105 26
1106 62
1107 22
1108 69
1109 31
1110 80
1111 17
1112 81
1113 53
1114 77
1115 3
1116 29
1117 58
1118 20
1119 38
1120 30
1121 42
1122 4
1123 1
1124 48
1125 68
1126 12
1127 3
1128 34
1129 29
1130 4
1131 11
1132 5
1133 52
1134 57
1135 21
1136 72
1137 23
1138 58
1139 3
1140 12
1141 23
1142 24
1143 34
1144 19
1145 54
1146 34
1147 32
1148 53
1149 20
1150 59
1151 63
1152 38
1153 62
1154 23
1155 63
1156 20
1157 46
1158 52
1159 46
1160 51
1161 23
1162 42
1163 13
1164 51
1165 78
1166 26
1167 39
1168 65
1169 10
1170 24
1171 54
1172 15
1173 78
1174 38
1175 75
1176 54
1177 69
1178 60
1179 38
1180 73
1181 1
1182 51
1183 20
1184 63
1185 16
1186 41
1187 34
1188 46
1189 67
1190 4
1191 68
1192 68
1193 75
1194 43
1195 6
1196 58
1197 78
1198 64
1199 23
1200 75
1201 4
1202 29
1203 32
1204 63
1205 73
1206 77
1207 14
1208 78
1209 73
1210 22
1211 7
1212 14
1213 9
1214 31
1215 46
1216 71
1217 76
1218 8
1219 70
1220 9
1221 15
1222 73
1223 27
1224 18
1225 61
1226 21
1227 66
1228 52
1229 25
1230 72
1231 25
1232 16
1233 60
1234 48
1235 58
1236 59
1237 48
1238 76
1239 81
1240 60
1241 8
1242 70
1243 72
1244 27
1245 52
1246 21
1247 65
1248 14
1249 60
1250 5
1251 17
1252 62
1253 59
1254 66
1255 6
1256 51
1257 19
1258 1
1259 7
1260 4
1261 59
1262 53
1263 48
1264 8
1265 70
1266 71
1267 44
1268 29
1269 30
1270 41
1271 78
1272 68
1273 20
1274 28
1275 29
1276 74
1277 58
1278 81
1279 13
1280 46
1281 47
1282 79
1283 21
1284 14
1285 57
1286 70
1287 24
1288 78
1289 76
1290 22
1291 7
1292 63
1293 44
1294 56
1295 43
1296 73
1297 39
1298 62
1299 21
1300 44
1301 77
1302 32
1303 37
1304 15
1305 21
1306 77
1307 57
1308 78
1309 50
1310 68
1311 53
1312 27
1313 10
1314 68
1315 69
1316 8
1317 26
1318 48
1319 49
1320 63
1321 22
1322 11
1323 75
1324 23
1325 50
1326 2
1327 58
1328 49
1329 26
1330 12
1331 25
1332 67
1333 38
1334 43
1335 6
1336 26
1337 26
1338 55
1339 41
1340 13
1341 19
1342 70
1343 68
1344 30
1345 52
1346 41
1347 34
1348 32
1349 16
1350 24
1351 70
1352 10
1353 4
1354 19
1355 40
1356 44
1357 77
1358 20
1359 32
1360 63
1361 54
1362 66
1363 47
1364 26
1365 25
1366 23
1367 54
1368 1
1369 52
1370 62
1371 56
1372 75
1373 25
1374 21
1375 18
1376 34
1377 17
1378 72
1379 10
1380 4
1381 45
1382 55
1383 60
1384 34
1385 7
1386 51
1387 38
1388 21
1389 45
1390 50
1391 30
1392 15
1393 12
1394 73
1395 48
1396 27
1397 42
1398 11
1399 74
1400 64
1401 80
1402 46
1403 43
1404 48
1405 13
1406 70
1407 6
1408 62
1409 40
1410 59
1411 81
1412 40
1413 20
1414 42
1415 61
1416 44
1417 54
1418 70
1419 9
1420 38
1421 22
1422 75
1423 66
1424 49
1425 33
1426 12
1427 12
1428 24
1429 63
1430 49
1431 78
1432 14
1433 3
1434 73
1435 61
1436 43
1437 48
1438 46
1439 22
1440 23
1441 1
1442 69
1443 5
1444 47
1445 13
1446 21
1447 26
1448 40
1449 50
1450 64
1451 17
1452 70
1453 49
1454 67
1455 71
1456 58
1457 30
1458 50
1459 77
1460 35
1461 14
1462 32
1463 9
1464 40
1465 49
1466 5
1467 24
1468 37
1469 60
1470 12
1471 68
1472 23
1473 5
1474 64
1475 8
1476 72
1477 64
1478 30
1479 43
1480 64
1481 35
1482 34
1483 29
1484 16
1485 60
1486 45
1487 11
1488 60
1489 60
1490 16
1491 11
1492 28
1493 3
1494 6
1495 12
1496 80
1497 70
1498 52
1499 52
1500 53
1501 13
1502 59
1503 41
1504 35
1505 69
1506 53
1507 30
1508 18
1509 2
1510 52
1511 32
1512 49
1513 58
1514 58
1515 36
1516 12
1517 17
1518 41
1519 33
1520 52
1521 15
1522 30
1523 30
1524 65
1525 51
1526 81
1527 75
1528 23
1529 81
1530 31
1531 49
1532 42
1533 27
1534 24
1535 26
1536 16
1537 25
1538 74
1539 20
1540 26
1541 74
1542 60
1543 80
1544 61
1545 75
1546 22
1547 74
1548 33
1549 63
1550 51
1551 7
1552 38
1553 5
1554 69
1555 76
1556 30
1557 10
1558 61
1559 61
1560 54
1561 5
1562 22
1563 49
1564 15
1565 72
1566 51
1567 27
1568 32
1569 1
1570 24
1571 22
1572 43
1573 65
1574 63
1575 22
1576 12
1577 37
1578 77
1579 68
1580 15
1581 74
1582 68
1583 50
1584 56
1585 4
1586 39
1587 4
1588 26
1589 20
1590 52
1591 73
1592 26
1593 79
1594 25
1595 30
1596 63
1597 44
1598 76
1599 40
1600 47
1601 45
1602 68
1603 7
1604 4
1605 54
1606 67
1607 55
1608 22
1609 49
1610 50
1611 72
1612 42
1613 14
1614 17
1615 56
1616 71
1617 77
1618 55
1619 41
1620 59
1621 78
1622 54
1623 31
1624 59
1625 68
1626 75
1627 43
1628 10
1629 2
1630 63
1631 28
1632 27
1633 34
1634 24
1635 4
1636 42
1637 79
1638 23
1639 76
1640 45
1641 67
1642 12
1643 45
1644 60
1645 58
1646 16
1647 49
1648 8
1649 45
1650 78
1651 5
1652 18
1653 56
1654 33
1655 21
1656 37
1657 62
1658 72
1659 51
1660 51
1661 33
1662 31
1663 11
1664 38
1665 73
1666 1
1667 23
1668 55
1669 36
1670 53
1671 53
1672 32
1673 68
1674 40
1675 79
1676 62
1677 51
1678 23
1679 68
1680 28
1681 8
1682 43
1683 29
1684 31
1685 73
1686 26
1687 21
1688 31
1689 11
1690 38
1691 39
1692 12
1693 28
1694 78
1695 49
1696 38
1697 18
1698 54
1699 63
1700 59
1701 14
1702 44
1703 1
1704 30
1705 29
1706 30
1707 26
1708 21
1709 75
1710 5
1711 19
1712 32
1713 44
1714 66
1715 13
1716 28
1717 46
1718 63
1719 34
1720 34
1721 53
1722 10
1723 37
1724 8
1725 77
1726 27
1727 21
1728 11
1729 7
1730 3
1731 5
1732 15
1733 41
1734 25
1735 43
1736 19
1737 47
1738 28
1739 69
1740 25
1741 41
1742 15
1743 60
1744 55
1745 50
1746 72
1747 53
1748 6
1749 25
1750 77
1751 23
1752 16
1753 80
1754 47
1755 46
1756 10
1757 14
1758 64
1759 24
1760 31
1761 21
1762 73
1763 56
1764 11
1765 30
1766 45
1767 52
1768 32
1769 73
1770 67
1771 36
1772 30
1773 79
1774 50
1775 4
1776 56
1777 51
1778 27
1779 71
1780 60
1781 27
1782 61
1783 39
1784 17
1785 51
1786 34
1787 52
1788 33
1789 68
1790 53
1791 70
1792 4
1793 26
1794 61
1795 31
1796 59
1797 57
1798 47
1799 70
1800 22
1801 24
1802 73
1803 16
1804 46
1805 28
1806 23
1807 73
1808 2
1809 27
1810 80
1811 53
1812 37
1813 22
1814 13
1815 17
1816 33
1817 34
1818 43
1819 45
1820 30
1821 20
1822 53
1823 34
1824 16
1825 11
1826 76
1827 69
1828 19
1829 23
1830 17
1831 67
1832 68
1833 34
1834 67
1835 10
1836 3
1837 27
1838 26
1839 20
1840 28
1841 81
1842 45
1843 74
1844 55
1845 29
1846 32
1847 29
1848 41
1849 27
1850 70
1851 28
1852 55
1853 61
1854 60
1855 37
1856 44
1857 79
1858 71
1859 28
1860 8
1861 27
1862 1
1863 49
1864 24
1865 38
1866 36
1867 73
1868 30
1869 34
1870 10
1871 9
1872 41
1873 77
1874 61
1875 70
1876 56
1877 11
1878 70
1879 30
1880 35
1881 30
1882 32
1883 37
1884 25
1885 37
1886 32
1887 19
1888 11
1889 5
1890 38
1891 60
1892 37
1893 38
1894 47
1895 21
1896 6
1897 73
1898 69
1899 71
1900 57
1901 12
1902 60
1903 28
1904 29
1905 18
1906 7
1907 25
1908 41
1909 79
1910 39
1911 51
1912 43
1913 36
1914 19
1915 14
1916 5
1917 23
1918 9
1919 22
1920 30
1921 62
1922 36
1923 26
1924 26
1925 34
1926 25
1927 4
1928 50
1929 47
1930 56
1931 12
1932 37
1933 33
1934 20
1935 61
1936 55
1937 35
1938 21
1939 79
1940 18
1941 57
1942 41
1943 29
1944 75
