location capacity Xf Yf
1 29.12 33.248 34.062
2 19.41 7.674 27.733
3 19.41 24.348 31.481
4 9.71 17.736 22.712
5 38.83 24.787 22.72
6 48.54 11.091 27.001
7 19.41 0.504 25.93
8 38.83 6.012 31.606
9 38.83 29.373 26.002
10 19.41 26.029 1.831
11 29.12 29.875 8.908
12 38.83 11.518 34.551
13 9.71 32.657 28.131
14 19.41 26.507 32.694
15 29.12 6.688 8.576
16 19.41 13.637 28.347
17 9.71 2.946 9.269
18 9.71 22.813 33.22
19 38.83 30.97 11.871
20 9.71 15.623 17.834
21 9.71 10.397 17.165
22 48.54 18.997 25.681
23 29.12 24.848 22.001
24 9.71 20.656 8.102
25 19.41 23.183 5.116
26 9.71 2.296 26.803
27 29.12 30.151 16.378
28 9.71 7.285 29.625
29 38.83 34.946 19.873
30 9.71 24.623 3.633
31 29.12 26.071 25.777
32 48.54 0.378 10.64
33 9.71 16.178 3.393
34 9.71 11.806 9.317
35 29.12 8.918 13.143
36 48.54 7.265 3.544
37 48.54 27.094 16.766
38 19.41 13.931 28.571
39 9.71 34.345 21.27
40 48.54 14.81 21.155
41 19.41 2.425 31.593
42 19.41 31.712 28.773
43 9.71 1.418 24.482
44 38.83 11.134 6.864
45 29.12 22.051 20.573
46 38.83 35.656 22.714
47 38.83 13.692 4.151
48 48.54 7.598 23.779
49 29.12 8.994 35.595
50 9.71 14.564 10.358
51 19.41 9.773 31.729
52 38.83 34.509 18.902
53 9.71 28.468 17.596
54 19.41 34.757 0.679
55 38.83 7.95 12.575
56 29.12 27.889 9.595
57 19.41 28.148 28.62
58 19.41 12.886 19.874
59 9.71 15.234 27.954
60 38.83 31.017 16.351
61 48.54 2.366 20.422
62 29.12 16.751 29.996
63 9.71 28.67 34.4
64 19.41 0.684 12.185
65 19.41 24.027 20.055
66 48.54 24.937 27.5
67 19.41 27.841 13.73
68 29.12 13.555 12.685
69 9.71 6.001 21.385
70 48.54 8.142 22.211
71 29.12 27.177 28.295
72 9.71 34.248 30.84
73 19.41 8.191 20.05
74 9.71 17.467 32.923
75 9.71 3.946 32.442
76 48.54 14.582 20.89
77 29.12 28.126 1.68
78 48.54 27.865 17.732
79 9.71 16.848 21.591
80 48.54 1.932 9.353
81 19.41 22.895 23.447
82 48.54 24.167 24.889
83 29.12 35.424 30.299
84 9.71 5.799 22.677
85 38.83 9.518 27.452
86 48.54 19.357 30.912
87 19.41 4.713 4.242
88 38.83 4.668 11.351
89 9.71 15.45 23.587
90 48.54 24.774 1.639
91 29.12 34.442 20.807
92 48.54 3.68 21.955
93 48.54 26.632 25.539
94 9.71 1.979 16.724
95 9.71 2.438 27.887
96 9.71 13.239 15.112
97 29.12 26.607 19.629
98 29.12 1.7 7.647
99 19.41 34.7 19.342
100 48.54 9.797 7.005
101 9.71 4.609 17.877
102 19.41 3.761 20.485
103 48.54 35.592 19.608
104 9.71 15.138 25.113
105 19.41 14.821 20.758
106 9.71 20.083 24.178
107 48.54 9.209 4.879
108 19.41 35.511 33.291
109 48.54 22.305 15.155
110 9.71 24.243 9.299
111 38.83 33.791 0.536
112 48.54 13.355 28.653
113 9.71 20.329 9.473
114 29.12 4.434 5.013
115 48.54 30.866 18.657
116 19.41 15.113 31.798
117 38.83 8.046 19.379
118 48.54 32.902 5.414
119 19.41 32.676 31.82
120 19.41 15.075 10.892
121 38.83 35.481 0.627
122 48.54 25.457 31.549
123 19.41 24.799 27.163
124 29.12 27.979 12.201
125 48.54 18.498 8.713
126 38.83 23.67 11.92
127 9.71 14.076 10.624
128 29.12 32.442 22.499
129 29.12 27.409 26.524
130 48.54 32.034 23.37
131 38.83 13.416 24.087
132 9.71 32.168 0.654
133 29.12 2.297 8.544
134 29.12 17.275 25.894
135 48.54 15.073 32.007
136 19.41 27.007 20.055
137 38.83 2.011 11.615
138 48.54 11.448 2.928
139 29.12 24.01 22.251
140 9.71 28.67 24.296
141 29.12 35.215 21.842
142 38.83 6.53 12.911
143 38.83 34.205 18.643
144 48.54 4.422 35.479
145 38.83 27.883 31.301
146 29.12 15.257 6.51
147 48.54 25.908 14.435
148 9.71 25.12 6.967
149 38.83 2.836 30.19
150 38.83 27.593 12.038
151 48.54 4.69 32.301
152 9.71 2.911 22.895
153 19.41 13.714 4.212
154 19.41 21.635 29.933
155 19.41 17.069 11.124
156 29.12 35.413 21.741
157 29.12 18.571 27.81
158 48.54 19.467 1.545
159 9.71 6.611 3.535
160 38.83 29.866 21.302
161 29.12 7.988 0.685
162 38.83 11.973 16.856
163 48.54 20.067 15.538
164 38.83 13.643 35.438
165 9.71 10.133 2.346
166 48.54 9.74 12.757
167 38.83 27.227 12.525
168 19.41 22.794 34.631
169 29.12 6.144 32.496
170 29.12 1.25 15.264
171 38.83 23.831 28.261
172 29.12 7.494 12.52
173 38.83 25.712 32.263
174 19.41 20.717 21.35
175 48.54 25.043 33.413
176 9.71 10.801 35.185
177 48.54 1.604 18.118
178 9.71 28.056 34.769
179 19.41 20.336 19.152
180 48.54 27.984 21.728
181 9.71 4.99 30.154
182 29.12 18.86 27.086
183 38.83 3.073 2.689
184 48.54 24.786 7.289
185 9.71 21.949 8.952
186 9.71 12.753 18.59
187 38.83 31.48 18.735
188 9.71 9.949 11.772
189 29.12 35.38 7.829
190 38.83 6.493 16.785
191 38.83 2.936 33.739
192 48.54 24.422 5.722
193 29.12 26.755 25.775
194 48.54 25.504 9.264
195 19.41 8.322 19.589
196 29.12 11.66 33.694
197 48.54 18.709 22.629
198 9.71 15.428 1.156
199 19.41 12.7 6.491
200 48.54 34.09 6.011
201 48.54 35.011 32.497
202 29.12 31.079 27.17
203 19.41 21.028 16.248
204 9.71 18.606 34.339
205 48.54 8.295 25.68
206 38.83 13.448 14.549
207 9.71 11.518 32.974
208 9.71 13.794 7.921
209 38.83 34.648 21.684
210 19.41 35.207 14.604
211 38.83 3.094 2.206
212 48.54 12.38 8.223
213 29.12 14.546 28.681
214 9.71 8.396 3.855
215 9.71 11.482 30.397
216 48.54 26.254 29.285
217 29.12 21.458 4.512
218 29.12 8.26 10.958
219 19.41 32.047 33.467
220 29.12 7.608 27.166
221 9.71 23.998 31.004
222 9.71 0.535 12.74
223 38.83 25.183 22.816
224 48.54 2.891 15.543
225 29.12 10.82 21.776
226 48.54 21.989 12.807
227 19.41 7.588 30.61
228 29.12 33.904 6.538
229 48.54 11.223 4.215
230 48.54 18.867 29.656
231 29.12 18.19 11.108
232 48.54 14.482 22.931
233 29.12 14.678 30.999
234 38.83 9.535 30.666
235 48.54 12.093 34.508
236 48.54 8.205 10.101
237 38.83 32.534 30.999
238 38.83 1.17 29.438
239 48.54 35.009 7.359
240 19.41 33.159 30.691
241 38.83 1.976 34.953
242 38.83 28.012 19.044
243 48.54 2.351 15.065
244 9.71 18.153 12.895
245 38.83 14.417 7.0
246 9.71 30.759 32.72
247 48.54 10.463 20.112
248 29.12 20.932 6.003
249 9.71 11.505 24.415
250 19.41 28.317 23.711
251 38.83 27.829 15.573
252 9.71 4.187 21.116
253 19.41 22.893 9.67
254 19.41 15.936 23.124
255 38.83 33.999 16.817
256 38.83 18.828 33.786
257 19.41 28.773 24.699
258 48.54 27.37 24.074
259 9.71 7.491 2.039
260 29.12 33.258 25.448
261 38.83 28.304 6.668
262 29.12 2.919 19.556
263 19.41 14.034 30.986
264 38.83 19.773 35.008
265 38.83 1.441 23.687
266 19.41 30.618 13.786
267 38.83 12.157 32.194
268 29.12 33.099 27.583
269 48.54 0.985 15.575
270 19.41 34.193 24.303
271 38.83 35.457 12.483
272 38.83 30.848 33.341
273 19.41 35.307 35.007
274 19.41 15.372 12.317
275 48.54 28.137 27.376
276 48.54 25.425 8.816
277 19.41 19.196 13.918
278 29.12 9.226 14.295
279 19.41 30.794 0.695
280 29.12 20.476 25.501
281 29.12 2.987 9.101
282 29.12 17.662 28.556
283 9.71 11.979 12.701
284 38.83 28.032 8.158
285 9.71 3.09 9.606
286 19.41 20.508 14.233
287 29.12 10.735 12.668
288 29.12 2.032 6.771
289 38.83 6.234 19.834
290 19.41 5.299 25.863
291 48.54 5.661 11.921
292 19.41 11.706 26.321
293 38.83 12.764 26.727
294 29.12 27.228 18.812
295 9.71 1.611 9.513
296 19.41 9.114 10.356
297 48.54 4.101 6.367
298 48.54 8.157 16.474
299 9.71 33.515 25.979
300 9.71 28.567 10.728
301 9.71 23.835 25.406
302 29.12 22.677 21.607
303 48.54 1.617 21.229
304 38.83 23.058 25.917
305 29.12 28.786 9.146
306 19.41 5.152 10.6
307 48.54 26.219 19.514
308 38.83 33.362 3.467
309 19.41 18.869 32.604
310 9.71 6.714 23.567
311 48.54 13.713 34.828
312 38.83 10.422 20.679
313 9.71 30.105 33.825
314 9.71 32.514 1.847
315 38.83 4.363 4.096
316 48.54 15.776 12.428
317 29.12 31.972 15.765
318 19.41 17.365 11.143
319 38.83 2.014 15.253
320 38.83 15.61 7.64
321 38.83 3.911 11.195
322 48.54 14.516 9.735
323 19.41 7.697 2.603
324 9.71 22.036 8.381
325 38.83 1.511 26.91
326 29.12 7.368 9.179
327 9.71 34.55 24.038
328 19.41 7.153 17.813
329 38.83 21.675 23.62
330 19.41 23.254 6.618
331 29.12 2.993 16.18
332 38.83 29.543 8.572
333 38.83 28.155 24.621
334 29.12 20.464 32.74
335 19.41 5.717 25.026
336 19.41 23.457 11.633
337 48.54 31.409 9.734
338 29.12 5.426 7.153
339 38.83 23.373 27.94
340 9.71 17.011 21.235
341 38.83 23.064 31.161
342 29.12 22.192 26.571
343 48.54 28.858 6.64
344 38.83 14.276 8.039
345 29.12 18.327 24.126
346 38.83 21.144 23.579
347 9.71 19.302 21.799
348 19.41 16.276 22.55
349 9.71 19.485 0.255
350 48.54 27.499 21.652
351 29.12 27.637 18.292
352 29.12 33.118 4.043
353 38.83 16.694 17.965
354 19.41 16.392 25.873
355 29.12 26.784 10.954
356 29.12 12.277 0.831
357 38.83 8.164 28.779
358 38.83 24.081 2.264
359 38.83 10.674 14.641
360 19.41 29.494 17.435
361 19.41 12.158 26.325
362 19.41 27.519 17.155
363 9.71 10.32 24.035
364 38.83 16.02 31.946
365 29.12 31.973 15.031
366 38.83 35.546 4.976
367 19.41 25.033 17.104
368 19.41 16.984 2.526
369 9.71 19.067 7.751
370 19.41 33.684 34.213
371 19.41 13.34 22.377
372 29.12 32.246 9.756
373 19.41 18.233 3.035
374 9.71 0.698 8.476
375 48.54 4.901 8.955
376 19.41 8.672 10.712
377 29.12 27.366 23.251
378 48.54 2.123 33.752
379 9.71 21.586 21.603
380 48.54 18.162 10.391
381 9.71 31.39 16.494
382 48.54 0.575 5.707
383 9.71 7.574 26.449
384 19.41 1.896 35.037
385 9.71 20.892 29.417
386 9.71 7.26 18.325
387 38.83 7.424 10.937
388 9.71 7.42 16.11
389 38.83 32.887 20.598
390 19.41 26.905 30.541
391 9.71 14.748 11.931
392 38.83 27.429 20.263
393 38.83 11.068 9.431
394 29.12 26.079 4.755
395 48.54 10.636 9.441
396 19.41 5.43 31.958
397 38.83 30.581 25.369
398 48.54 13.98 19.934
399 38.83 3.536 34.516
400 19.41 18.941 16.991
401 19.41 32.653 18.907
402 19.41 2.747 19.311
403 48.54 25.664 19.791
404 38.83 30.001 21.701
405 38.83 24.306 20.825
406 38.83 13.457 21.036
407 38.83 19.176 31.456
408 48.54 26.745 1.638
409 38.83 33.583 20.485
410 19.41 4.733 27.497
411 19.41 35.736 25.204
412 29.12 3.076 15.485
413 29.12 15.183 8.752
414 38.83 23.829 23.597
415 9.71 2.852 31.12
416 29.12 11.476 5.729
417 38.83 17.646 14.78
418 19.41 22.528 31.389
419 29.12 8.97 8.713
420 9.71 2.409 28.984
421 38.83 1.498 17.052
422 38.83 3.592 25.33
423 29.12 33.118 12.019
424 38.83 5.525 33.526
425 38.83 19.921 8.566
426 19.41 33.257 9.313
427 29.12 25.614 10.532
428 19.41 28.093 4.492
429 9.71 6.497 7.189
430 19.41 33.323 15.198
431 19.41 33.287 18.042
432 19.41 4.096 4.935
433 19.41 12.491 14.456
434 48.54 1.588 34.195
435 38.83 16.627 34.546
436 38.83 5.469 19.138
437 29.12 20.903 5.562
438 48.54 32.313 31.758
439 9.71 3.777 10.946
440 19.41 31.417 34.86
441 48.54 18.565 7.593
442 48.54 4.073 26.044
443 48.54 26.192 29.112
444 19.41 17.67 9.997
445 48.54 19.908 10.175
446 9.71 31.612 16.011
447 48.54 12.788 3.419
448 38.83 29.442 11.999
449 19.41 30.116 0.719
450 48.54 8.704 24.174
451 38.83 27.709 31.285
452 19.41 32.475 23.222
453 29.12 2.473 22.946
454 38.83 9.236 19.548
455 29.12 7.666 27.531
456 29.12 6.132 11.264
457 9.71 16.124 24.015
458 19.41 4.273 25.545
459 48.54 17.013 24.082
460 9.71 32.759 24.606
461 48.54 29.627 5.028
462 19.41 8.399 19.625
463 38.83 6.401 1.08
464 29.12 27.033 29.342
465 29.12 32.872 25.782
466 19.41 15.395 9.149
467 29.12 22.261 31.452
468 9.71 28.755 6.556
469 48.54 33.68 9.579
470 38.83 18.945 22.773
471 48.54 5.235 31.337
472 38.83 33.527 4.626
473 38.83 10.767 17.937
474 48.54 25.207 34.137
475 19.41 17.275 26.262
476 9.71 24.104 23.245
477 48.54 15.98 12.456
478 9.71 7.047 7.921
479 19.41 5.602 1.03
480 19.41 9.944 10.957
481 48.54 12.006 18.158
482 29.12 25.464 24.917
483 9.71 9.642 14.966
484 9.71 14.071 35.453
485 29.12 3.131 24.709
486 9.71 8.366 24.974
487 38.83 26.481 16.586
488 48.54 34.494 10.411
489 38.83 0.682 2.7
490 48.54 10.817 14.51
491 29.12 14.273 19.384
492 19.41 32.802 18.746
493 48.54 9.34 25.59
494 9.71 11.122 10.39
495 29.12 34.713 12.925
496 9.71 22.294 8.022
497 29.12 3.346 14.59
498 29.12 2.175 3.099
499 19.41 15.617 32.7
500 9.71 15.849 31.596
501 19.41 29.7 6.063
502 48.54 15.711 16.092
503 29.12 23.619 24.963
504 19.41 35.366 34.182
505 19.41 2.825 34.098
506 19.41 33.4 9.263
507 38.83 12.812 16.065
508 9.71 20.456 3.177
509 38.83 4.96 9.633
510 38.83 19.184 18.619
511 48.54 12.152 4.833
512 19.41 22.796 31.385
513 29.12 10.326 22.854
514 29.12 34.012 20.135
515 29.12 18.837 31.813
516 9.71 25.708 10.067
517 48.54 3.273 8.366
518 29.12 26.009 35.736
519 38.83 17.336 1.029
520 29.12 31.568 3.665
521 19.41 33.488 34.601
522 29.12 11.936 17.869
523 38.83 12.601 9.233
524 19.41 32.492 31.776
525 9.71 15.153 31.974
526 38.83 13.902 34.442
527 48.54 3.281 20.134
528 38.83 11.599 15.941
529 38.83 11.032 8.382
530 19.41 21.023 33.641
531 48.54 5.814 8.821
532 29.12 24.535 8.279
533 29.12 6.196 10.296
534 48.54 12.259 12.097
535 9.71 31.866 14.389
536 38.83 16.864 34.296
537 29.12 13.047 12.579
538 38.83 15.623 12.366
539 19.41 9.356 17.541
540 38.83 17.191 11.317
541 29.12 7.564 30.312
542 29.12 18.451 24.183
543 38.83 12.498 16.401
544 29.12 21.876 26.424
545 19.41 11.708 35.356
546 9.71 26.387 2.904
547 9.71 6.455 8.878
548 38.83 13.923 24.249
549 19.41 31.012 31.507
550 9.71 6.678 12.737
551 29.12 24.395 1.393
552 19.41 4.708 25.853
553 19.41 6.59 20.853
554 38.83 2.485 19.2
555 29.12 12.14 7.056
556 29.12 2.09 14.011
557 38.83 22.828 21.266
558 48.54 18.479 9.604
559 48.54 29.029 15.133
560 19.41 7.174 24.647
561 48.54 9.183 7.611
562 38.83 27.424 2.877
563 48.54 16.286 29.002
564 19.41 28.528 10.282
565 9.71 6.359 26.389
566 9.71 8.351 11.462
567 48.54 13.796 30.11
568 29.12 21.535 32.769
569 19.41 26.516 17.519
570 38.83 25.462 14.299
571 38.83 5.971 2.364
572 48.54 1.674 8.328
573 29.12 8.059 12.703
574 29.12 1.506 14.446
575 19.41 29.94 23.925
576 9.71 8.669 31.484
577 29.12 31.942 30.898
578 9.71 30.71 29.648
579 9.71 29.409 1.701
580 38.83 25.582 33.438
581 48.54 3.671 22.285
582 9.71 13.137 1.801
583 9.71 8.092 21.966
584 48.54 22.782 24.361
585 19.41 33.329 19.439
586 38.83 34.67 30.746
587 29.12 23.164 24.969
588 19.41 7.642 3.462
589 48.54 24.274 18.756
590 9.71 11.684 30.328
591 9.71 9.075 7.205
592 38.83 27.855 5.822
593 9.71 5.303 2.339
594 38.83 7.385 20.685
595 29.12 34.412 24.81
596 38.83 7.874 20.265
597 9.71 13.001 9.742
598 29.12 5.339 23.813
599 48.54 14.594 2.179
600 48.54 2.69 33.969
601 48.54 28.264 35.1
602 19.41 24.841 27.706
603 38.83 35.785 19.779
604 38.83 12.978 24.503
605 38.83 15.865 2.131
606 48.54 34.766 25.812
607 38.83 8.386 20.233
608 9.71 20.619 30.303
609 48.54 29.786 6.993
610 19.41 17.95 3.994
611 48.54 10.982 9.75
612 9.71 22.146 20.473
613 19.41 27.66 18.211
614 29.12 23.938 4.696
615 38.83 1.981 1.07
616 38.83 29.803 5.207
617 9.71 26.175 12.208
618 29.12 30.562 15.93
619 38.83 18.108 10.826
620 29.12 31.408 28.249
621 48.54 16.636 31.175
622 48.54 17.586 7.733
623 29.12 14.83 15.588
624 9.71 19.623 16.114
625 48.54 30.205 32.12
626 38.83 0.978 1.572
627 9.71 30.134 33.79
628 19.41 31.362 26.091
629 29.12 31.536 18.789
630 38.83 22.54 2.384
631 38.83 15.265 10.397
632 38.83 35.272 8.483
633 19.41 32.251 24.322
634 9.71 25.576 19.21
635 38.83 1.455 32.795
636 38.83 17.275 1.834
637 38.83 15.855 19.843
638 29.12 34.492 1.289
639 48.54 17.232 14.258
640 29.12 27.537 11.347
641 19.41 25.072 35.078
642 48.54 35.468 25.662
643 9.71 20.03 34.064
644 38.83 7.865 2.574
645 38.83 11.556 32.668
646 9.71 6.544 0.232
647 9.71 35.696 10.197
648 29.12 20.897 14.349
649 38.83 14.629 0.911
650 48.54 30.095 22.222
651 19.41 1.619 28.396
652 38.83 0.633 9.016
653 29.12 21.941 17.015
654 38.83 8.385 33.448
655 38.83 13.239 26.914
656 38.83 34.572 14.337
657 29.12 14.21 25.62
658 19.41 28.447 11.033
659 38.83 33.038 5.177
660 48.54 13.725 35.47
661 29.12 33.185 30.032
662 9.71 21.864 31.926
663 38.83 12.759 29.369
664 9.71 0.402 8.548
665 29.12 16.85 19.164
666 9.71 3.691 21.063
667 29.12 5.871 28.985
668 19.41 11.647 21.476
669 19.41 5.903 17.642
670 19.41 14.481 10.797
671 19.41 34.295 35.294
672 19.41 31.406 15.004
673 38.83 31.362 14.408
674 29.12 4.677 15.506
675 9.71 21.893 13.002
676 38.83 27.562 15.257
677 19.41 3.428 27.716
678 29.12 35.571 2.103
679 48.54 35.007 14.447
680 48.54 34.376 27.389
681 19.41 33.047 15.216
682 38.83 34.926 1.653
683 48.54 20.276 23.892
684 9.71 22.441 7.485
685 29.12 32.013 2.023
686 9.71 14.177 27.578
687 9.71 26.072 15.181
688 19.41 0.716 2.819
689 38.83 20.253 34.799
690 9.71 2.419 4.869
691 9.71 26.084 17.104
692 38.83 31.866 4.935
693 9.71 18.471 9.316
694 19.41 16.246 20.921
695 48.54 8.663 11.485
696 38.83 18.84 15.528
697 9.71 24.817 7.305
698 9.71 5.72 29.62
699 48.54 14.587 31.401
700 19.41 24.189 9.58
701 38.83 20.394 32.047
702 38.83 18.966 5.208
703 48.54 25.145 33.839
704 48.54 11.6 18.112
705 48.54 22.562 20.417
706 19.41 24.324 3.13
707 29.12 16.603 17.639
708 48.54 4.491 34.067
709 38.83 4.2 15.112
710 29.12 23.864 32.323
711 19.41 4.405 34.281
712 29.12 22.918 20.6
713 19.41 30.104 24.404
714 48.54 27.069 19.65
715 38.83 31.898 14.874
716 29.12 6.438 34.676
717 9.71 26.039 32.568
718 9.71 33.699 24.968
719 29.12 11.062 12.043
720 19.41 8.051 19.982
721 29.12 30.774 27.012
722 19.41 13.662 16.297
723 9.71 20.387 22.271
724 29.12 8.089 20.37
725 19.41 4.992 3.225
726 48.54 22.93 1.538
727 38.83 6.609 15.566
728 38.83 33.79 12.124
729 29.12 17.656 7.67
730 29.12 4.655 0.55
731 29.12 24.352 3.773
732 29.12 11.034 5.765
733 19.41 8.527 7.527
734 9.71 2.581 35.628
735 38.83 10.471 15.068
736 9.71 7.428 30.612
737 48.54 10.246 29.115
738 9.71 18.098 29.31
739 29.12 0.223 5.879
740 38.83 6.996 10.787
741 29.12 30.733 34.031
742 19.41 29.822 12.937
743 19.41 5.927 13.391
744 48.54 24.884 1.957
745 19.41 30.883 11.498
746 38.83 21.355 20.877
747 9.71 5.66 9.67
748 19.41 3.89 22.003
749 9.71 28.006 6.97
750 38.83 14.166 10.595
751 9.71 6.105 16.135
752 29.12 28.572 15.595
753 38.83 25.45 17.126
754 38.83 19.207 25.024
755 29.12 34.954 33.659
756 9.71 3.556 12.799
757 38.83 9.058 23.104
758 29.12 19.263 32.043
759 38.83 13.255 16.952
760 38.83 8.815 13.269
761 19.41 23.662 18.048
762 19.41 23.066 12.084
763 19.41 30.017 13.072
764 29.12 32.545 29.304
765 48.54 5.303 26.443
766 9.71 8.145 32.266
767 9.71 28.091 13.848
768 9.71 25.67 34.55
769 48.54 33.683 30.908
770 9.71 17.252 17.415
771 29.12 3.785 26.718
772 19.41 7.518 3.539
773 38.83 2.467 29.604
774 9.71 0.588 0.738
775 29.12 2.068 13.392
776 29.12 33.161 9.903
777 38.83 17.429 29.86
778 38.83 33.675 16.863
779 19.41 6.516 18.376
780 9.71 20.992 9.7
781 9.71 30.618 25.088
782 38.83 14.822 2.821
783 9.71 7.948 26.753
784 38.83 15.72 5.774
785 29.12 21.64 34.815
786 19.41 15.429 21.485
787 9.71 32.192 30.339
788 48.54 28.941 8.812
789 9.71 26.051 26.733
790 38.83 2.482 28.325
791 9.71 12.059 2.851
792 9.71 28.99 2.423
793 38.83 3.37 23.932
794 19.41 22.079 28.862
795 48.54 9.244 23.164
796 48.54 21.769 26.945
797 38.83 29.653 3.04
798 9.71 1.074 1.167
799 19.41 9.545 16.758
800 29.12 25.254 24.932
801 9.71 7.501 3.157
802 48.54 21.607 12.727
803 38.83 27.079 32.317
804 48.54 1.458 25.959
805 29.12 7.627 23.254
806 38.83 14.057 27.814
807 29.12 1.619 22.493
808 48.54 13.497 9.505
809 48.54 35.25 0.502
810 29.12 4.532 19.556
811 9.71 22.915 28.907
812 38.83 14.416 8.911
813 29.12 4.261 23.67
814 38.83 26.262 22.131
815 38.83 3.079 4.946
816 19.41 24.617 25.41
817 9.71 25.969 10.611
818 38.83 10.214 32.781
819 38.83 5.672 3.626
820 9.71 16.966 17.952
821 9.71 14.058 32.062
822 29.12 27.092 27.504
823 48.54 33.223 13.953
824 29.12 29.57 29.124
825 38.83 9.343 2.056
826 19.41 35.355 17.735
827 19.41 35.014 2.765
828 29.12 3.577 9.275
829 9.71 1.212 17.54
830 9.71 22.579 27.696
831 19.41 5.345 4.887
832 29.12 9.306 19.05
833 38.83 16.015 9.587
834 9.71 33.811 11.202
835 29.12 11.988 20.489
836 29.12 22.084 15.142
837 48.54 22.373 4.347
838 9.71 8.277 34.645
839 38.83 21.082 33.46
840 19.41 23.676 28.161
841 29.12 15.479 29.398
842 38.83 18.477 1.528
843 19.41 11.416 17.619
844 9.71 25.68 6.976
845 19.41 8.516 1.336
846 19.41 10.597 3.998
847 38.83 21.521 27.419
848 48.54 9.025 15.762
849 38.83 13.222 14.746
850 48.54 24.179 9.669
851 19.41 1.587 20.641
852 38.83 26.654 28.437
853 9.71 3.493 23.136
854 9.71 30.496 7.946
855 19.41 6.811 21.24
856 48.54 10.553 12.897
857 38.83 21.276 6.123
858 19.41 23.928 8.729
859 19.41 3.188 3.422
860 9.71 31.444 27.232
861 48.54 18.386 1.793
862 9.71 30.474 35.382
863 19.41 35.461 16.962
864 9.71 23.512 19.886
865 38.83 14.793 13.279
866 38.83 19.458 2.977
867 29.12 11.534 12.515
868 29.12 33.789 15.583
869 29.12 33.121 23.503
870 9.71 3.84 1.999
871 29.12 3.598 5.152
872 19.41 4.318 34.812
873 38.83 11.013 16.549
874 29.12 21.543 5.447
875 29.12 35.289 24.494
876 19.41 18.275 30.952
877 48.54 3.292 13.167
878 19.41 0.872 22.391
879 48.54 18.51 28.27
880 19.41 33.965 17.83
881 29.12 26.326 24.417
882 48.54 21.871 34.488
883 9.71 24.58 20.449
884 38.83 32.697 19.353
885 38.83 31.372 4.365
886 48.54 25.728 21.951
887 48.54 13.045 14.646
888 9.71 7.521 5.785
889 19.41 10.24 15.44
890 19.41 21.221 14.252
891 29.12 2.061 19.402
892 9.71 16.039 28.236
893 19.41 19.334 24.564
894 48.54 34.993 31.512
895 29.12 26.504 18.435
896 19.41 12.828 14.785
897 19.41 24.197 26.197
898 48.54 7.779 21.567
899 48.54 33.578 31.865
900 29.12 35.723 11.349
901 29.12 11.77 22.448
902 48.54 7.601 35.11
903 19.41 11.715 21.027
904 9.71 7.56 6.99
905 48.54 29.365 15.589
906 19.41 26.355 26.422
907 19.41 13.102 25.895
908 19.41 14.643 24.191
909 48.54 15.482 11.294
910 48.54 30.364 16.008
911 19.41 2.703 33.096
912 19.41 8.294 27.063
913 29.12 6.203 21.923
914 29.12 18.367 32.928
915 9.71 17.64 5.398
916 9.71 2.144 9.196
917 19.41 15.836 7.007
918 19.41 3.03 33.845
919 29.12 2.408 24.16
920 19.41 10.176 1.171
921 38.83 8.952 17.811
922 9.71 10.709 0.56
923 9.71 0.564 18.801
924 48.54 31.091 19.049
925 19.41 1.227 18.303
926 29.12 6.34 0.85
927 9.71 11.939 13.273
928 19.41 22.212 20.572
929 19.41 30.615 28.48
930 48.54 23.751 17.281
931 48.54 16.165 24.144
932 29.12 11.228 26.101
933 9.71 2.172 26.429
934 29.12 5.013 32.613
935 29.12 30.789 7.646
936 19.41 21.042 25.997
937 48.54 28.28 0.804
938 29.12 3.875 30.599
939 19.41 24.214 3.517
940 38.83 1.22 7.975
941 29.12 34.292 0.726
942 48.54 30.511 2.929
943 29.12 30.015 2.542
944 9.71 4.325 10.278
945 48.54 23.454 13.315
946 29.12 26.426 5.296
947 48.54 1.059 7.038
948 9.71 7.058 5.179
949 48.54 35.396 7.625
950 38.83 34.94 19.128
951 9.71 5.566 5.129
952 29.12 24.56 25.975
953 29.12 30.121 13.904
954 38.83 4.581 27.583
955 38.83 27.281 22.712
956 38.83 13.921 29.673
957 38.83 28.2 33.46
958 48.54 29.211 29.689
959 29.12 8.263 3.186
960 48.54 15.003 26.495
961 48.54 7.332 20.932
962 48.54 20.513 5.583
963 48.54 32.189 9.22
964 38.83 21.652 20.476
965 9.71 11.809 24.959
966 48.54 18.304 23.898
967 19.41 32.729 26.372
968 29.12 17.509 31.53
969 9.71 27.877 29.556
970 38.83 3.007 12.226
971 9.71 11.068 26.102
972 38.83 31.191 29.222
973 38.83 22.184 26.698
974 38.83 18.626 33.386
975 9.71 17.851 7.246
976 38.83 31.633 24.074
977 19.41 16.513 27.72
978 29.12 15.661 16.109
979 48.54 16.372 12.344
980 38.83 9.579 6.29
981 29.12 12.137 23.415
982 38.83 3.798 21.135
983 9.71 21.762 8.625
984 19.41 4.704 12.516
985 9.71 32.118 15.619
986 9.71 10.213 14.683
987 48.54 24.001 30.388
988 9.71 17.632 31.729
989 9.71 18.911 17.258
990 38.83 32.071 1.716
991 48.54 27.967 27.61
992 19.41 4.051 11.78
993 38.83 13.385 11.229
994 48.54 29.746 33.034
995 38.83 5.959 12.466
996 38.83 14.808 11.724
997 9.71 24.891 5.308
998 38.83 13.851 1.821
999 29.12 7.408 32.425
1000 48.54 17.807 14.465
1001 48.54 3.263 26.389
1002 9.71 0.5 13.712
1003 48.54 24.548 4.738
1004 48.54 22.991 26.142
1005 38.83 14.822 8.059
1006 29.12 17.836 13.749
1007 38.83 18.167 21.623
1008 38.83 0.788 6.902
1009 19.41 3.423 14.684
1010 29.12 14.153 6.613
1011 38.83 5.833 21.67
1012 29.12 19.895 19.539
1013 48.54 21.625 34.644
1014 9.71 23.445 8.483
1015 38.83 17.324 10.248
1016 19.41 30.444 3.022
1017 9.71 0.863 22.037
1018 38.83 15.448 29.025
1019 9.71 30.237 5.088
1020 9.71 19.801 6.32
1021 48.54 4.485 9.153
1022 38.83 34.762 27.608
1023 38.83 8.238 17.678
1024 19.41 3.651 28.335
1025 48.54 8.722 24.843
1026 48.54 30.657 9.897
1027 48.54 16.643 12.257
1028 48.54 32.949 6.744
1029 48.54 23.475 21.315
1030 19.41 33.952 35.068
1031 48.54 26.319 16.253
1032 9.71 15.706 26.501
1033 9.71 15.695 8.107
1034 29.12 6.404 17.15
1035 38.83 25.909 18.697
1036 29.12 9.015 29.495
1037 29.12 12.162 26.085
1038 9.71 26.365 4.267
1039 48.54 33.168 27.886
1040 29.12 22.587 10.733
1041 48.54 30.746 1.544
1042 29.12 29.37 2.121
1043 19.41 17.948 7.375
1044 48.54 29.025 35.237
1045 29.12 18.005 7.126
1046 19.41 14.62 15.21
1047 38.83 12.344 15.762
1048 48.54 28.25 3.118
1049 19.41 3.149 24.56
1050 29.12 21.685 11.055
1051 19.41 7.608 11.724
1052 9.71 21.051 15.21
1053 38.83 25.898 16.17
1054 19.41 11.262 32.845
1055 38.83 22.032 30.8
1056 9.71 24.035 32.641
1057 38.83 1.03 1.365
1058 19.41 8.077 19.375
1059 48.54 30.423 21.97
1060 38.83 28.953 25.877
1061 48.54 16.066 24.426
1062 19.41 26.399 24.566
1063 19.41 33.414 18.343
1064 38.83 22.496 17.153
1065 38.83 31.54 8.528
1066 29.12 7.357 12.035
1067 19.41 10.597 21.818
1068 29.12 27.559 23.046
1069 38.83 17.252 34.1
1070 9.71 12.234 11.37
1071 48.54 14.079 31.835
1072 29.12 11.617 32.243
1073 19.41 23.426 24.48
1074 29.12 15.028 7.764
1075 48.54 34.335 6.617
1076 48.54 2.414 4.489
1077 48.54 4.827 9.936
1078 48.54 4.734 5.474
1079 48.54 3.041 11.735
1080 19.41 13.796 0.32
1081 48.54 19.144 3.028
1082 29.12 15.903 9.792
1083 38.83 35.407 8.403
1084 29.12 18.586 30.501
1085 9.71 8.325 22.928
1086 38.83 11.683 15.117
1087 29.12 35.069 11.077
1088 29.12 9.806 3.988
1089 9.71 12.173 8.267
1090 19.41 17.276 25.177
1091 19.41 10.966 12.143
1092 19.41 35.143 32.381
1093 29.12 17.95 34.124
1094 19.41 29.798 17.785
1095 9.71 27.401 8.727
1096 29.12 35.041 12.015
1097 9.71 8.974 27.691
1098 9.71 14.456 16.894
1099 9.71 7.747 10.199
1100 19.41 32.12 11.857
1101 48.54 5.075 32.712
1102 19.41 20.897 18.347
1103 48.54 20.198 7.158
1104 9.71 17.581 1.807
1105 9.71 29.131 27.406
1106 9.71 29.901 11.892
1107 9.71 12.069 27.353
1108 38.83 22.88 7.697
1109 9.71 13.998 22.329
1110 19.41 31.202 3.998
1111 19.41 28.864 30.328
1112 29.12 32.613 0.958
1113 48.54 30.894 13.447
1114 48.54 19.912 1.43
1115 48.54 11.926 33.101
1116 29.12 7.63 21.558
1117 9.71 14.608 11.368
1118 19.41 5.163 25.635
1119 19.41 5.501 17.382
1120 48.54 11.065 21.562
1121 38.83 20.893 16.556
1122 9.71 15.98 34.525
1123 19.41 0.677 33.153
1124 48.54 10.3 13.43
1125 29.12 16.432 7.901
1126 38.83 8.52 28.128
1127 29.12 10.728 35.749
1128 29.12 24.785 23.773
1129 48.54 5.543 21.266
1130 19.41 13.824 35.223
1131 29.12 4.4 28.364
1132 29.12 19.668 32.304
1133 48.54 26.053 14.235
1134 9.71 8.456 9.104
1135 38.83 9.935 25.904
1136 19.41 32.339 4.5
1137 29.12 16.543 26.593
1138 38.83 12.385 8.788
1139 29.12 8.443 32.915
1140 48.54 8.158 29.324
1141 19.41 18.858 24.811
1142 19.41 20.168 27.414
1143 38.83 27.369 23.623
1144 38.83 3.526 25.333
1145 9.71 35.462 14.232
1146 19.41 26.377 22.577
1147 48.54 17.409 23.074
1148 48.54 30.786 14.516
1149 29.12 7.723 26.414
1150 38.83 18.254 11.652
1151 19.41 33.469 10.047
1152 38.83 7.784 18.762
1153 48.54 28.586 11.795
1154 19.41 19.037 27.387
1155 29.12 34.512 10.775
1156 19.41 7.749 25.09
1157 48.54 3.292 14.006
1158 38.83 26.35 12.791
1159 38.83 0.946 15.85
1160 29.12 20.572 13.155
1161 48.54 17.971 27.293
1162 29.12 23.441 17.494
1163 19.41 13.174 31.1
1164 9.71 23.494 13.09
1165 48.54 22.138 2.493
1166 9.71 31.713 25.337
1167 48.54 11.28 17.924
1168 29.12 7.479 6.801
1169 48.54 3.071 30.506
1170 9.71 21.439 24.149
1171 19.41 33.081 13.256
1172 48.54 23.15 31.58
1173 9.71 22.342 3.929
1174 48.54 6.441 16.955
1175 19.41 8.039 2.608
1176 38.83 33.77 12.017
1177 19.41 22.342 6.205
1178 19.41 23.853 10.775
1179 38.83 4.76 18.406
1180 48.54 0.881 3.375
1181 48.54 1.222 33.749
1182 19.41 20.805 13.51
1183 48.54 5.324 25.78
1184 48.54 32.891 11.064
1185 48.54 26.562 30.822
1186 48.54 17.578 16.316
1187 19.41 24.614 22.51
1188 48.54 0.351 14.14
1189 19.41 14.147 7.742
1190 19.41 12.146 32.106
1191 38.83 18.74 4.477
1192 38.83 18.223 7.611
1193 9.71 9.43 1.729
1194 19.41 25.823 16.73
1195 29.12 20.92 32.665
1196 48.54 15.181 10.376
1197 19.41 20.092 2.337
1198 19.41 1.514 4.431
1199 9.71 17.158 24.985
1200 38.83 10.637 2.572
1201 9.71 15.144 32.664
1202 38.83 5.03 20.578
1203 9.71 18.595 21.521
1204 29.12 34.424 11.429
1205 38.83 0.801 3.739
1206 19.41 17.561 1.916
1207 9.71 16.655 30.956
1208 38.83 22.66 3.709
1209 48.54 2.762 0.498
1210 38.83 15.216 24.202
1211 29.12 24.008 35.202
1212 29.12 17.509 29.781
1213 29.12 33.443 32.862
1214 38.83 13.94 23.782
1215 19.41 2.334 13.515
1216 38.83 29.831 5.958
1217 9.71 12.732 1.209
1218 19.41 28.389 33.948
1219 38.83 26.436 5.463
1220 9.71 33.47 35.409
1221 38.83 21.629 31.73
1222 9.71 2.812 2.832
1223 19.41 33.366 24.049
1224 38.83 35.406 29.17
1225 38.83 26.389 10.626
1226 9.71 9.123 25.893
1227 9.71 11.59 4.793
1228 48.54 27.178 14.352
1229 9.71 26.576 24.4
1230 29.12 33.686 6.436
1231 48.54 26.884 27.171
1232 48.54 27.531 29.006
1233 29.12 20.407 11.448
1234 48.54 8.952 12.214
1235 38.83 13.937 10.888
1236 48.54 19.301 11.851
1237 38.83 10.804 15.533
1238 9.71 14.031 0.414
1239 48.54 35.217 0.867
1240 9.71 22.638 11.542
1241 19.41 28.716 35.088
1242 38.83 26.025 6.043
1243 29.12 34.654 5.41
1244 19.41 35.401 27.382
1245 19.41 24.093 14.922
1246 29.12 8.714 26.082
1247 9.71 4.674 7.412
1248 29.12 17.941 29.342
1249 48.54 23.75 9.335
1250 38.83 17.478 35.276
1251 38.83 28.535 28.751
1252 9.71 31.462 11.579
1253 29.12 17.403 11.602
1254 19.41 11.311 7.264
1255 19.41 23.317 33.138
1256 19.41 20.81 12.515
1257 29.12 2.015 24.996
1258 38.83 3.166 34.547
1259 38.83 25.178 35.087
1260 38.83 13.823 35.257
1261 48.54 18.98 11.025
1262 9.71 30.38 15.209
1263 38.83 10.079 12.022
1264 29.12 29.68 32.311
1265 38.83 27.024 4.423
1266 29.12 30.797 4.456
1267 9.71 29.658 16.443
1268 48.54 5.509 22.652
1269 38.83 8.573 20.532
1270 38.83 19.211 17.383
1271 9.71 22.863 1.859
1272 38.83 16.346 5.579
1273 19.41 7.84 27.314
1274 29.12 1.835 23.328
1275 48.54 7.819 20.871
1276 29.12 4.684 1.505
1277 38.83 15.852 11.181
1278 9.71 32.732 0.364
1279 29.12 14.13 31.09
1280 48.54 1.637 15.846
1281 19.41 5.234 12.194
1282 29.12 27.116 3.18
1283 48.54 9.069 24.719
1284 48.54 19.034 30.994
1285 29.12 9.824 8.461
1286 9.71 26.895 4.286
1287 19.41 21.896 27.903
1288 19.41 21.967 2.205
1289 38.83 13.572 3.439
1290 48.54 12.018 24.299
1291 19.41 24.177 35.597
1292 38.83 34.198 10.894
1293 29.12 31.391 19.107
1294 38.83 6.655 9.639
1295 38.83 26.79 18.61
1296 38.83 1.293 3.007
1297 19.41 9.857 19.484
1298 19.41 29.494 10.506
1299 48.54 10.352 26.171
1300 9.71 28.818 16.432
1301 19.41 17.067 1.258
1302 9.71 18.753 20.276
1303 29.12 1.894 19.82
1304 38.83 20.159 29.385
1305 29.12 10.996 26.347
1306 29.12 16.206 2.348
1307 38.83 10.003 11.354
1308 9.71 20.694 3.347
1309 19.41 20.0 14.652
1310 48.54 17.453 5.617
1311 38.83 30.938 14.713
1312 19.41 34.702 26.937
1313 9.71 0.726 30.108
1314 19.41 17.684 7.772
1315 29.12 22.467 7.968
1316 29.12 31.752 33.991
1317 48.54 28.812 24.081
1318 19.41 8.278 12.859
1319 38.83 14.468 14.531
1320 9.71 34.799 8.649
1321 48.54 12.178 27.176
1322 19.41 7.445 31.165
1323 38.83 9.307 1.217
1324 38.83 17.991 24.196
1325 9.71 19.904 12.937
1326 9.71 7.238 33.56
1327 48.54 12.321 9.261
1328 9.71 14.225 15.091
1329 9.71 31.758 25.7
1330 38.83 9.798 28.445
1331 48.54 27.174 25.089
1332 38.83 13.765 5.155
1333 19.41 5.384 17.162
1334 48.54 27.135 17.745
1335 38.83 23.519 32.286
1336 38.83 31.505 27.192
1337 9.71 28.575 27.36
1338 29.12 3.062 10.578
1339 29.12 19.835 18.935
1340 29.12 12.042 28.872
1341 19.41 2.565 24.378
1342 48.54 27.532 5.975
1343 38.83 18.031 4.115
1344 19.41 11.862 23.712
1345 19.41 24.678 14.649
1346 19.41 16.881 19.642
1347 19.41 27.485 23.584
1348 9.71 17.168 21.613
1349 48.54 26.396 29.661
1350 19.41 23.44 25.916
1351 9.71 25.053 4.212
1352 38.83 3.883 30.063
1353 19.41 12.501 33.158
1354 48.54 3.816 24.519
1355 9.71 13.585 17.106
1356 29.12 30.29 18.574
1357 48.54 18.889 3.108
1358 38.83 7.971 26.312
1359 38.83 19.788 23.993
1360 38.83 35.174 11.25
1361 48.54 33.398 15.621
1362 9.71 9.572 7.343
1363 48.54 6.107 13.38
1364 19.41 29.071 26.995
1365 48.54 25.655 25.927
1366 48.54 19.308 26.963
1367 38.83 34.701 15.456
1368 48.54 1.111 33.827
1369 19.41 24.391 12.201
1370 38.83 29.035 9.891
1371 19.41 5.808 8.267
1372 48.54 9.964 3.333
1373 48.54 27.497 24.779
1374 9.71 8.284 27.701
1375 9.71 34.965 31.256
1376 48.54 24.222 22.777
1377 48.54 29.159 29.165
1378 48.54 34.016 4.671
1379 29.12 1.56 28.495
1380 48.54 12.898 33.841
1381 38.83 34.785 16.698
1382 9.71 1.244 9.02
1383 48.54 21.805 11.491
1384 19.41 25.274 20.906
1385 48.54 25.03 32.111
1386 48.54 21.092 12.496
1387 48.54 4.586 19.601
1388 29.12 9.584 26.983
1389 29.12 35.549 19.85
1390 29.12 18.33 15.216
1391 19.41 10.475 23.315
1392 9.71 23.768 30.111
1393 29.12 8.73 31.068
1394 29.12 2.617 1.424
1395 48.54 8.421 12.107
1396 48.54 34.768 26.962
1397 38.83 23.492 19.713
1398 9.71 5.659 28.292
1399 48.54 6.26 1.115
1400 9.71 1.374 7.971
1401 9.71 31.649 2.958
1402 9.71 3.089 13.711
1403 29.12 26.77 16.92
1404 9.71 10.778 13.313
1405 9.71 15.411 30.72
1406 48.54 27.197 7.133
1407 29.12 21.678 34.327
1408 48.54 30.616 8.516
1409 38.83 14.62 18.272
1410 29.12 19.669 9.533
1411 19.41 34.775 2.896
1412 19.41 13.109 17.847
1413 38.83 5.506 25.415
1414 19.41 22.869 18.544
1415 9.71 26.23 8.617
1416 48.54 28.312 19.665
1417 29.12 33.243 13.188
1418 9.71 27.737 4.137
1419 48.54 32.832 32.469
1420 38.83 5.471 16.336
1421 38.83 14.304 26.227
1422 38.83 11.304 3.682
1423 48.54 10.807 5.55
1424 9.71 15.265 12.91
1425 48.54 23.653 20.545
1426 48.54 9.852 29.543
1427 48.54 10.536 31.066
1428 48.54 21.687 25.366
1429 9.71 35.391 9.244
1430 29.12 14.613 13.946
1431 9.71 22.331 2.173
1432 9.71 16.378 29.691
1433 29.12 9.421 35.101
1434 38.83 1.506 1.394
1435 38.83 25.403 8.434
1436 9.71 27.214 18.872
1437 19.41 10.528 14.289
1438 19.41 0.306 14.596
1439 38.83 14.345 27.771
1440 48.54 18.901 25.19
1441 48.54 2.405 33.187
1442 38.83 21.523 5.606
1443 48.54 17.962 34.564
1444 19.41 5.047 15.733
1445 19.41 12.19 31.107
1446 29.12 9.598 24.448
1447 29.12 29.181 27.023
1448 38.83 15.472 18.973
1449 38.83 16.809 14.038
1450 48.54 3.778 6.844
1451 38.83 30.605 29.198
1452 29.12 24.961 6.128
1453 29.12 12.603 14.873
1454 19.41 14.232 6.455
1455 38.83 28.812 5.196
1456 19.41 12.166 11.111
1457 9.71 8.628 21.218
1458 9.71 18.61 14.884
1459 38.83 16.235 3.583
1460 48.54 30.23 20.184
1461 9.71 17.458 29.35
1462 48.54 18.57 23.81
1463 9.71 33.253 33.26
1464 29.12 14.961 18.118
1465 9.71 13.805 15.082
1466 9.71 19.49 35.272
1467 29.12 22.969 26.906
1468 38.83 3.354 18.841
1469 29.12 21.085 11.077
1470 19.41 11.038 29.653
1471 29.12 19.405 5.82
1472 38.83 16.999 25.004
1473 29.12 19.203 33.331
1474 19.41 2.47 6.721
1475 29.12 31.529 32.939
1476 19.41 33.404 4.472
1477 9.71 0.231 5.148
1478 9.71 8.771 20.263
1479 29.12 26.335 16.964
1480 29.12 3.224 7.253
1481 29.12 31.063 22.686
1482 48.54 26.108 21.315
1483 19.41 6.742 21.317
1484 19.41 24.876 28.612
1485 19.41 21.122 9.114
1486 9.71 33.179 19.307
1487 38.83 4.134 29.803
1488 9.71 23.299 11.365
1489 38.83 20.805 10.443
1490 48.54 24.533 28.015
1491 48.54 6.658 30.027
1492 9.71 2.588 21.928
1493 19.41 10.623 32.061
1494 48.54 22.243 35.655
1495 29.12 8.593 30.77
1496 9.71 31.907 3.32
1497 29.12 25.142 5.391
1498 48.54 26.416 12.088
1499 48.54 26.729 14.981
1500 38.83 31.5 12.225
1501 9.71 13.528 29.228
1502 38.83 17.464 11.139
1503 38.83 17.994 19.546
1504 38.83 31.945 21.939
1505 9.71 20.848 5.352
1506 48.54 28.648 12.948
1507 19.41 9.578 20.659
1508 38.83 34.898 30.044
1509 9.71 4.714 33.543
1510 29.12 25.934 14.864
1511 19.41 18.933 21.23
1512 38.83 13.443 14.965
1513 48.54 14.336 11.983
1514 38.83 13.256 10.551
1515 29.12 34.836 22.244
1516 38.83 9.57 29.051
1517 48.54 28.418 30.872
1518 29.12 17.189 17.389
1519 38.83 23.361 23.328
1520 9.71 26.29 15.162
1521 29.12 22.743 31.041
1522 19.41 8.022 22.109
1523 48.54 11.212 20.176
1524 19.41 4.066 4.777
1525 48.54 21.678 15.58
1526 48.54 33.611 3.254
1527 48.54 11.401 0.79
1528 48.54 19.396 24.923
1529 48.54 33.212 3.337
1530 19.41 15.984 22.657
1531 9.71 15.188 14.14
1532 38.83 23.112 19.869
1533 9.71 34.088 27.139
1534 9.71 20.48 24.806
1535 29.12 28.595 27.761
1536 19.41 25.356 31.993
1537 9.71 25.211 26.802
1538 19.41 5.792 1.135
1539 9.71 4.999 24.507
1540 29.12 31.491 27.927
1541 9.71 6.785 2.05
1542 38.83 23.083 8.779
1543 9.71 29.177 2.701
1544 38.83 27.208 9.735
1545 38.83 8.63 1.363
1546 9.71 14.776 24.703
1547 29.12 5.463 2.346
1548 38.83 23.346 23.335
1549 19.41 34.554 10.686
1550 19.41 21.818 13.526
1551 19.41 26.699 32.217
1552 9.71 4.372 17.988
1553 9.71 17.964 32.496
1554 38.83 20.028 5.163
1555 19.41 13.192 1.825
1556 38.83 10.682 23.628
1557 19.41 2.829 30.237
1558 29.12 24.842 11.116
1559 9.71 26.236 8.25
1560 48.54 32.968 14.921
1561 48.54 16.591 32.425
1562 9.71 14.166 27.455
1563 48.54 12.044 13.899
1564 9.71 21.126 30.253
1565 9.71 32.067 7.019
1566 38.83 20.277 14.841
1567 9.71 35.498 26.401
1568 19.41 19.292 22.715
1569 48.54 0.863 33.585
1570 29.12 23.049 27.229
1571 48.54 13.519 25.603
1572 29.12 24.586 18.354
1573 9.71 6.223 6.62
1574 9.71 33.245 11.257
1575 38.83 15.499 26.388
1576 48.54 8.695 31.008
1577 48.54 1.616 19.714
1578 29.12 16.233 3.433
1579 48.54 17.563 5.036
1580 38.83 23.219 28.675
1581 19.41 6.46 1.296
1582 29.12 19.559 6.941
1583 29.12 17.677 12.575
1584 38.83 4.231 10.179
1585 48.54 14.526 34.228
1586 48.54 8.598 19.452
1587 38.83 13.434 33.833
1588 38.83 28.228 27.454
1589 9.71 6.36 26.231
1590 29.12 25.116 12.68
1591 9.71 1.573 0.947
1592 19.41 28.601 25.071
1593 29.12 25.215 1.531
1594 9.71 25.086 27.317
1595 48.54 10.67 21.689
1596 38.83 35.766 10.787
1597 29.12 30.803 19.106
1598 9.71 15.474 1.956
1599 48.54 13.058 16.031
1600 48.54 5.885 12.91
1601 29.12 32.066 18.856
1602 48.54 17.339 7.18
1603 29.12 25.246 34.942
1604 19.41 12.43 32.547
1605 19.41 32.037 15.889
1606 38.83 14.432 5.238
1607 19.41 1.237 10.316
1608 29.12 13.753 25.179
1609 48.54 15.102 13.933
1610 48.54 16.875 15.401
1611 19.41 34.884 7.774
1612 38.83 21.692 16.088
1613 48.54 19.535 29.092
1614 48.54 30.306 30.153
1615 19.41 6.184 10.391
1616 48.54 28.625 6.767
1617 48.54 16.977 0.809
1618 48.54 3.67 10.968
1619 38.83 17.836 19.521
1620 19.41 19.15 10.719
1621 38.83 20.143 3.464
1622 9.71 34.539 13.884
1623 19.41 13.904 22.705
1624 29.12 18.668 9.338
1625 48.54 16.34 4.264
1626 38.83 10.833 2.819
1627 29.12 25.795 17.426
1628 38.83 0.38 29.795
1629 19.41 5.051 34.72
1630 48.54 33.807 11.336
1631 48.54 3.76 23.81
1632 38.83 33.269 25.268
1633 19.41 27.001 23.377
1634 19.41 20.706 27.335
1635 48.54 12.438 34.434
1636 48.54 23.042 17.551
1637 48.54 25.725 3.943
1638 19.41 17.854 24.314
1639 38.83 12.085 1.144
1640 19.41 32.484 17.619
1641 38.83 13.575 6.463
1642 9.71 8.284 30.943
1643 9.71 34.115 17.974
1644 38.83 21.487 8.963
1645 19.41 15.122 11.312
1646 9.71 26.416 29.995
1647 38.83 14.81 13.19
1648 38.83 29.349 34.264
1649 38.83 34.422 18.233
1650 19.41 22.555 1.042
1651 9.71 16.298 33.572
1652 38.83 33.106 31.585
1653 38.83 6.988 11.614
1654 48.54 22.834 20.268
1655 19.41 11.758 27.632
1656 38.83 0.711 18.607
1657 9.71 30.703 9.46
1658 29.12 35.027 4.744
1659 38.83 22.495 14.654
1660 29.12 21.938 15.706
1661 29.12 23.168 20.059
1662 29.12 13.661 20.934
1663 19.41 6.159 29.996
1664 9.71 4.386 17.28
1665 19.41 0.497 2.456
1666 9.71 2.549 35.563
1667 38.83 16.305 24.408
1668 48.54 2.426 10.358
1669 19.41 34.42 20.472
1670 48.54 28.233 13.819
1671 29.12 31.761 12.442
1672 19.41 18.435 21.745
1673 9.71 19.687 5.338
1674 19.41 14.854 17.722
1675 29.12 24.273 2.272
1676 38.83 28.091 8.53
1677 38.83 20.835 13.657
1678 29.12 18.126 26.167
1679 19.41 17.857 5.892
1680 48.54 0.376 23.708
1681 9.71 30.914 33.605
1682 9.71 27.658 19.307
1683 38.83 4.696 21.051
1684 48.54 13.457 21.742
1685 9.71 2.358 0.374
1686 48.54 28.345 27.581
1687 29.12 9.92 26.664
1688 29.12 12.379 20.842
1689 29.12 4.823 31.308
1690 29.12 6.903 16.772
1691 38.83 8.059 19.736
1692 19.41 8.929 28.948
1693 19.41 2.528 23.561
1694 38.83 20.567 1.703
1695 19.41 14.101 13.853
1696 19.41 7.124 16.37
1697 29.12 33.679 29.665
1698 38.83 33.776 13.561
1699 38.83 35.13 8.707
1700 38.83 19.662 10.244
1701 9.71 16.887 29.919
1702 29.12 28.52 16.829
1703 19.41 0.355 35.716
1704 29.12 10.86 22.113
1705 9.71 5.897 20.566
1706 29.12 8.014 22.092
1707 38.83 28.107 24.663
1708 48.54 10.928 25.935
1709 29.12 11.304 3.697
1710 19.41 17.32 33.814
1711 9.71 1.765 27.099
1712 19.41 16.268 21.144
1713 19.41 29.209 17.675
1714 19.41 11.071 7.158
1715 38.83 13.119 30.432
1716 19.41 0.966 23.517
1717 9.71 0.889 14.909
1718 48.54 34.231 10.128
1719 9.71 25.387 21.031
1720 48.54 26.172 20.173
1721 9.71 29.639 12.61
1722 29.12 2.812 31.983
1723 29.12 1.737 19.198
1724 48.54 29.674 34.682
1725 29.12 17.63 1.001
1726 29.12 33.993 26.108
1727 48.54 9.487 24.393
1728 38.83 4.362 29.74
1729 48.54 27.573 32.958
1730 29.12 10.099 32.339
1731 38.83 19.361 34.025
1732 29.12 22.357 31.875
1733 19.41 18.212 16.292
1734 48.54 26.423 27.646
1735 9.71 26.382 16.999
1736 9.71 3.716 26.401
1737 19.41 7.689 13.899
1738 19.41 1.467 20.609
1739 29.12 20.679 6.644
1740 19.41 24.998 24.679
1741 38.83 16.542 17.99
1742 38.83 22.802 29.611
1743 29.12 20.275 10.788
1744 9.71 0.668 10.242
1745 29.12 18.898 13.129
1746 48.54 32.753 6.209
1747 9.71 29.586 15.483
1748 48.54 22.007 34.549
1749 29.12 26.878 25.289
1750 29.12 17.427 1.932
1751 19.41 18.439 25.888
1752 29.12 24.959 29.259
1753 29.12 29.487 1.577
1754 19.41 5.737 12.039
1755 19.41 3.688 14.066
1756 9.71 2.175 31.026
1757 9.71 18.975 30.805
1758 19.41 1.146 4.331
1759 19.41 20.566 25.189
1760 29.12 15.858 21.783
1761 29.12 9.793 26.946
1762 19.41 1.147 1.394
1763 48.54 4.396 8.701
1764 19.41 4.286 30.238
1765 29.12 9.325 23.238
1766 29.12 35.333 18.328
1767 29.12 24.991 14.154
1768 19.41 17.281 22.161
1769 38.83 2.466 1.464
1770 19.41 14.252 4.526
1771 29.12 32.896 21.97
1772 48.54 8.649 20.528
1773 48.54 27.271 1.77
1774 29.12 17.939 15.094
1775 48.54 13.403 32.766
1776 9.71 5.844 9.368
1777 9.71 20.372 14.779
1778 9.71 32.144 26.609
1779 19.41 29.71 4.819
1780 38.83 21.953 8.34
1781 29.12 34.318 25.154
1782 19.41 27.875 9.968
1783 19.41 8.11 18.429
1784 9.71 30.1 30.329
1785 9.71 23.342 14.618
1786 19.41 24.243 23.17
1787 9.71 27.116 13.446
1788 48.54 20.674 20.454
1789 29.12 17.907 6.474
1790 48.54 30.698 12.987
1791 19.41 27.891 7.548
1792 19.41 15.423 34.538
1793 9.71 31.601 24.157
1794 38.83 26.467 8.744
1795 9.71 15.024 22.03
1796 29.12 19.02 8.697
1797 9.71 8.472 11.64
1798 19.41 7.323 13.898
1799 19.41 27.254 5.242
1800 19.41 15.577 26.497
1801 29.12 23.519 26.455
1802 48.54 1.745 1.41
1803 9.71 24.116 31.93
1804 19.41 2.05 14.177
1805 9.71 0.715 21.783
1806 19.41 19.191 24.104
1807 19.41 1.185 3.078
1808 38.83 6.591 35.503
1809 9.71 34.632 25.481
1810 9.71 31.108 2.648
1811 9.71 31.107 14.158
1812 9.71 1.144 16.036
1813 9.71 12.887 24.012
1814 19.41 12.815 31.237
1815 19.41 30.641 31.345
1816 38.83 20.17 22.572
1817 19.41 26.54 22.525
1818 19.41 24.421 19.02
1819 29.12 32.116 18.134
1820 19.41 10.553 23.812
1821 48.54 7.447 27.427
1822 38.83 28.419 13.937
1823 38.83 26.007 20.408
1824 48.54 25.761 29.047
1825 29.12 4.132 30.193
1826 9.71 15.911 2.237
1827 19.41 23.338 4.912
1828 9.71 3.085 24.01
1829 29.12 17.714 24.066
1830 29.12 30.517 30.649
1831 9.71 13.387 5.312
1832 9.71 17.289 4.738
1833 29.12 25.855 22.379
1834 9.71 14.973 5.396
1835 9.71 1.87 28.213
1836 48.54 11.728 32.007
1837 38.83 32.87 26.308
1838 48.54 29.472 24.383
1839 29.12 7.995 27.945
1840 38.83 1.286 20.317
1841 48.54 35.595 0.683
1842 9.71 35.076 18.802
1843 29.12 4.837 2.004
1844 9.71 2.429 10.942
1845 29.12 5.583 22.806
1846 29.12 19.222 21.491
1847 9.71 6.002 20.046
1848 48.54 17.17 17.006
1849 38.83 35.187 25.528
1850 29.12 24.31 6.377
1851 48.54 1.102 23.262
1852 19.41 2.897 8.59
1853 9.71 24.871 11.609
1854 29.12 22.785 11.661
1855 38.83 0.921 19.553
1856 48.54 30.094 17.928
1857 19.41 27.223 3.363
1858 19.41 31.042 7.419
1859 19.41 0.32 22.981
1860 19.41 31.677 34.656
1861 48.54 34.886 26.136
1862 48.54 3.475 34.559
1863 48.54 15.897 15.168
1864 29.12 22.098 27.765
1865 38.83 4.56 18.198
1866 48.54 35.584 22.594
1867 9.71 3.603 2.895
1868 48.54 8.998 23.37
1869 19.41 24.012 23.0
1870 38.83 3.952 28.687
1871 19.41 32.815 35.605
1872 38.83 19.397 17.725
1873 9.71 18.778 0.493
1874 29.12 25.675 11.985
1875 29.12 27.993 7.337
1876 38.83 7.266 8.678
1877 48.54 4.938 28.858
1878 29.12 24.983 4.977
1879 38.83 10.56 20.242
1880 48.54 31.045 21.411
1881 29.12 11.222 23.36
1882 9.71 16.303 21.418
1883 9.71 2.821 18.427
1884 38.83 27.239 26.301
1885 29.12 2.048 16.218
1886 29.12 17.943 21.135
1887 38.83 2.377 24.576
1888 19.41 6.652 28.875
1889 29.12 17.595 33.98
1890 38.83 7.082 19.544
1891 29.12 23.118 11.094
1892 38.83 3.26 17.805
1893 19.41 5.011 19.142
1894 48.54 5.943 14.209
1895 19.41 11.285 25.827
1896 48.54 23.102 34.835
1897 38.83 1.555 1.858
1898 38.83 21.999 5.099
1899 38.83 30.507 7.371
1900 9.71 11.442 8.275
1901 38.83 8.979 31.903
1902 19.41 23.844 8.944
1903 48.54 1.275 21.451
1904 38.83 6.418 22.087
1905 9.71 34.702 30.149
1906 29.12 25.422 33.62
1907 38.83 24.361 26.599
1908 19.41 18.771 18.841
1909 9.71 24.282 0.561
1910 48.54 10.966 17.621
1911 48.54 20.636 15.808
1912 48.54 26.14 17.063
1913 9.71 35.348 23.462
1914 9.71 1.397 25.088
1915 29.12 19.011 28.161
1916 48.54 19.961 33.149
1917 29.12 16.792 26.897
1918 9.71 34.71 34.068
1919 38.83 12.05 27.602
1920 38.83 8.868 20.762
1921 48.54 28.24 9.948
1922 38.83 35.436 20.134
1923 19.41 28.01 27.543
1924 19.41 30.413 24.361
1925 29.12 24.316 22.308
1926 19.41 25.875 25.484
1927 19.41 14.794 35.434
1928 19.41 19.837 13.226
1929 48.54 7.087 13.336
1930 48.54 5.779 11.671
1931 38.83 8.303 31.42
1932 19.41 3.205 16.716
1933 19.41 21.877 21.151
1934 9.71 5.258 27.039
1935 29.12 26.244 8.579
1936 29.12 2.537 10.066
1937 19.41 29.356 21.055
1938 48.54 9.959 26.738
1939 19.41 24.811 2.244
1940 38.83 32.855 30.965
1941 29.12 8.97 9.018
1942 48.54 19.647 19.155
1943 48.54 5.205 21.607
1944 29.12 9.084 3.423
