location capacity Xf Yf
1 8.954 3.246 1.965
2 12.437 8.371 17.659
3 11.369 9.052 14.887
4 4.3 1.388 22.988
5 6.289 23.24 17.56
6 12.047 12.727 3.597
7 12.667 7.286 14.252
8 7.811 11.384 11.081
9 7.632 12.636 16.629
10 5.031 15.483 23.095
11 9.647 4.741 5.519
12 12.614 12.19 1.143
13 9.305 9.825 6.182
14 5.04 7.062 15.747
15 11.703 13.668 5.622
16 6.175 3.529 21.993
17 12.333 16.334 0.677
18 3.878 17.377 11.016
19 4.93 5.143 12.867
20 7.594 4.543 1.197
21 12.93 16.404 18.446
22 10.63 20.801 11.423
23 6.088 20.389 20.862
24 5.65 0.614 1.764
25 7.918 21.363 22.793
26 6.202 2.754 2.979
27 3.524 13.984 17.71
28 6.884 23.764 13.133
29 8.407 21.722 8.897
30 4.812 3.932 13.586
31 3.807 23.196 3.071
32 6.047 2.008 1.442
33 7.084 6.458 6.235
34 10.706 20.998 21.831
35 2.649 17.013 5.54
36 7.696 4.473 0.654
37 12.305 10.229 6.046
38 2.984 15.859 6.672
39 7.408 5.795 15.444
40 11.5 21.165 2.938
41 7.684 3.245 20.788
42 10.264 21.503 13.106
43 8.586 3.583 11.68
44 5.388 17.09 14.967
45 10.758 12.37 17.126
46 4.792 11.864 12.076
47 6.879 10.26 5.979
48 11.398 1.003 7.289
49 4.813 10.18 20.079
50 9.345 0.767 4.07
51 12.857 9.366 19.637
52 11.518 14.387 16.233
53 12.953 9.718 6.115
54 11.609 23.48 12.597
55 13.153 13.239 3.26
56 12.273 7.481 0.599
57 5.563 8.583 23.508
58 7.737 2.382 15.123
59 12.95 4.051 2.563
60 4.951 7.259 16.416
61 9.452 2.747 15.615
62 3.132 11.241 16.798
63 7.381 4.696 1.037
64 6.801 10.89 11.434
65 9.013 14.479 3.711
66 10.041 23.578 13.511
67 12.438 17.985 9.081
68 7.264 19.459 8.671
69 4.889 6.068 14.779
70 10.044 16.088 10.415
71 3.767 9.864 11.263
72 4.796 16.667 23.576
73 11.509 23.475 22.607
74 3.958 23.629 21.659
75 8.318 22.119 22.808
76 11.36 17.271 9.625
77 9.434 12.779 1.258
78 10.803 2.309 2.718
79 2.969 16.132 21.109
80 11.95 14.358 1.178
81 3.099 8.754 20.686
82 5.303 21.678 6.023
83 12.693 16.9 13.86
84 4.359 6.813 14.108
85 4.343 5.445 20.864
86 8.276 6.073 2.76
87 6.592 4.094 10.429
88 12.877 11.67 6.606
89 12.941 4.969 22.055
90 10.87 23.55 8.088
91 5.661 0.963 19.895
92 6.894 7.5 6.585
93 6.865 15.558 1.355
94 12.072 19.694 9.712
95 11.987 20.739 12.462
96 7.599 22.115 10.816
97 6.953 15.549 20.679
98 11.638 3.919 22.581
99 6.197 3.113 13.579
100 10.86 10.924 16.895
101 3.062 7.112 17.364
102 6.906 6.502 12.152
103 7.13 7.848 11.75
104 3.264 8.488 14.172
105 9.758 16.224 15.446
106 10.352 21.486 21.812
107 7.691 6.577 5.245
108 9.766 21.929 18.073
109 10.706 20.491 9.306
110 6.614 19.979 3.086
111 5.069 15.543 5.605
112 10.609 2.975 0.424
113 7.447 6.377 4.915
114 8.832 16.832 3.245
115 3.069 3.011 18.157
116 11.879 17.137 1.743
117 3.459 17.035 13.239
118 3.711 20.151 9.942
119 2.942 22.164 5.044
120 8.019 15.585 11.576
121 9.475 17.345 3.483
122 4.27 2.972 21.871
123 12.978 10.983 8.288
124 5.404 0.716 18.469
125 10.621 13.078 0.968
126 9.983 5.984 1.288
127 6.697 22.987 21.318
128 3.798 11.326 18.083
129 11.361 13.225 6.206
130 3.882 14.077 11.046
131 11.712 0.232 13.89
132 13.185 19.025 18.463
133 3.281 10.468 17.758
134 3.902 1.841 15.835
135 10.875 8.784 7.251
136 9.173 17.825 18.892
137 6.02 8.825 22.894
138 6.671 9.865 22.955
139 12.782 1.903 8.3
140 12.262 6.306 17.022
141 8.414 8.462 11.893
142 3.881 0.221 21.837
143 4.795 21.483 5.276
144 4.04 17.455 1.46
145 3.629 6.808 12.836
146 9.334 8.963 18.805
147 6.333 8.08 17.607
148 4.191 18.629 12.162
149 10.921 6.411 1.729
150 5.601 2.7 23.567
151 3.426 1.605 19.347
152 10.254 2.6 5.862
153 6.545 21.625 0.337
154 11.121 12.647 7.707
155 10.677 23.729 10.813
156 2.897 1.027 8.086
157 6.867 12.704 23.249
158 12.592 10.948 5.67
159 6.299 9.857 0.326
160 6.499 13.607 7.751
161 2.769 22.841 18.694
162 3.31 20.318 15.963
163 2.753 9.191 17.929
164 10.245 16.964 3.058
165 11.433 10.6 11.085
166 9.117 13.396 10.852
167 10.259 4.56 21.292
168 7.263 19.402 7.563
169 3.731 7.007 10.283
170 3.317 18.722 10.467
171 7.285 15.897 6.973
172 3.838 23.006 9.653
173 10.532 2.908 17.494
174 12.715 13.294 21.807
175 11.173 17.178 2.209
176 11.266 13.418 19.156
177 12.353 18.787 12.383
178 3.686 10.727 4.864
179 2.841 15.781 20.815
180 9.114 17.345 8.549
181 8.048 9.323 15.403
182 3.472 8.878 21.265
183 12.438 23.532 12.886
184 12.874 4.714 17.181
185 5.234 10.155 17.44
186 2.965 2.601 12.29
187 3.989 22.712 8.828
188 7.608 14.561 13.115
189 3.02 11.182 1.651
190 5.518 11.31 0.714
191 8.473 8.03 13.667
192 4.085 17.539 15.944
193 6.147 1.487 10.993
194 9.504 0.501 8.273
195 11.19 19.913 20.412
196 2.974 1.301 12.874
197 3.779 19.549 12.107
198 3.558 14.979 2.902
199 3.578 15.682 17.453
200 12.469 15.842 22.972
201 7.093 15.457 19.651
202 3.401 16.746 17.952
203 6.887 4.437 9.565
204 11.386 4.974 18.07
205 8.534 22.234 2.963
206 4.508 20.72 21.969
207 4.039 23.189 3.23
208 12.609 10.965 13.78
209 11.092 7.196 13.354
210 5.375 16.23 8.37
211 6.631 19.627 18.921
212 3.931 13.816 14.416
213 7.866 19.429 21.582
214 8.599 14.228 1.448
215 7.515 10.679 6.983
216 4.915 21.507 23.558
217 10.255 10.888 18.155
218 5.001 11.431 21.243
219 7.682 14.837 8.487
220 12.36 22.716 21.634
221 7.355 17.916 17.828
222 13.151 15.754 17.941
223 3.895 13.599 17.645
224 10.305 10.143 2.782
225 12.344 1.551 21.1
226 4.737 16.003 11.344
227 9.443 17.19 6.242
228 4.357 2.35 12.305
229 11.934 3.582 3.43
230 8.033 12.664 9.641
231 10.423 13.021 3.664
232 4.307 0.561 21.189
233 11.626 2.289 2.892
234 10.035 8.201 6.417
235 12.547 18.093 12.803
236 12.044 19.878 7.951
237 11.191 7.564 12.34
238 11.666 13.438 20.331
239 5.674 21.13 7.647
240 12.7 7.529 5.495
241 2.646 21.17 9.384
242 8.003 21.823 20.633
243 7.26 23.734 15.637
244 5.884 4.692 22.257
245 9.57 22.818 5.173
246 7.304 9.857 18.938
247 9.255 17.218 6.092
248 5.162 15.196 9.826
249 9.89 16.452 1.221
250 2.663 3.639 9.36
251 12.486 19.322 13.537
252 6.267 7.062 9.849
253 10.617 21.354 0.331
254 3.681 14.703 12.059
255 10.46 3.511 1.154
256 11.654 0.36 21.653
257 4.074 19.447 4.18
258 4.63 3.516 19.358
259 9.177 5.76 6.733
260 10.338 16.668 3.876
261 12.571 8.708 18.75
262 10.658 4.422 14.39
263 2.648 22.947 2.647
264 8.5 4.896 0.537
265 10.501 6.549 6.226
266 12.814 17.275 19.24
267 10.601 22.28 6.533
268 5.578 13.893 16.608
269 10.884 20.92 15.223
270 4.769 6.829 13.26
271 12.399 22.618 15.979
272 7.043 19.247 6.993
273 3.549 7.648 13.589
274 10.792 5.129 6.098
275 12.194 11.648 16.461
276 10.091 12.834 1.975
277 5.927 10.844 22.976
278 11.992 22.866 0.954
279 6.372 5.052 16.291
280 6.595 11.539 21.397
281 10.367 4.088 7.294
282 8.074 0.897 3.043
283 3.255 17.189 11.966
284 12.619 15.747 9.78
285 3.464 13.136 21.009
286 8.384 21.738 2.852
287 5.847 23.163 5.447
288 5.089 12.438 10.869
289 12.999 1.0 19.435
290 12.479 4.198 11.643
291 6.831 15.075 0.38
292 12.403 13.32 8.747
293 9.777 3.64 13.842
294 8.58 8.901 22.028
295 4.446 20.77 0.395
296 11.559 2.489 0.876
297 8.869 5.023 3.877
298 8.493 5.305 12.812
299 6.906 0.247 6.47
300 10.917 15.254 16.773
301 8.806 11.349 9.009
302 4.644 17.362 8.131
303 5.629 20.442 15.889
304 11.457 15.189 10.859
305 3.945 19.252 16.151
306 11.535 6.987 4.767
307 4.427 10.669 18.291
308 11.34 16.879 1.397
309 6.081 5.809 2.03
310 7.206 12.72 10.137
311 10.817 6.373 1.474
312 12.712 11.827 14.604
313 4.989 17.842 7.557
314 11.79 5.351 10.214
315 11.51 20.504 22.844
316 3.094 5.644 6.719
317 7.755 11.267 12.524
318 10.798 11.446 12.869
319 10.166 10.168 19.288
320 8.873 4.676 2.03
321 2.664 6.679 13.903
322 7.757 15.615 22.879
323 6.849 22.287 20.594
324 10.666 22.425 10.94
325 8.526 11.401 1.426
326 5.174 23.208 4.709
327 4.19 4.538 19.71
328 10.006 13.025 19.629
329 7.88 2.816 21.077
330 13.204 14.816 23.196
331 3.481 0.332 9.797
332 10.105 7.221 16.859
333 12.558 17.389 17.874
334 10.491 19.958 7.845
335 9.586 5.407 8.829
336 7.516 11.595 17.943
337 11.164 19.431 6.826
338 12.612 1.098 23.335
339 8.292 3.446 8.821
340 12.611 2.352 10.38
341 5.938 20.723 5.053
342 10.767 3.577 3.099
343 6.118 19.192 12.69
344 12.822 4.305 0.831
345 6.359 8.145 1.521
346 8.179 6.76 9.092
347 4.969 10.381 5.351
348 9.227 21.175 16.695
349 9.939 18.337 14.584
350 3.902 23.183 6.514
351 5.95 4.27 11.327
352 9.515 17.346 18.431
353 12.85 5.09 1.526
354 3.971 18.035 14.123
355 5.962 21.821 15.063
356 7.661 0.228 2.014
357 7.06 8.197 15.942
358 11.582 11.503 19.095
359 5.973 9.232 2.834
360 5.555 8.973 10.516
361 10.594 13.931 4.759
362 4.543 0.945 7.371
363 5.281 14.325 0.452
364 12.842 7.906 0.229
365 9.332 14.546 0.991
366 13.047 20.676 4.714
367 8.887 17.287 10.201
368 12.771 4.024 20.007
369 8.115 12.365 17.351
370 8.105 5.045 17.975
371 11.542 11.99 15.604
372 4.774 11.069 2.356
373 8.681 16.83 9.882
374 3.653 2.03 2.014
375 7.549 8.744 11.124
376 9.611 11.908 3.867
377 8.729 7.264 18.172
378 7.551 17.502 1.592
379 3.914 7.388 5.737
380 13.042 14.812 11.195
381 12.059 21.34 22.219
382 4.371 5.694 19.919
383 4.392 20.848 22.601
384 6.89 5.232 23.433
385 11.163 13.606 17.786
386 8.575 2.144 0.352
387 8.901 11.074 4.49
388 2.969 3.08 7.073
389 10.903 5.979 0.254
390 10.418 14.413 15.163
391 9.654 0.952 15.752
392 12.017 23.755 16.126
393 5.639 11.568 15.006
394 5.325 14.782 15.643
395 11.428 19.326 22.998
396 7.617 8.568 19.792
397 9.064 22.744 3.578
398 8.106 12.689 11.432
399 6.87 18.632 9.767
400 6.543 2.995 14.191
401 7.193 12.025 15.53
402 4.305 7.967 15.167
403 7.671 6.695 1.109
404 4.887 4.251 13.663
405 2.683 10.707 16.89
406 12.653 14.803 10.734
407 2.824 13.761 19.624
408 10.368 0.408 2.472
409 10.308 9.896 22.453
410 3.891 14.877 23.396
411 8.644 22.13 2.541
412 2.905 15.293 19.887
413 9.087 6.92 5.1
414 8.611 11.229 10.397
415 2.965 1.279 21.615
416 9.834 20.921 23.405
417 7.111 2.987 15.039
418 6.634 3.908 17.784
419 12.764 3.161 23.719
420 12.739 10.141 2.105
421 10.226 17.624 8.73
422 4.045 2.598 10.415
423 4.979 6.262 2.55
424 12.854 22.923 20.318
425 2.709 12.455 0.377
426 3.66 11.6 3.354
427 4.227 2.572 3.696
428 6.685 20.139 19.37
429 6.877 3.045 9.376
430 4.635 3.558 21.532
431 5.575 17.065 4.069
432 5.546 8.476 2.872
433 6.976 8.902 9.459
434 11.27 8.447 21.84
435 9.926 0.211 22.414
436 7.499 11.515 0.435
437 5.825 10.556 21.356
438 12.847 16.671 1.45
439 5.565 22.143 23.363
440 10.96 10.122 8.455
441 5.172 22.889 3.983
442 9.77 9.568 22.106
443 4.673 23.679 5.747
444 4.561 9.134 22.363
445 3.674 12.887 14.265
446 8.537 20.71 2.256
447 12.584 1.928 20.558
448 9.863 22.61 13.518
449 2.941 5.149 21.465
450 6.118 21.827 7.245
451 4.988 18.66 22.761
452 7.442 3.341 13.343
453 2.951 9.95 9.209
454 7.943 17.874 12.443
455 4.988 12.015 18.143
456 7.388 9.259 19.141
457 12.033 5.499 4.759
458 8.507 18.497 11.116
459 4.304 5.342 4.685
460 13.103 8.655 8.248
461 2.651 5.855 22.298
462 5.088 16.297 5.351
463 2.787 19.3 22.848
464 5.062 17.997 18.876
465 7.577 13.637 0.389
466 3.123 4.591 8.528
467 8.404 6.665 21.132
468 2.708 12.102 10.3
469 9.059 8.534 5.575
470 12.975 18.245 22.959
471 2.772 13.189 2.548
472 9.944 11.61 12.458
473 7.829 17.732 6.404
474 12.359 19.974 3.071
475 8.476 9.4 22.826
476 7.308 7.028 3.029
477 2.846 7.43 8.667
478 8.741 6.501 14.768
479 4.959 1.871 17.508
480 5.586 4.887 6.952
481 5.409 9.556 2.515
482 5.066 21.82 21.551
483 5.12 11.716 22.47
484 7.964 18.633 18.426
485 4.038 3.573 1.629
486 4.94 10.411 9.185
487 9.536 23.541 18.19
488 9.029 17.301 16.67
489 9.063 6.928 11.126
490 8.98 2.521 22.788
491 12.011 17.525 10.505
492 4.095 3.781 15.987
493 3.474 12.344 0.455
494 12.887 6.807 6.311
495 6.421 1.558 2.069
496 10.069 10.335 21.4
497 7.839 5.157 10.71
498 12.242 11.395 8.58
499 11.91 8.682 2.629
500 8.785 7.228 1.043
501 3.984 13.598 11.067
502 8.774 9.089 14.163
503 11.069 21.267 3.399
504 3.453 12.949 0.958
505 2.821 4.543 23.223
506 9.45 2.103 21.96
507 4.232 4.836 5.96
508 4.932 14.843 12.885
509 9.817 23.238 23.301
510 11.666 5.618 7.863
511 6.189 19.443 15.096
512 8.765 4.047 7.125
513 10.927 15.87 10.471
514 9.873 10.983 17.228
515 8.035 13.797 0.397
516 6.299 6.312 21.694
517 10.462 4.378 21.632
518 10.233 4.148 8.964
519 6.167 15.534 4.008
520 4.355 12.588 22.042
521 3.614 20.929 21.558
522 8.27 20.207 1.921
523 5.186 2.963 1.939
524 12.428 19.046 1.488
525 8.743 20.683 18.61
526 3.83 14.24 21.364
527 12.693 14.989 5.262
528 3.811 6.429 0.395
529 12.976 13.169 4.569
530 11.807 6.793 18.663
531 8.566 15.275 3.235
532 6.245 2.263 1.002
533 7.988 14.634 3.944
534 3.293 5.968 7.436
535 2.659 19.216 7.391
536 4.217 5.158 4.308
537 7.95 10.145 19.231
538 12.077 1.616 8.564
539 10.229 4.724 5.225
540 5.172 9.082 13.42
541 8.614 1.098 10.682
542 12.071 20.928 7.018
543 7.873 11.167 22.653
544 2.697 13.307 20.812
545 5.258 20.2 15.934
546 8.757 11.189 1.151
547 9.983 6.984 17.944
548 3.707 19.367 17.913
549 13.097 13.062 2.382
550 4.21 0.423 15.066
551 12.765 9.472 3.999
552 4.993 4.477 4.509
553 12.521 11.918 5.126
554 8.523 14.382 5.999
555 8.436 19.503 10.074
556 5.602 1.284 4.625
557 8.593 17.939 7.673
558 7.62 16.059 19.242
559 7.128 22.216 13.477
560 4.867 14.013 12.31
561 7.405 17.313 19.134
562 2.684 17.037 16.311
563 12.076 12.974 12.829
564 6.953 5.307 0.48
565 7.235 3.1 20.363
566 4.806 12.204 6.281
567 8.659 3.684 5.843
568 4.94 0.268 8.012
569 4.239 2.926 10.627
570 8.307 19.163 4.019
571 3.416 4.736 13.31
572 3.048 4.645 0.285
573 8.444 16.534 12.664
574 12.39 16.588 8.556
575 6.017 6.155 10.472
576 13.202 10.968 6.342
577 5.098 11.147 4.06
578 7.768 16.854 16.85
579 7.62 21.244 6.321
580 11.653 1.197 0.574
581 5.103 22.59 22.1
582 9.049 22.55 8.089
583 8.83 14.508 17.988
584 7.41 8.272 16.638
585 2.869 13.05 17.977
586 9.769 22.299 8.614
587 3.7 11.523 14.644
588 6.574 16.552 21.403
589 4.497 16.232 10.575
590 6.308 12.382 19.698
591 12.445 13.127 4.085
592 3.408 17.108 20.675
593 6.75 2.739 16.727
594 7.991 10.855 4.198
595 11.202 7.344 21.613
596 9.387 14.615 21.592
597 9.694 19.089 14.067
598 9.913 12.631 14.42
599 4.266 12.388 2.79
600 10.78 19.067 14.555
601 10.497 23.672 10.853
602 7.008 7.905 15.809
603 11.014 6.722 0.985
604 9.352 15.889 15.575
605 4.982 19.062 6.978
606 10.458 0.264 13.755
607 12.46 6.257 3.008
608 12.943 23.166 18.594
609 12.524 16.542 15.202
610 11.401 9.021 5.345
611 11.26 16.342 23.39
612 12.641 20.667 8.957
613 12.098 12.485 7.428
614 10.475 17.279 21.55
615 6.594 14.132 13.931
616 12.281 17.307 16.089
617 10.999 17.266 12.44
618 5.965 3.932 14.088
619 3.357 13.822 8.452
620 12.763 13.353 17.09
621 2.811 19.424 1.392
622 12.343 16.711 16.724
623 9.694 2.899 22.992
624 9.566 1.775 14.747
625 12.157 10.054 5.931
626 7.378 22.384 5.87
627 10.45 19.298 12.593
628 5.268 7.88 9.477
629 3.401 10.488 1.98
630 6.762 2.554 4.27
631 4.711 21.902 13.993
632 10.061 21.8 6.902
633 10.716 9.577 13.149
634 9.016 15.938 16.582
635 11.437 22.203 9.073
636 9.665 21.272 5.731
637 12.061 4.477 1.083
638 3.622 20.19 3.611
639 11.573 16.562 23.605
640 9.185 18.658 2.494
641 3.661 0.875 2.568
642 5.813 17.568 15.961
643 4.159 8.91 5.568
644 8.27 20.96 0.705
645 12.304 21.861 13.718
646 6.264 12.35 1.212
647 3.358 19.428 18.215
648 5.609 19.69 10.37
649 3.074 2.715 4.653
650 4.182 20.464 17.85
651 4.498 15.135 2.092
652 6.158 2.438 4.602
653 3.411 11.346 18.874
654 4.499 10.303 6.763
655 6.225 18.701 23.246
656 7.35 1.639 19.878
657 8.984 10.7 3.728
658 4.89 0.885 9.436
659 6.797 2.651 8.936
660 6.695 18.402 11.736
661 12.916 22.471 11.23
662 6.224 21.88 18.507
663 11.276 12.04 14.821
664 11.978 16.399 15.777
665 13.141 5.248 16.309
666 10.492 16.384 4.891
667 10.934 19.937 6.774
668 6.092 18.866 21.729
669 7.709 3.262 21.873
670 10.484 14.249 16.235
671 13.152 6.049 6.111
672 4.209 17.392 17.216
673 5.037 13.891 2.059
674 9.686 22.289 20.042
675 5.182 9.999 15.389
676 3.513 21.806 13.17
677 11.808 22.902 16.948
678 12.314 11.147 21.02
679 9.194 3.337 20.324
680 2.875 1.273 10.478
681 10.627 4.245 19.501
682 9.563 23.623 22.127
683 10.062 22.688 10.452
684 5.659 15.387 14.15
685 9.34 10.743 5.118
686 4.893 4.621 9.243
687 8.171 1.217 9.562
688 7.679 18.633 7.402
689 7.209 13.507 8.319
690 5.439 3.206 3.473
691 10.525 8.056 14.113
692 6.454 2.479 5.524
693 3.322 11.117 21.167
694 3.129 17.735 15.166
695 3.512 21.383 17.322
696 12.992 23.545 11.443
697 8.098 8.616 11.575
698 7.903 18.794 7.616
699 10.51 18.347 11.179
700 12.052 3.616 1.754
701 7.993 16.99 13.11
702 5.416 20.778 12.593
703 4.767 4.123 9.333
704 6.222 12.113 13.591
705 3.235 19.931 14.724
706 12.517 11.743 8.374
707 3.04 16.74 13.078
708 11.907 15.808 1.512
709 3.931 14.772 14.955
710 10.026 17.71 15.479
711 9.631 15.564 0.647
712 3.541 16.83 14.631
713 10.174 13.08 8.234
714 3.37 9.686 15.313
715 9.518 7.549 16.75
716 11.94 7.26 7.162
717 3.622 17.968 19.27
718 5.784 10.925 17.144
719 12.38 20.688 12.347
720 6.143 9.217 2.4
721 7.446 0.647 5.108
722 11.324 10.53 21.739
723 7.19 14.726 18.295
724 7.431 12.097 17.208
725 3.736 0.658 12.991
726 7.15 20.557 0.678
727 6.646 19.927 4.117
728 4.294 1.345 11.344
729 13.04 22.469 16.156
730 5.075 22.457 18.337
731 6.625 16.257 1.117
732 5.259 21.168 7.315
733 13.196 17.576 15.756
734 3.512 17.995 16.635
735 9.958 3.52 11.964
736 4.397 16.26 14.813
737 11.595 0.285 15.251
738 6.918 0.78 22.992
739 6.248 23.385 8.357
740 11.822 12.153 1.35
741 7.87 8.776 23.545
742 10.1 20.938 16.81
743 12.336 21.571 15.082
744 13.02 14.611 16.267
745 9.751 22.669 2.657
746 10.435 13.715 6.087
747 4.88 21.983 16.607
748 2.792 11.071 7.006
749 13.082 10.369 19.412
750 12.397 1.897 5.902
751 8.248 6.155 1.56
752 10.69 10.896 14.261
753 10.054 4.774 13.814
754 3.631 9.108 15.707
755 12.721 0.563 4.081
756 11.928 3.701 22.449
757 12.381 7.443 12.615
758 6.55 8.916 21.556
759 10.477 3.507 6.232
760 4.47 18.788 0.884
761 12.989 5.733 9.992
762 3.919 4.97 22.645
763 11.565 22.604 4.257
764 12.121 15.447 13.993
765 7.066 19.826 21.114
766 8.015 19.18 22.502
767 12.412 14.831 2.889
768 9.576 6.18 9.893
769 7.247 20.046 21.78
770 6.888 6.443 2.525
771 11.184 16.095 22.422
772 8.156 10.253 3.869
773 8.012 18.619 7.27
774 10.411 16.403 23.026
775 13.141 9.825 16.111
776 6.898 6.365 16.132
777 11.904 3.299 7.098
778 9.968 17.415 5.158
779 8.636 17.358 12.583
780 5.65 5.658 9.213
781 11.6 2.96 13.097
782 4.493 16.308 10.712
783 10.127 1.571 22.684
784 3.261 11.301 9.395
785 10.034 11.547 23.229
786 6.392 9.745 7.532
787 8.521 10.157 18.559
788 2.95 2.966 15.587
789 4.335 20.702 17.114
790 9.561 3.603 19.34
791 7.568 23.735 18.304
792 11.366 16.415 6.605
793 10.453 21.489 19.62
794 4.358 16.161 12.668
795 12.178 11.525 4.943
796 6.546 20.608 4.811
797 3.451 6.18 3.928
798 13.091 19.374 5.142
799 11.942 13.782 8.322
800 8.901 2.654 13.746
801 6.095 22.063 15.257
802 3.769 21.178 6.683
803 7.377 5.743 9.89
804 3.746 13.383 19.317
805 4.723 23.693 10.841
806 4.627 19.897 22.342
807 6.98 16.331 6.268
808 11.57 12.151 12.621
809 11.142 16.571 12.109
810 12.6 2.892 3.569
811 3.143 7.82 21.646
812 11.865 14.799 1.856
813 4.582 18.08 3.187
814 9.508 8.209 2.353
815 4.973 20.274 21.052
816 11.314 12.801 8.164
817 13.093 12.106 16.876
818 10.076 10.055 22.812
819 7.79 23.71 20.588
820 7.765 20.629 2.062
821 4.034 23.788 9.395
822 5.926 11.155 19.455
823 11.314 10.272 3.831
824 2.929 1.727 4.338
825 11.219 6.838 9.318
826 6.452 8.376 10.129
827 11.307 3.925 3.322
828 7.153 4.458 20.279
829 10.801 7.368 1.889
830 3.614 17.576 16.485
831 10.917 17.109 20.467
832 3.11 13.958 17.918
833 11.879 22.136 7.913
834 7.082 11.072 3.913
835 9.954 10.025 2.844
836 6.146 10.978 20.246
837 6.782 1.252 8.661
838 11.837 8.86 6.285
839 11.615 0.597 12.547
840 9.056 4.208 20.607
841 2.79 6.819 16.518
842 7.449 13.803 19.893
843 7.34 5.443 0.742
844 4.831 19.023 19.624
845 2.946 15.19 18.663
846 8.568 20.23 0.883
847 4.186 20.651 15.651
848 12.944 17.751 17.318
849 6.492 12.999 3.993
850 8.691 15.493 2.462
851 5.798 10.776 14.816
852 7.27 13.435 18.687
853 5.574 4.279 19.035
854 6.166 22.706 12.268
855 4.409 3.274 10.527
856 3.948 19.104 12.489
857 10.909 0.708 9.006
858 3.361 1.195 4.545
859 2.759 0.649 23.773
860 11.238 12.774 5.606
861 8.379 9.287 1.748
862 8.378 9.289 23.625
863 12.907 10.968 20.949
864 4.084 18.835 1.191
