location subarea
1 134
2 41
3 53
4 1
5 48
6 127
7 52
8 78
9 43
10 8
11 111
12 139
13 101
14 52
15 115
16 14
17 141
18 81
19 63
20 135
21 33
22 83
23 23
24 133
25 11
26 122
27 43
28 72
29 95
30 62
31 132
32 134
33 100
34 23
35 117
36 135
37 102
38 104
39 51
40 131
41 14
42 71
43 74
44 57
45 43
46 66
47 114
48 97
49 18
50 109
51 29
52 44
53 101
54 72
55 127
56 136
57 5
58 50
59 123
60 40
61 50
62 42
63 135
64 78
65 128
66 72
67 93
68 94
69 52
70 81
71 77
72 9
73 12
74 24
75 12
76 93
77 139
78 122
79 21
80 140
81 17
82 107
83 69
84 52
85 15
86 124
87 75
88 102
89 3
90 96
91 25
92 100
93 140
94 94
95 71
96 84
97 20
98 2
99 62
100 42
101 40
102 64
103 76
104 53
105 57
106 23
107 112
108 35
109 95
110 130
111 116
112 134
113 112
114 129
115 26
116 141
117 69
118 95
119 120
120 80
121 129
122 14
123 90
124 25
125 139
126 135
127 24
128 30
129 103
130 80
131 61
132 34
133 42
134 49
135 101
136 33
137 5
138 5
139 85
140 40
141 77
142 13
143 119
144 141
145 64
146 29
147 41
148 70
149 136
150 2
151 25
152 110
153 143
154 103
155 84
156 85
157 7
158 114
159 137
160 103
161 36
162 59
163 41
164 129
165 78
166 79
167 15
168 106
169 76
170 82
171 104
172 96
173 38
174 19
175 129
176 31
177 70
178 114
179 20
180 93
181 53
182 17
183 72
184 39
185 42
186 62
187 96
188 68
189 138
190 138
191 65
192 57
193 73
194 85
195 22
196 61
197 70
198 128
199 44
200 8
201 32
202 45
203 87
204 27
205 132
206 23
207 132
208 66
209 64
210 93
211 34
212 55
213 22
214 140
215 102
216 11
217 30
218 18
219 92
220 24
221 45
222 44
223 43
224 126
225 13
226 81
227 105
228 62
229 122
230 91
231 127
232 13
233 122
234 101
235 70
236 106
237 64
238 19
239 107
240 112
241 95
242 23
243 60
244 3
245 120
246 29
247 105
248 92
249 141
250 86
251 70
252 88
253 143
254 68
255 134
256 13
257 118
258 26
259 99
260 129
261 29
262 51
263 132
264 135
265 100
266 33
267 108
268 43
269 59
270 64
271 60
272 106
273 64
274 99
275 42
276 139
277 6
278 144
279 39
280 18
281 99
282 121
283 81
284 92
285 19
286 131
287 120
288 79
289 25
290 75
291 140
292 91
293 62
294 5
295 143
296 134
297 123
298 63
299 97
300 44
301 90
302 93
303 59
304 80
305 46
306 112
307 30
308 141
309 123
310 79
311 136
312 54
313 105
314 75
315 11
316 99
317 66
318 66
319 30
320 123
321 64
322 8
323 24
324 84
325 138
326 120
327 27
328 31
329 14
330 8
331 85
332 40
333 45
334 106
335 87
336 42
337 106
338 1
339 86
340 74
341 119
342 122
343 70
344 135
345 137
346 88
347 114
348 47
349 58
350 108
351 75
352 33
353 135
354 58
355 59
356 121
357 53
358 30
359 125
360 77
361 115
362 97
363 140
364 136
365 140
366 119
367 81
368 15
369 43
370 39
371 54
372 126
373 93
374 122
375 77
376 126
377 28
378 141
379 112
380 80
381 11
382 27
383 11
384 3
385 43
386 134
387 114
388 98
389 135
390 56
391 49
392 48
393 54
394 56
395 10
396 29
397 132
398 79
399 94
400 50
401 55
402 52
403 136
404 63
405 42
406 80
407 31
408 121
409 5
410 8
411 132
412 32
413 112
414 78
415 13
416 11
417 50
418 38
419 2
420 126
421 93
422 74
423 124
424 24
425 139
426 126
427 122
428 35
429 86
430 14
431 117
432 125
433 89
434 17
435 1
436 138
437 18
438 141
439 12
440 90
441 132
442 5
443 120
444 5
445 55
446 131
447 13
448 72
449 15
450 107
451 10
452 62
453 89
454 69
455 31
456 29
457 111
458 82
459 111
460 89
461 3
462 117
463 10
464 33
465 139
466 87
467 16
468 79
469 113
470 10
471 127
472 66
473 105
474 130
475 5
476 124
477 88
478 52
479 37
480 99
481 125
482 23
483 6
484 34
485 134
486 90
487 36
488 45
489 76
490 2
491 81
492 50
493 139
494 100
495 121
496 18
497 75
498 90
499 125
500 136
501 79
502 53
503 131
504 139
505 3
506 14
507 111
508 68
509 12
510 99
511 58
512 99
513 80
514 42
515 139
516 16
517 15
518 87
519 116
520 7
521 23
522 143
523 134
524 142
525 35
526 20
527 116
528 136
529 115
530 28
531 128
532 134
533 128
534 99
535 106
536 111
537 30
538 85
539 111
540 65
541 73
542 107
543 6
544 19
545 59
546 138
547 40
548 46
549 127
550 49
551 125
552 111
553 114
554 116
555 82
556 109
557 105
558 33
559 72
560 68
561 33
562 45
563 67
564 135
565 14
566 103
567 110
568 85
569 74
570 118
571 63
572 135
573 69
574 93
575 76
576 102
577 114
578 45
579 107
580 133
581 12
582 96
583 44
584 41
585 43
586 96
587 54
588 21
589 81
590 31
591 115
592 21
593 38
594 114
595 16
596 20
597 58
598 55
599 127
600 58
601 84
602 52
603 136
604 56
605 106
606 61
607 124
608 36
609 57
610 113
611 9
612 95
613 103
614 21
615 68
616 45
617 69
618 50
619 91
620 43
621 142
622 45
623 2
624 49
625 114
626 120
627 70
628 88
629 138
630 110
631 71
632 107
633 65
634 44
635 96
636 119
637 135
638 131
639 9
640 130
641 121
642 57
643 113
644 143
645 71
646 139
647 34
648 82
649 110
650 47
651 128
652 110
653 30
654 102
655 10
656 25
657 126
658 85
659 86
660 82
661 84
662 35
663 55
664 57
665 39
666 117
667 106
668 22
669 14
670 44
671 100
672 45
673 127
674 24
675 53
676 71
677 48
678 18
679 14
680 73
681 27
682 12
683 84
684 56
685 114
686 87
687 85
688 106
689 91
690 122
691 53
692 110
693 18
694 57
695 47
696 84
697 77
698 106
699 82
700 134
701 69
702 71
703 87
704 67
705 58
706 90
707 69
708 140
709 56
710 57
711 140
712 57
713 91
714 53
715 40
716 100
717 33
718 42
719 71
720 125
721 109
722 18
723 32
724 43
725 61
726 143
727 118
728 73
729 48
730 36
731 141
732 107
733 57
734 45
735 74
736 57
737 49
738 1
739 96
740 139
741 5
742 47
743 59
744 44
745 132
746 103
747 47
748 102
749 30
750 109
751 136
752 54
753 63
754 53
755 109
756 2
757 64
758 17
759 98
760 142
761 87
762 3
763 120
764 68
765 22
766 10
767 128
768 88
769 23
770 124
771 9
772 126
773 106
774 9
775 41
776 40
777 98
778 117
779 69
780 87
781 62
782 81
783 1
784 90
785 6
786 101
787 30
788 50
789 47
790 26
791 36
792 105
793 35
794 69
795 114
796 119
797 124
798 118
799 91
800 62
801 60
802 107
803 87
804 31
805 84
806 10
807 105
808 67
809 69
810 122
811 16
812 140
813 130
814 125
815 23
816 91
817 43
818 6
819 24
820 131
821 96
822 30
823 126
824 109
825 88
826 77
827 122
828 15
829 136
830 45
831 21
832 43
833 108
834 126
835 126
836 18
837 85
838 101
839 61
840 15
841 40
842 31
843 135
844 34
845 32
846 143
847 59
848 45
849 127
850 128
851 54
852 31
853 27
854 72
855 74
856 70
857 85
858 109
859 1
860 115
861 137
862 5
863 18
864 142
