location subarea
1 3
2 1
3 1
4 1
5 2
6 4
7 1
8 3
9 2
10 2
11 3
12 4
13 3
14 1
15 4
16 1
17 4
18 4
19 1
20 3
21 2
22 4
23 2
24 3
25 2
26 3
27 2
28 2
29 4
30 1
31 4
32 3
33 3
34 2
35 4
36 3
37 3
38 4
39 1
40 4
41 1
42 2
43 3
44 2
45 2
46 1
47 3
48 3
49 1
50 3
51 1
52 2
53 3
54 2
55 4
56 3
57 1
58 1
59 3
60 1
61 1
62 1
63 3
64 3
65 4
66 2
67 4
68 4
69 1
70 4
71 3
72 2
73 2
74 2
75 2
76 4
77 4
78 3
79 2
80 4
81 1
82 4
83 2
84 1
85 1
86 3
87 3
88 3
89 1
90 4
91 1
92 3
93 4
94 4
95 2
96 4
97 2
98 1
99 1
100 1
101 1
102 1
103 3
104 1
105 2
106 2
107 3
108 2
109 4
110 4
111 4
112 3
113 3
114 4
115 1
116 4
117 2
118 4
119 4
120 4
121 4
122 1
123 3
124 1
125 4
126 3
127 2
128 1
129 4
130 4
131 1
132 2
133 1
134 1
135 3
136 2
137 1
138 1
139 3
140 1
141 3
142 1
143 4
144 4
145 1
146 1
147 1
148 2
149 3
150 1
151 1
152 3
153 4
154 4
155 4
156 3
157 2
158 3
159 3
160 4
161 2
162 2
163 1
164 4
165 3
166 4
167 1
168 4
169 3
170 4
171 4
172 4
173 1
174 2
175 4
176 2
177 2
178 3
179 2
180 4
181 1
182 1
183 2
184 1
185 1
186 1
187 4
188 2
189 3
190 3
191 1
192 2
193 3
194 3
195 2
196 1
197 2
198 4
199 2
200 2
201 2
202 2
203 3
204 1
205 4
206 2
207 4
208 1
209 1
210 4
211 2
212 2
213 2
214 4
215 3
216 2
217 1
218 1
219 4
220 2
221 2
222 2
223 2
224 3
225 1
226 4
227 4
228 1
229 3
230 4
231 4
232 1
233 3
234 3
235 2
236 4
237 1
238 2
239 4
240 3
241 4
242 2
243 2
244 1
245 4
246 1
247 4
248 4
249 4
250 3
251 2
252 3
253 4
254 2
255 3
256 1
257 4
258 1
259 3
260 4
261 1
262 1
263 4
264 3
265 3
266 2
267 4
268 2
269 2
270 1
271 2
272 4
273 1
274 3
275 1
276 4
277 1
278 4
279 1
280 1
281 3
282 3
283 4
284 4
285 2
286 4
287 4
288 4
289 1
290 3
291 4
292 4
293 1
294 1
295 4
296 3
297 3
298 1
299 3
300 2
301 3
302 4
303 2
304 4
305 2
306 3
307 1
308 4
309 3
310 4
311 3
312 1
313 4
314 3
315 2
316 3
317 1
318 1
319 1
320 3
321 1
322 2
323 2
324 4
325 3
326 4
327 1
328 2
329 1
330 2
331 3
332 1
333 2
334 4
335 3
336 1
337 4
338 1
339 3
340 3
341 4
342 3
343 2
344 3
345 3
346 3
347 3
348 2
349 2
350 4
351 3
352 2
353 3
354 2
355 2
356 3
357 1
358 1
359 3
360 3
361 4
362 3
363 4
364 3
365 4
366 4
367 4
368 1
369 2
370 1
371 1
372 3
373 4
374 3
375 3
376 3
377 1
378 4
379 3
380 4
381 2
382 1
383 2
384 1
385 2
386 3
387 3
388 3
389 3
390 2
391 1
392 2
393 1
394 2
395 2
396 1
397 4
398 4
399 4
400 1
401 2
402 1
403 3
404 1
405 1
406 4
407 2
408 3
409 1
410 2
411 4
412 2
413 3
414 3
415 1
416 2
417 1
418 1
419 1
420 3
421 4
422 3
423 3
424 2
425 4
426 3
427 3
428 2
429 3
430 1
431 4
432 3
433 3
434 1
435 1
436 3
437 1
438 4
439 2
440 3
441 4
442 1
443 4
444 1
445 2
446 4
447 1
448 2
449 1
450 4
451 2
452 1
453 3
454 2
455 2
456 1
457 3
458 4
459 3
460 3
461 1
462 4
463 2
464 2
465 4
466 3
467 1
468 4
469 3
470 2
471 4
472 1
473 4
474 4
475 1
476 3
477 3
478 1
479 1
480 3
481 3
482 2
483 1
484 2
485 3
486 3
487 2
488 2
489 3
490 1
491 4
492 1
493 4
494 3
495 3
496 1
497 3
498 3
499 3
500 3
501 4
502 1
503 4
504 4
505 1
506 1
507 3
508 2
509 2
510 3
511 2
512 3
513 4
514 1
515 4
516 1
517 1
518 3
519 4
520 2
521 2
522 4
523 3
524 4
525 2
526 2
527 4
528 3
529 4
530 1
531 4
532 3
533 4
534 3
535 4
536 3
537 1
538 3
539 3
540 1
541 3
542 4
543 1
544 2
545 2
546 3
547 1
548 2
549 4
550 1
551 3
552 3
553 3
554 4
555 4
556 3
557 4
558 2
559 2
560 2
561 2
562 2
563 2
564 3
565 1
566 4
567 3
568 3
569 3
570 4
571 1
572 3
573 2
574 4
575 3
576 3
577 3
578 2
579 4
580 3
581 2
582 4
583 2
584 1
585 2
586 4
587 1
588 2
589 4
590 2
591 4
592 2
593 1
594 3
595 1
596 2
597 2
598 2
599 4
600 2
601 4
602 1
603 3
604 2
605 4
606 1
607 3
608 2
609 2
610 3
611 2
612 4
613 4
614 2
615 2
616 2
617 2
618 1
619 4
620 2
621 4
622 2
623 1
624 1
625 3
626 4
627 2
628 3
629 3
630 3
631 2
632 4
633 1
634 2
635 4
636 4
637 3
638 4
639 2
640 4
641 3
642 2
643 3
644 4
645 2
646 4
647 2
648 4
649 3
650 2
651 4
652 3
653 1
654 3
655 2
656 1
657 3
658 3
659 3
660 4
661 4
662 2
663 2
664 2
665 1
666 4
667 4
668 2
669 1
670 2
671 3
672 2
673 4
674 2
675 1
676 2
677 2
678 1
679 1
680 3
681 1
682 2
683 4
684 2
685 3
686 3
687 3
688 4
689 4
690 3
691 1
692 3
693 1
694 2
695 2
696 4
697 3
698 4
699 4
700 3
701 2
702 2
703 3
704 2
705 2
706 3
707 2
708 4
709 2
710 2
711 4
712 2
713 4
714 1
715 1
716 3
717 2
718 1
719 2
720 3
721 3
722 1
723 2
724 2
725 1
726 4
727 4
728 3
729 2
730 2
731 4
732 4
733 2
734 2
735 3
736 2
737 1
738 1
739 4
740 4
741 1
742 2
743 2
744 2
745 4
746 4
747 2
748 3
749 1
750 3
751 3
752 1
753 1
754 1
755 3
756 1
757 1
758 1
759 3
760 4
761 3
762 1
763 4
764 2
765 2
766 2
767 4
768 3
769 2
770 3
771 2
772 3
773 4
774 2
775 1
776 1
777 3
778 4
779 2
780 3
781 1
782 4
783 1
784 3
785 1
786 3
787 1
788 1
789 2
790 1
791 2
792 4
793 2
794 2
795 3
796 4
797 3
798 4
799 4
800 1
801 2
802 4
803 3
804 2
805 4
806 2
807 4
808 2
809 2
810 3
811 1
812 4
813 4
814 3
815 2
816 4
817 2
818 1
819 2
820 4
821 4
822 1
823 3
824 3
825 3
826 3
827 3
828 1
829 3
830 2
831 2
832 2
833 4
834 3
835 3
836 1
837 3
838 3
839 1
840 1
841 1
842 2
843 3
844 2
845 2
846 4
847 2
848 2
849 4
850 4
851 1
852 2
853 1
854 2
855 3
856 2
857 3
858 3
859 1
860 4
861 3
862 1
863 1
864 4
