OBJECTIVE
1147254.19282595

P LOCATIONS
655
268
580
534
355

LOCATION USAGES
location (usage/capacity)
655 (70000/70000)
268 (70000/70000)
580 (70000/70000)
534 (62212.5/70000)
355 (67159.5/70000)

CUSTOMER ASSIGNMENTS
customer (demand) -> location (assigned demand)
1 (1) -> 534 (1) 
2 (5) -> 534 (5) 
3 (308.5) -> 534 (308.5) 
4 (313.5) -> 534 (313.5) 
5 (126) -> 534 (126) 
6 (228) -> 534 (228) 
7 (372.5) -> 534 (372.5) 
8 (1095) -> 534 (1095) 
9 (1792) -> 655 (1792) 
10 (1547.5) -> 655 (1547.5) 
11 (692) -> 655 (692) 
12 (1209.5) -> 534 (1209.5) 
13 (1617.5) -> 534 (1617.5) 
14 (602) -> 534 (602) 
15 (313.5) -> 534 (313.5) 
16 (1458) -> 534 (1458) 
17 (1521) -> 534 (1521) 
18 (4248) -> 655 (4248) 
19 (4046) -> 655 (4046) 
20 (60) -> 655 (60) 
21 (26) -> 655 (26) 
22 (1581.5) -> 534 (1581.5) 
23 (2068) -> 534 (2068) 
24 (4811.5) -> 534 (4811.5) 
25 (2820.5) -> 534 (2820.5) 
26 (1874) -> 534 (1874) 
27 (3613.5) -> 655 (3613.5) 
28 (3226) -> 655 (3226) 
29 (1431) -> 534 (1431) 
30 (3485.5) -> 534 (3485.5) 
31 (3600.5) -> 534 (3600.5) 
32 (2690.5) -> 534 (2690.5) 
33 (2138) -> 655 (2138) 
34 (5742.5) -> 655 (5742.5) 
35 (6956) -> 655 (6956) 
36 (4041.5) -> 655 (4041.5) 
37 (1504.5) -> 355 (1504.5) 
38 (2446.5) -> 534 (2446.5) 
39 (2918) -> 534 (2918) 
40 (720.5) -> 655 (720.5) 
41 (1733.5) -> 655 (1733.5) 
42 (8572) -> 655 (8572) 
43 (5851.5) -> 655 (5851.5) 
44 (9941) -> 580 (9941) 
45 (4439.5) -> 580 (4439.5) 
46 (2714.5) -> 580 (2714.5) 
47 (1940.5) -> 355 (1940.5) 
48 (2765) -> 355 (2765) 
49 (1703) -> 355 (1703) 
50 (683.5) -> 355 (683.5) 
51 (548.5) -> 534 (548.5) 
52 (2542.5) -> 534 (2542.5) 
53 (931.5) -> 534 (931.5) 
54 (251) -> 534 (251) 
55 (251) -> 655 (251) 
56 (4057.5) -> 655 (4057.5) 
57 (2711) -> 655 (2711) 
58 (343.5) -> 655 (343.5) 
59 (6) -> 268 (6) 
60 (39) -> 580 (39) 
61 (11158) -> 580 (11158) 
62 (13134) -> 580 (13134) 
63 (6630.5) -> 580 (6630.5) 
64 (4286.5) -> 355 (4286.5) 
65 (4532.5) -> 355 (4532.5) 
66 (2851) -> 355 (2851) 
67 (7494.5) -> 355 (7494.5) 
68 (687.5) -> 534 (687.5) 
69 (1540) -> 534 (1540) 
70 (4026.5) -> 534 (4026.5) 
71 (3296.5) -> 534 (3296.5) 
72 (525) -> 655 (525) 
73 (387) -> 655 (387) 
74 (532.5) -> 655 (532.5) 
75 (288) -> 534 (288) 
76 (449) -> 268 (449) 
77 (2043) -> 268 (2043) 
78 (5186) -> 268 (5186) 
79 (9540) -> 268 (9540) 
80 (11706) -> 580 (6491.5) 
81 (6753) -> 580 (6753) 
82 (5972.5) -> 580 (5972.5) 
83 (6641.5) -> 355 (6641.5) 
84 (3808.5) -> 355 (3808.5) 
85 (6908) -> 355 (6908) 
86 (3677) -> 355 (3677) 
87 (3588) -> 355 (3588) 
88 (1518) -> 534 (1518) 
89 (1302) -> 655 (1104) 
90 (502.5) -> 655 (502.5) 
91 (191) -> 655 (191) 
92 (1365.5) -> 655 (1365.5) 
93 (3072) -> 534 (3072) 
94 (979) -> 268 (979) 
95 (862.5) -> 268 (862.5) 
96 (6085.5) -> 268 (6085.5) 
97 (6452) -> 268 (6452) 
98 (7449.5) -> 268 (7449.5) 
99 (4831.5) -> 268 (4831.5) 
100 (2038) -> 580 (2038) 
101 (477.5) -> 580 (477.5) 
102 (179) -> 580 (179) 
103 (949.5) -> 355 (949.5) 
104 (6230) -> 355 (6230) 
105 (3346.5) -> 355 (3346.5) 
106 (461.5) -> 534 (461.5) 
107 (517.5) -> 534 (517.5) 
108 (595.5) -> 655 (595.5) 
109 (290.5) -> 655 (290.5) 
110 (309.5) -> 655 (309.5) 
111 (451) -> 534 (451) 
112 (2425.5) -> 268 (1568.5) 
113 (398) -> 268 (398) 
114 (334.5) -> 268 (334.5) 
115 (3344) -> 268 (3344) 
116 (3706) -> 268 (3706) 
117 (4084.5) -> 268 (4084.5) 
118 (854.5) -> 268 (854.5) 
119 (19) -> 268 (19) 
120 (32) -> 580 (32) 
121 (324) -> 355 (324) 
122 (1854.5) -> 355 (1854.5) 
123 (441.5) -> 355 (441.5) 
124 (114) -> 655 (114) 
125 (161.5) -> 655 (161.5) 
126 (128) -> 655 (128) 
127 (154.5) -> 655 (154.5) 
128 (25) -> 655 (25) 
129 (18) -> 534 (18) 
130 (58) -> 534 (58) 
131 (12) -> 268 (12) 
132 (171.5) -> 268 (171.5) 
133 (1899.5) -> 268 (1899.5) 
134 (2393) -> 268 (2393) 
135 (1027) -> 268 (1027) 
136 (260) -> 268 (260) 
137 (42) -> 355 (42) 
138 (262) -> 355 (262) 
139 (589.5) -> 355 (589.5) 
140 (81) -> 355 (81) 
141 (108) -> 355 (108) 
142 (6) -> 655 (6) 
143 (102) -> 534 (102) 
144 (36) -> 534 (36) 
145 (82.5) -> 268 (82.5) 
146 (262.5) -> 268 (262.5) 
147 (1501.5) -> 268 (1501.5) 
148 (1853.5) -> 268 (1853.5) 
149 (374) -> 355 (374) 
150 (2) -> 355 (2) 
151 (159) -> 355 (159) 
152 (2) -> 355 (2) 
153 (111) -> 655 (111) 
154 (74) -> 655 (74) 
155 (108) -> 534 (108) 
156 (203) -> 534 (203) 
157 (876) -> 534 (876) 
158 (175.5) -> 534 (175.5) 
159 (20) -> 534 (20) 
160 (219.5) -> 268 (219.5) 
161 (3) -> 268 (3) 
162 (28) -> 268 (28) 
163 (38) -> 268 (38) 
164 (976) -> 268 (976) 
165 (748) -> 268 (748) 
166 (4) -> 268 (4) 
167 (3) -> 355 (3) 
168 (7) -> 355 (7) 
169 (222.5) -> 655 (222.5) 
170 (187.5) -> 655 (187.5) 
171 (107) -> 534 (107) 
172 (106.5) -> 534 (106.5) 
173 (416) -> 534 (416) 
174 (32) -> 534 (32) 
175 (63) -> 534 (63) 
176 (167.5) -> 268 (167.5) 
177 (46.5) -> 268 (46.5) 
178 (86) -> 268 (86) 
179 (18.5) -> 268 (18.5) 
180 (379.5) -> 655 (379.5) 
181 (125) -> 655 (125) 
182 (202.5) -> 534 (202.5) 
183 (179) -> 534 (179) 
184 (465.5) -> 534 (465.5) 
185 (7) -> 534 (7) 
186 (4) -> 534 (4) 
187 (3) -> 534 (3) 
188 (6) -> 268 (6) 
189 (3) -> 268 (3) 
190 (139) -> 655 (139) 
