Scanning input data...
Distance matrix dimensions: 70679 x 15864 = 1121251656
Elapsed time: 38844 ms

Loading distance matrix...
locations: 70135
customers: 15842
loc_max_id: 70678
cust_max_id: 15863
p: 100
Elapsed time: 308088 ms


TB heuristic initialized
p locations: 29474 2 19179 59506 59821 16637 70641 52081 44560 9029 54474 53864 66514 37532 64600 19726 5342 6571 35006 69737 62821 22689 36582 21791 63955 29518 35482 46277 4398 48594 25525 4848 62550 3643 58761 35752 34482 3889 553 37528 29241 29622 37743 59834 19419 9467 16960 53446 18955 66072 25952 54213 48064 32521 53289 58539 47490 11930 3425 37333 27277 36802 66993 53912 36369 27225 41703 65772 24945 61394 27231 49608 64353 18694 32930 53504 48034 3457 1144 52071 23341 63461 51127 44777 41854 48712 70048 17611 46108 2520 69449 6664 5267 44707 19573 30956 33864 51321 15634 64275 
objective: 110834084.930685

TB loop: Elapsed time: 2953 ms

p locations: 29474 2 19179 59506 59821 16637 70641 52081 44560 9029 54474 53864 66514 37532 64600 19726 5342 6571 35006 69737 62821 22689 36582 21791 63955 29518 35482 46277 4398 48594 25525 4848 62550 3643 58761 35752 34482 3889 553 37528 29241 29622 37743 59834 19419 9467 16960 53446 18955 66072 25952 54213 48064 32521 53289 58539 47490 11930 3425 37333 27277 36802 66993 53912 36369 27225 41703 65772 24945 61394 27231 49608 64353 18694 32930 53504 3457 1144 52071 23341 63461 51127 44777 41854 48712 70048 17611 46108 2520 69449 6664 5267 3 44707 19573 30956 33864 51321 15634 64275 
objective: 110817194.591177

TB loop: Elapsed time: 5537 ms

p locations: 5 29474 19179 59506 59821 16637 70641 52081 44560 9029 54474 53864 66514 37532 64600 19726 5342 6571 35006 69737 62821 22689 36582 21791 63955 29518 35482 46277 4398 48594 25525 4848 62550 3643 58761 35752 34482 3889 553 37528 29241 29622 37743 59834 19419 9467 16960 53446 18955 66072 25952 54213 48064 32521 53289 58539 47490 11930 3425 37333 27277 36802 66993 53912 36369 27225 41703 65772 24945 61394 27231 49608 64353 18694 32930 53504 3457 1144 52071 23341 63461 51127 44777 41854 48712 70048 17611 46108 2520 69449 6664 5267 3 44707 19573 30956 33864 51321 15634 64275 
objective: 110805978.094198

TB loop: Elapsed time: 8259 ms

p locations: 5 29474 19179 59506 59821 16637 70641 11 52081 44560 9029 54474 53864 66514 37532 64600 19726 5342 6571 35006 69737 62821 22689 36582 21791 63955 29518 35482 46277 4398 48594 25525 4848 62550 3643 58761 35752 34482 3889 553 37528 29241 29622 37743 59834 19419 9467 16960 53446 18955 66072 25952 54213 48064 32521 53289 58539 47490 11930 3425 37333 27277 36802 66993 53912 36369 27225 41703 65772 24945 61394 27231 49608 64353 18694 32930 53504 3457 1144 52071 23341 63461 51127 44777 41854 48712 70048 17611 46108 2520 69449 6664 5267 44707 19573 30956 33864 51321 15634 64275 
objective: 110775053.035009

TB loop: Elapsed time: 24816 ms

p locations: 5 29474 19179 59506 59821 16637 70641 11 52081 44560 12 9029 54474 53864 66514 37532 64600 19726 5342 6571 35006 69737 62821 22689 36582 21791 63955 29518 35482 46277 4398 48594 25525 4848 62550 3643 58761 35752 34482 3889 553 37528 29241 29622 37743 59834 19419 9467 16960 53446 18955 66072 25952 54213 48064 32521 53289 58539 47490 11930 37333 27277 36802 66993 53912 36369 27225 41703 65772 24945 61394 27231 49608 64353 18694 32930 53504 3457 1144 52071 23341 63461 51127 44777 41854 48712 70048 17611 46108 2520 69449 6664 5267 44707 19573 30956 33864 51321 15634 64275 
objective: 110586229.754591

TB loop: Elapsed time: 27232 ms

p locations: 5 29474 19179 59506 59821 16637 70641 11 52081 44560 12 9029 54474 53864 66514 37532 64600 19726 5342 6571 35006 69737 62821 22689 36582 21791 63955 29518 35482 46277 4398 48594 25525 4848 62550 58761 35752 34482 3889 553 37528 29241 29622 37743 59834 19419 9467 16960 53446 18955 66072 25952 54213 48064 32521 53289 58539 47490 11930 37333 27277 36802 66993 53912 36369 27225 41703 65772 24945 61394 27231 49608 64353 18694 32930 53504 3457 1144 52071 23341 63461 51127 44777 41854 48712 70048 17611 46108 2520 69449 6664 5267 44707 19573 30956 33864 13 51321 15634 64275 
objective: 110487914.214529

TB loop: Elapsed time: 26597 ms

p locations: 5 29474 19179 59506 59821 16637 70641 11 52081 44560 12 9029 54474 53864 66514 37532 64600 19726 5342 6571 35006 14 69737 62821 22689 36582 21791 63955 29518 35482 46277 4398 48594 25525 4848 62550 58761 35752 34482 3889 553 37528 29241 29622 37743 59834 19419 9467 16960 53446 18955 66072 25952 54213 48064 32521 53289 47490 11930 37333 27277 36802 66993 53912 36369 27225 41703 65772 24945 61394 27231 49608 64353 18694 32930 53504 3457 1144 52071 23341 63461 51127 44777 41854 48712 70048 17611 46108 2520 69449 6664 5267 44707 19573 30956 33864 13 51321 15634 64275 
objective: 110467568.645153

TB loop: Elapsed time: 26561 ms

p locations: 5 29474 19179 59506 59821 16637 70641 11 52081 44560 12 9029 54474 16 53864 66514 64600 19726 5342 6571 35006 14 69737 62821 22689 36582 21791 63955 29518 35482 46277 4398 48594 25525 4848 62550 58761 35752 34482 3889 553 37528 29241 29622 37743 59834 19419 9467 16960 53446 18955 66072 25952 54213 48064 32521 53289 47490 11930 37333 27277 36802 66993 53912 36369 27225 41703 65772 24945 61394 27231 49608 64353 18694 32930 53504 3457 1144 52071 23341 63461 51127 44777 41854 48712 70048 17611 46108 2520 69449 6664 5267 44707 19573 30956 33864 13 51321 15634 64275 
objective: 110464566.121357

TB loop: Elapsed time: 29112 ms

p locations: 5 29474 19179 59506 59821 16637 70641 11 52081 44560 12 9029 54474 53864 66514 64600 19726 5342 6571 35006 14 69737 62821 22689 36582 21791 63955 29518 35482 46277 4398 48594 25525 4848 62550 58761 35752 34482 3889 553 37528 29241 29622 37743 17 59834 19419 9467 16960 53446 18955 66072 25952 54213 48064 32521 53289 47490 11930 37333 27277 36802 66993 53912 36369 27225 41703 65772 24945 61394 27231 49608 64353 18694 32930 53504 3457 1144 52071 23341 63461 51127 44777 41854 48712 70048 17611 46108 2520 69449 6664 5267 44707 19573 30956 33864 13 51321 15634 64275 
objective: 110448245.517731

TB loop: Elapsed time: 28991 ms

p locations: 20 5 29474 19179 59506 59821 16637 70641 11 44560 12 9029 54474 53864 66514 64600 19726 5342 6571 35006 14 69737 62821 22689 36582 21791 63955 29518 35482 46277 4398 48594 25525 4848 62550 58761 35752 34482 3889 553 37528 29241 29622 37743 17 59834 19419 9467 16960 53446 18955 66072 25952 54213 48064 32521 53289 47490 11930 37333 27277 36802 66993 53912 36369 27225 41703 65772 24945 61394 27231 49608 64353 18694 32930 53504 3457 1144 52071 23341 63461 51127 44777 41854 48712 70048 17611 46108 2520 69449 6664 5267 44707 19573 30956 33864 13 51321 15634 64275 
objective: 110135087.610075

TB loop: Elapsed time: 37085 ms

p locations: 21 20 5 29474 19179 59506 59821 16637 70641 11 44560 12 9029 54474 53864 66514 64600 19726 5342 6571 35006 14 69737 62821 22689 36582 21791 63955 29518 35482 46277 4398 48594 25525 4848 62550 58761 35752 34482 3889 553 37528 29241 29622 37743 17 59834 19419 9467 16960 53446 18955 66072 25952 54213 48064 32521 53289 47490 11930 37333 27277 36802 66993 53912 27225 41703 65772 24945 61394 27231 49608 64353 18694 32930 53504 3457 1144 52071 23341 63461 51127 44777 41854 48712 70048 17611 46108 2520 69449 6664 5267 44707 19573 30956 33864 13 51321 15634 64275 
objective: 110133604.075074

TB loop: Elapsed time: 36901 ms

p locations: 20 5 29474 19179 59506 59821 16637 70641 11 44560 12 9029 54474 53864 66514 64600 19726 5342 6571 35006 14 69737 62821 22689 36582 21791 63955 29518 35482 46277 4398 48594 25525 22 4848 62550 58761 35752 34482 3889 553 37528 29241 29622 37743 17 59834 19419 9467 16960 53446 18955 66072 25952 54213 48064 32521 53289 47490 11930 37333 27277 36802 66993 53912 27225 41703 65772 24945 61394 27231 49608 64353 18694 32930 53504 3457 1144 52071 23341 63461 51127 44777 41854 48712 70048 17611 46108 2520 69449 6664 5267 44707 19573 30956 33864 13 51321 15634 64275 
objective: 110113772.578189

TB loop: Elapsed time: 36997 ms

p locations: 23 20 5 29474 19179 59506 59821 16637 70641 11 44560 12 9029 54474 53864 66514 64600 19726 5342 6571 35006 14 69737 62821 22689 36582 21791 63955 29518 35482 46277 4398 48594 25525 4848 62550 58761 35752 34482 3889 553 37528 29241 29622 37743 17 59834 19419 9467 16960 53446 18955 66072 25952 54213 48064 32521 53289 47490 11930 37333 27277 36802 66993 53912 27225 41703 65772 24945 61394 27231 49608 64353 18694 32930 53504 3457 1144 52071 23341 63461 51127 44777 41854 48712 70048 17611 46108 2520 69449 6664 5267 44707 19573 30956 33864 13 51321 15634 64275 
objective: 110047952.252111

TB loop: Elapsed time: 39598 ms

p locations: 23 20 5 29474 19179 59506 59821 16637 70641 11 44560 12 9029 54474 53864 66514 64600 19726 5342 6571 35006 14 69737 62821 22689 36582 21791 63955 29518 35482 46277 4398 48594 25525 4848 62550 58761 35752 34482 3889 553 37528 29241 29622 37743 17 59834 19419 9467 16960 53446 18955 66072 25952 54213 48064 32521 53289 47490 11930 37333 27277 36802 66993 53912 27225 65772 24945 61394 27231 49608 64353 25 18694 32930 53504 3457 1144 52071 23341 63461 51127 44777 41854 48712 70048 17611 46108 2520 69449 6664 5267 44707 19573 30956 33864 13 51321 15634 64275 
objective: 109972382.061382

TB loop: Elapsed time: 44882 ms

p locations: 27 23 20 5 29474 19179 59506 59821 16637 70641 11 44560 9029 54474 53864 66514 64600 19726 5342 6571 35006 14 69737 62821 22689 36582 21791 63955 29518 35482 46277 4398 48594 25525 4848 62550 58761 35752 34482 3889 553 37528 29241 29622 37743 17 59834 19419 9467 16960 53446 18955 66072 25952 54213 48064 32521 53289 47490 11930 37333 27277 36802 66993 53912 27225 65772 24945 61394 27231 49608 64353 25 18694 32930 53504 3457 1144 52071 23341 63461 51127 44777 41854 48712 70048 17611 46108 2520 69449 6664 5267 44707 19573 30956 33864 13 51321 15634 64275 
objective: 109957510.995707

TB loop: Elapsed time: 47443 ms

p locations: 27 23 20 5 29474 19179 59506 59821 16637 70641 11 44560 9029 54474 53864 66514 64600 19726 5342 6571 35006 14 69737 62821 22689 36582 21791 63955 29518 35482 46277 4398 48594 25525 4848 62550 58761 35752 34482 3889 553 37528 29241 29622 37743 17 59834 19419 9467 16960 53446 18955 66072 25952 54213 48064 32521 53289 47490 11930 37333 27277 36802 53912 27225 65772 24945 61394 27231 49608 64353 25 18694 32930 53504 28 3457 1144 52071 23341 63461 51127 44777 41854 48712 70048 17611 46108 2520 69449 6664 5267 44707 19573 30956 33864 13 51321 15634 64275 
objective: 109949131.398501

TB loop: Elapsed time: 48708 ms

p locations: 30 27 23 20 5 29474 19179 59506 59821 16637 70641 11 44560 9029 54474 53864 66514 64600 19726 5342 6571 35006 14 69737 62821 22689 36582 21791 63955 29518 35482 46277 4398 48594 25525 4848 62550 58761 35752 34482 3889 553 37528 29241 29622 37743 17 59834 19419 9467 16960 53446 18955 66072 25952 54213 48064 32521 53289 47490 37333 27277 36802 53912 27225 65772 24945 61394 27231 49608 64353 25 18694 32930 53504 28 3457 1144 52071 23341 63461 51127 44777 41854 48712 70048 17611 46108 2520 69449 6664 5267 44707 19573 30956 33864 13 51321 15634 64275 
objective: 109947490.402281

TB loop: Elapsed time: 51302 ms

p locations: 30 27 23 20 5 29474 19179 59506 59821 16637 70641 11 44560 9029 54474 53864 66514 64600 19726 5342 6571 35006 69737 62821 22689 36582 21791 63955 29518 35482 46277 4398 48594 25525 4848 62550 58761 35752 34482 3889 553 37528 31 29241 29622 37743 17 59834 19419 9467 16960 53446 18955 66072 25952 54213 48064 32521 53289 47490 37333 27277 36802 53912 27225 65772 24945 61394 27231 49608 64353 25 18694 32930 53504 28 3457 1144 52071 23341 63461 51127 44777 41854 48712 70048 17611 46108 2520 69449 6664 5267 44707 19573 30956 33864 13 51321 15634 64275 
objective: 109946335.141409

TB loop: Elapsed time: 50345 ms

p locations: 27 23 20 5 29474 19179 59506 59821 16637 70641 11 44560 12 9029 54474 53864 66514 64600 19726 5342 6571 35006 69737 62821 22689 36582 21791 63955 29518 35482 46277 4398 48594 25525 4848 62550 58761 35752 34482 3889 553 37528 31 29241 29622 37743 17 59834 19419 9467 16960 53446 18955 66072 25952 54213 48064 32521 53289 47490 37333 27277 36802 53912 27225 65772 24945 61394 27231 49608 64353 25 18694 32930 53504 28 3457 1144 52071 23341 63461 51127 44777 41854 48712 70048 17611 46108 2520 69449 6664 5267 44707 19573 30956 33864 13 51321 15634 64275 
objective: 109943683.647133

TB loop: Elapsed time: 25208 ms

p locations: 27 23 20 5 29474 19179 59506 59821 16637 70641 11 44560 9029 54474 53864 66514 64600 19726 5342 6571 35006 69737 62821 22689 36582 21791 63955 29518 35482 46277 4398 48594 25525 4848 62550 58761 35752 34482 3889 553 37528 31 29241 29622 37743 17 59834 19419 9467 16960 53446 32 18955 66072 25952 54213 48064 32521 53289 47490 37333 27277 36802 53912 27225 65772 24945 61394 27231 49608 64353 25 18694 32930 53504 28 3457 1144 52071 23341 63461 51127 44777 41854 48712 70048 17611 46108 2520 69449 6664 5267 44707 19573 30956 33864 13 51321 15634 64275 
objective: 109940390.58279

TB loop: Elapsed time: 52727 ms

p locations: 39 27 23 20 5 29474 19179 59506 59821 16637 70641 11 44560 9029 54474 53864 64600 19726 5342 6571 35006 69737 62821 22689 36582 21791 63955 29518 35482 46277 4398 48594 25525 4848 62550 58761 35752 34482 3889 553 37528 31 29241 29622 37743 17 59834 19419 9467 16960 53446 32 18955 66072 25952 54213 48064 32521 53289 47490 37333 27277 36802 53912 27225 65772 24945 61394 27231 49608 64353 25 18694 32930 53504 28 3457 1144 52071 23341 63461 51127 44777 41854 48712 70048 17611 46108 2520 69449 6664 5267 44707 19573 30956 33864 13 51321 15634 64275 
objective: 109593173.977686

TB loop: Elapsed time: 73604 ms

p locations: 40 39 27 23 20 5 29474 19179 59506 59821 16637 70641 11 44560 9029 54474 53864 64600 19726 5342 6571 35006 69737 62821 22689 36582 21791 63955 29518 35482 46277 4398 48594 25525 4848 62550 58761 35752 34482 3889 553 37528 31 29241 29622 37743 17 59834 19419 9467 16960 53446 32 18955 66072 25952 54213 48064 32521 53289 47490 37333 27277 36802 53912 27225 65772 24945 61394 27231 49608 64353 18694 32930 53504 28 3457 1144 52071 23341 63461 51127 44777 41854 48712 70048 17611 46108 2520 69449 6664 5267 44707 19573 30956 33864 13 51321 15634 64275 
objective: 109400154.734574

TB loop: Elapsed time: 72830 ms

p locations: 40 27 23 20 5 29474 19179 59506 59821 16637 70641 11 44560 9029 54474 53864 64600 41 19726 5342 6571 35006 69737 62821 22689 36582 21791 63955 29518 35482 46277 4398 48594 25525 4848 62550 58761 35752 34482 3889 553 37528 31 29241 29622 37743 17 59834 19419 9467 16960 53446 32 18955 66072 25952 54213 48064 32521 53289 47490 37333 27277 36802 53912 27225 65772 24945 61394 27231 49608 64353 18694 32930 53504 28 3457 1144 52071 23341 63461 51127 44777 41854 48712 70048 17611 46108 2520 69449 6664 5267 44707 19573 30956 33864 13 51321 15634 64275 
objective: 109024514.887622

TB loop: Elapsed time: 75516 ms

p locations: 42 40 27 23 20 5 29474 19179 59506 59821 16637 70641 11 44560 9029 54474 53864 64600 41 19726 5342 6571 35006 69737 62821 22689 36582 21791 63955 29518 35482 46277 4398 48594 25525 4848 62550 58761 35752 34482 3889 553 37528 31 29241 29622 37743 17 59834 19419 9467 16960 53446 18955 66072 25952 54213 48064 32521 53289 47490 37333 27277 36802 53912 27225 65772 24945 61394 27231 49608 64353 18694 32930 53504 28 3457 1144 52071 23341 63461 51127 44777 41854 48712 70048 17611 46108 2520 69449 6664 5267 44707 19573 30956 33864 13 51321 15634 64275 
objective: 109016791.52215

TB loop: Elapsed time: 77924 ms

p locations: 42 40 27 23 20 5 29474 19179 59506 59821 16637 70641 11 44560 9029 54474 53864 64600 41 19726 5342 6571 35006 69737 62821 22689 36582 21791 63955 29518 35482 46277 4398 48594 25525 4848 62550 58761 35752 34482 3889 553 37528 31 29241 29622 37743 59834 19419 9467 16960 53446 18955 66072 44 25952 54213 48064 32521 53289 47490 37333 27277 36802 53912 27225 65772 24945 61394 27231 49608 64353 18694 32930 53504 28 3457 1144 52071 23341 63461 51127 44777 41854 48712 70048 17611 46108 2520 69449 6664 5267 44707 19573 30956 33864 13 51321 15634 64275 
objective: 109014591.958436

TB loop: Elapsed time: 80646 ms

p locations: 57 42 40 27 23 20 5 29474 19179 59506 59821 16637 70641 11 44560 9029 54474 53864 64600 41 19726 5342 6571 35006 69737 62821 22689 36582 21791 63955 29518 35482 46277 4398 48594 25525 4848 62550 58761 35752 34482 3889 553 37528 31 29241 29622 37743 59834 19419 9467 16960 53446 18955 66072 44 25952 54213 48064 32521 53289 47490 27277 36802 53912 27225 65772 24945 61394 27231 49608 64353 18694 32930 53504 28 3457 1144 52071 23341 63461 51127 44777 41854 48712 70048 17611 46108 2520 69449 6664 5267 44707 19573 30956 33864 13 51321 15634 64275 
objective: 109006940.887966

TB loop: Elapsed time: 112820 ms

p locations: 57 42 40 27 23 20 5 29474 19179 59506 59821 16637 70641 11 44560 9029 54474 53864 64600 41 19726 5342 6571 35006 69737 62821 22689 36582 21791 63955 29518 35482 46277 4398 48594 25525 4848 62550 58761 35752 34482 3889 553 37528 29241 29622 37743 59834 19419 9467 16960 53446 18955 66072 44 25952 54213 58 48064 32521 53289 47490 27277 36802 53912 27225 65772 24945 61394 27231 49608 64353 18694 32930 53504 28 3457 1144 52071 23341 63461 51127 44777 41854 48712 70048 17611 46108 2520 69449 6664 5267 44707 19573 30956 33864 13 51321 15634 64275 
objective: 108804190.579395

TB loop: Elapsed time: 114489 ms

p locations: 66 57 42 40 27 23 20 5 29474 19179 59506 59821 16637 70641 11 44560 9029 54474 53864 64600 41 19726 5342 6571 35006 69737 62821 22689 36582 21791 63955 29518 35482 46277 4398 48594 25525 4848 58761 35752 34482 3889 553 37528 29241 29622 37743 59834 19419 9467 16960 53446 18955 66072 44 25952 54213 58 48064 32521 53289 47490 27277 36802 53912 27225 65772 24945 61394 27231 49608 64353 18694 32930 53504 28 3457 1144 52071 23341 63461 51127 44777 41854 48712 70048 17611 46108 2520 69449 6664 5267 44707 19573 30956 33864 13 51321 15634 64275 
objective: 108797524.774592

TB loop: Elapsed time: 132444 ms

p locations: 67 66 57 42 40 27 23 20 5 29474 19179 59821 16637 70641 11 44560 9029 54474 53864 64600 41 19726 5342 6571 35006 69737 62821 22689 36582 21791 63955 29518 35482 46277 4398 48594 25525 4848 58761 35752 34482 3889 553 37528 29241 29622 37743 59834 19419 9467 16960 53446 18955 66072 44 25952 54213 58 48064 32521 53289 47490 27277 36802 53912 27225 65772 24945 61394 27231 49608 64353 18694 32930 53504 28 3457 1144 52071 23341 63461 51127 44777 41854 48712 70048 17611 46108 2520 69449 6664 5267 44707 19573 30956 33864 13 51321 15634 64275 
objective: 108714652.822825

TB loop: Elapsed time: 132208 ms

p locations: 68 67 57 42 40 27 23 20 5 29474 19179 59821 16637 70641 11 44560 9029 54474 53864 64600 41 19726 5342 6571 35006 69737 62821 22689 36582 21791 63955 29518 35482 46277 4398 48594 25525 4848 58761 35752 34482 3889 553 37528 29241 29622 37743 59834 19419 9467 16960 53446 18955 66072 44 25952 54213 58 48064 32521 53289 47490 27277 36802 53912 27225 65772 24945 61394 27231 49608 64353 18694 32930 53504 28 3457 1144 52071 23341 63461 51127 44777 41854 48712 70048 17611 46108 2520 69449 6664 5267 44707 19573 30956 33864 13 51321 15634 64275 
objective: 108714392.066705

TB loop: Elapsed time: 131669 ms

p locations: 70 67 57 42 40 27 23 20 5 29474 19179 59821 16637 70641 11 44560 9029 54474 53864 64600 41 19726 5342 6571 35006 69737 62821 22689 36582 21791 63955 29518 35482 46277 4398 48594 25525 4848 58761 35752 34482 3889 553 37528 29241 29622 37743 59834 19419 9467 16960 53446 18955 66072 44 25952 54213 58 48064 32521 53289 47490 27277 36802 53912 27225 65772 24945 61394 27231 49608 64353 18694 32930 53504 28 3457 1144 52071 23341 63461 51127 44777 41854 48712 70048 17611 46108 2520 69449 6664 5267 44707 19573 30956 33864 13 51321 15634 64275 
objective: 108700783.58456

TB loop: Elapsed time: 136887 ms

p locations: 72 70 67 57 40 27 23 20 5 29474 19179 59821 16637 70641 11 44560 9029 54474 53864 64600 41 19726 5342 6571 35006 69737 62821 22689 36582 21791 63955 29518 35482 46277 4398 48594 25525 4848 58761 35752 34482 3889 553 37528 29241 29622 37743 59834 19419 9467 16960 53446 18955 66072 44 25952 54213 58 48064 32521 53289 47490 27277 36802 53912 27225 65772 24945 61394 27231 49608 64353 18694 32930 53504 28 3457 1144 52071 23341 63461 51127 44777 41854 48712 70048 17611 46108 2520 69449 6664 5267 44707 19573 30956 33864 13 51321 15634 64275 
objective: 108093201.586164

TB loop: Elapsed time: 141783 ms

p locations: 72 70 67 57 40 27 23 20 5 29474 19179 59821 16637 70641 11 44560 9029 54474 53864 64600 41 19726 5342 6571 35006 69737 62821 22689 36582 21791 63955 29518 35482 46277 4398 48594 25525 4848 58761 35752 34482 3889 553 37528 29241 29622 37743 59834 19419 9467 16960 53446 18955 66072 44 25952 54213 58 48064 32521 53289 47490 27277 36802 53912 27225 65772 24945 61394 27231 49608 64353 18694 32930 53504 28 3457 1144 52071 23341 63461 73 51127 44777 41854 48712 70048 17611 46108 2520 69449 6664 44707 19573 30956 33864 13 51321 15634 64275 
objective: 107995443.95469

TB loop: Elapsed time: 144644 ms

p locations: 75 72 70 67 57 40 27 23 20 5 29474 19179 59821 16637 70641 11 44560 9029 54474 53864 64600 41 19726 5342 6571 35006 69737 62821 22689 36582 21791 63955 29518 35482 46277 4398 48594 25525 4848 58761 35752 34482 3889 553 37528 29241 29622 37743 59834 19419 9467 16960 53446 18955 66072 44 25952 54213 58 48064 32521 53289 47490 27277 36802 53912 27225 65772 24945 61394 27231 49608 64353 18694 32930 53504 28 3457 1144 52071 23341 63461 51127 44777 41854 48712 70048 17611 46108 2520 69449 6664 44707 19573 30956 33864 13 51321 15634 64275 
objective: 107976937.332567

TB loop: Elapsed time: 146885 ms

p locations: 75 72 70 67 57 40 27 23 20 5 29474 19179 59821 16637 70641 11 44560 9029 54474 53864 64600 41 19726 5342 6571 35006 69737 62821 22689 36582 21791 63955 29518 35482 46277 4398 48594 25525 4848 58761 35752 34482 3889 553 37528 29241 29622 37743 59834 19419 9467 16960 53446 18955 66072 44 25952 54213 58 48064 32521 53289 47490 27277 53912 27225 65772 24945 61394 27231 78 49608 64353 18694 32930 53504 28 3457 1144 52071 23341 63461 51127 44777 41854 48712 70048 17611 46108 2520 69449 6664 44707 19573 30956 33864 13 51321 15634 64275 
objective: 107957483.685107

TB loop: Elapsed time: 154623 ms

p locations: 75 72 70 67 57 40 27 23 20 5 29474 19179 59821 16637 70641 11 44560 9029 54474 53864 64600 41 19726 5342 6571 35006 69737 62821 22689 36582 21791 63955 29518 35482 46277 80 4398 48594 25525 4848 58761 35752 34482 3889 553 37528 29241 29622 37743 59834 19419 9467 16960 53446 18955 66072 44 25952 54213 48064 32521 53289 47490 27277 53912 27225 65772 24945 61394 27231 78 49608 64353 18694 32930 53504 28 3457 1144 52071 23341 63461 51127 44777 41854 48712 70048 17611 46108 2520 69449 6664 44707 19573 30956 33864 13 51321 15634 64275 
objective: 107884514.743246

TB loop: Elapsed time: 156875 ms

p locations: 75 72 70 67 57 40 27 23 20 5 29474 19179 59821 16637 70641 11 44560 12 9029 54474 53864 64600 41 19726 5342 6571 35006 69737 62821 22689 36582 21791 63955 29518 35482 46277 80 4398 48594 25525 4848 58761 35752 34482 3889 553 37528 29241 29622 37743 59834 19419 9467 16960 53446 18955 66072 44 25952 54213 48064 32521 53289 47490 27277 53912 27225 65772 24945 61394 27231 49608 64353 18694 32930 53504 28 3457 1144 52071 23341 63461 51127 44777 41854 48712 70048 17611 46108 2520 69449 6664 44707 19573 30956 33864 13 51321 15634 64275 
objective: 107884421.327944

TB loop: Elapsed time: 25779 ms

p locations: 75 72 70 67 57 40 27 23 20 5 29474 19179 59821 16637 70641 11 44560 9029 54474 53864 64600 41 19726 5342 6571 35006 14 69737 62821 22689 36582 21791 63955 29518 35482 46277 80 4398 48594 25525 4848 58761 35752 34482 3889 553 37528 29241 29622 37743 59834 19419 9467 16960 53446 18955 66072 44 25952 54213 48064 32521 53289 47490 27277 53912 27225 65772 24945 61394 27231 49608 64353 18694 32930 53504 28 3457 1144 52071 23341 63461 51127 44777 41854 48712 70048 17611 46108 2520 69449 6664 44707 19573 30956 33864 13 51321 15634 64275 
objective: 107884146.630049

TB loop: Elapsed time: 25701 ms

p locations: 75 72 70 67 57 40 27 23 20 5 29474 19179 59821 16637 70641 11 44560 9029 54474 53864 64600 41 19726 5342 6571 35006 69737 62821 22689 36582 21791 63955 29518 35482 46277 80 4398 48594 25525 4848 58761 35752 34482 3889 553 37528 31 29241 29622 37743 59834 19419 9467 16960 53446 18955 66072 44 25952 54213 48064 32521 53289 47490 27277 53912 27225 65772 24945 61394 27231 49608 64353 18694 32930 53504 28 3457 1144 52071 23341 63461 51127 44777 41854 48712 70048 17611 46108 2520 69449 6664 44707 19573 30956 33864 13 51321 15634 64275 
objective: 107882650.535988

TB loop: Elapsed time: 58200 ms

p locations: 75 72 70 67 57 40 27 23 20 5 29474 19179 59821 16637 70641 11 44560 9029 54474 53864 64600 41 19726 5342 6571 35006 69737 62821 22689 36582 21791 63955 29518 35482 46277 80 4398 48594 25525 4848 58761 35752 34482 3889 553 37528 29241 29622 37743 59834 19419 9467 16960 53446 18955 66072 44 25952 54213 48064 32521 53289 47490 27277 53912 27225 65772 24945 61394 27231 49608 64353 18694 32930 53504 28 3457 1144 52071 23341 63461 51127 44777 71 41854 48712 70048 17611 46108 2520 69449 6664 44707 19573 30956 33864 13 51321 15634 64275 
objective: 107880498.009354

TB loop: Elapsed time: 142023 ms

p locations: 75 72 70 67 57 40 27 23 20 5 29474 19179 59821 16637 70641 11 44560 9029 54474 53864 64600 41 19726 5342 6571 81 35006 69737 62821 22689 36582 21791 63955 29518 35482 46277 4398 48594 25525 4848 58761 35752 34482 3889 553 37528 29241 29622 37743 59834 19419 9467 16960 53446 18955 66072 44 25952 54213 48064 32521 53289 47490 27277 53912 27225 65772 24945 61394 27231 49608 64353 18694 32930 53504 28 3457 1144 52071 23341 63461 51127 44777 71 41854 48712 70048 17611 46108 2520 69449 6664 44707 19573 30956 33864 13 51321 15634 64275 
objective: 107878625.467201

TB loop: Elapsed time: 159781 ms

p locations: 86 75 72 70 67 57 40 27 23 20 5 29474 19179 59821 16637 70641 11 44560 9029 54474 53864 64600 41 19726 5342 6571 81 35006 69737 62821 22689 36582 21791 63955 29518 35482 46277 4398 48594 25525 4848 58761 35752 34482 3889 553 37528 29241 29622 37743 59834 19419 9467 16960 53446 18955 66072 44 25952 54213 48064 32521 53289 47490 27277 53912 27225 65772 24945 61394 27231 49608 64353 18694 32930 53504 28 3457 1144 52071 23341 63461 51127 44777 41854 48712 70048 17611 46108 2520 69449 6664 44707 19573 30956 33864 13 51321 15634 64275 
objective: 107866960.444258

TB loop: Elapsed time: 167487 ms

p locations: 86 75 72 70 67 57 40 27 23 20 5 29474 19179 59821 16637 70641 11 44560 9029 54474 53864 64600 41 19726 5342 6571 81 35006 69737 62821 22689 36582 21791 63955 29518 35482 46277 4398 48594 25525 4848 58761 35752 34482 3889 553 37528 29241 29622 37743 59834 19419 9467 16960 53446 18955 66072 44 25952 54213 48064 32521 53289 47490 27277 53912 27225 65772 24945 61394 27231 49608 64353 18694 32930 53504 28 3457 1144 52071 23341 63461 51127 44777 41854 48712 70048 46108 2520 69449 6664 44707 19573 95 30956 33864 13 51321 15634 64275 
objective: 107847134.007175

TB loop: Elapsed time: 186294 ms

p locations: 96 86 75 72 70 67 57 40 27 20 5 29474 19179 59821 16637 70641 11 44560 9029 54474 53864 64600 41 19726 5342 6571 81 35006 69737 62821 22689 36582 21791 63955 29518 35482 46277 4398 48594 25525 4848 58761 35752 34482 3889 553 37528 29241 29622 37743 59834 19419 9467 16960 53446 18955 66072 44 25952 54213 48064 32521 53289 47490 27277 53912 27225 65772 24945 61394 27231 49608 64353 18694 32930 53504 28 3457 1144 52071 23341 63461 51127 44777 41854 48712 70048 46108 2520 69449 6664 44707 19573 95 30956 33864 13 51321 15634 64275 
objective: 107827744.474115

TB loop: Elapsed time: 192965 ms

p locations: 98 86 75 72 70 67 57 40 27 20 5 29474 19179 59821 16637 70641 11 44560 9029 54474 53864 64600 41 19726 5342 6571 81 35006 69737 62821 22689 36582 21791 63955 29518 35482 46277 4398 48594 25525 4848 58761 35752 34482 3889 553 37528 29241 29622 37743 59834 19419 9467 16960 53446 18955 66072 44 25952 54213 48064 32521 53289 47490 27277 53912 27225 65772 24945 61394 27231 49608 64353 18694 32930 53504 28 3457 1144 52071 23341 63461 51127 44777 41854 48712 70048 46108 2520 69449 6664 44707 19573 95 30956 33864 13 51321 15634 64275 
objective: 107812504.540068

TB loop: Elapsed time: 193750 ms

p locations: 98 86 75 72 70 67 57 40 27 20 5 29474 19179 59821 16637 70641 11 44560 9029 54474 53864 64600 41 19726 5342 6571 81 35006 69737 62821 22689 36582 21791 63955 29518 35482 46277 4398 48594 25525 4848 58761 35752 34482 3889 553 37528 29241 29622 37743 59834 19419 9467 16960 53446 18955 66072 44 25952 54213 48064 32521 53289 47490 27277 53912 27225 65772 24945 61394 27231 49608 64353 18694 32930 53504 3457 1144 52071 100 23341 63461 51127 44777 41854 48712 70048 46108 2520 69449 6664 44707 19573 95 30956 33864 13 51321 15634 64275 
objective: 107809513.448577

TB loop: Elapsed time: 193952 ms

p locations: 98 86 75 72 70 67 57 40 27 20 5 29474 19179 59821 16637 70641 11 110 44560 9029 54474 53864 64600 41 19726 5342 6571 81 35006 69737 62821 22689 36582 21791 29518 35482 46277 4398 48594 25525 4848 58761 35752 34482 3889 553 37528 29241 29622 37743 59834 19419 9467 16960 53446 18955 66072 44 25952 54213 48064 32521 53289 47490 27277 53912 27225 65772 24945 61394 27231 49608 64353 18694 32930 53504 3457 1144 52071 100 23341 63461 51127 44777 41854 48712 70048 46108 2520 69449 6664 44707 19573 95 30956 33864 13 51321 15634 64275 
objective: 107797825.562553

TB loop: Elapsed time: 218704 ms

p locations: 98 86 75 72 70 67 57 40 27 20 5 29474 19179 59821 16637 70641 11 110 44560 9029 54474 53864 64600 41 19726 5342 6571 81 35006 69737 62821 22689 36582 21791 29518 35482 46277 48594 25525 4848 58761 35752 34482 3889 553 37528 29241 29622 37743 59834 19419 9467 16960 53446 18955 66072 44 25952 54213 48064 32521 53289 47490 27277 53912 27225 113 65772 24945 61394 27231 49608 64353 18694 32930 53504 3457 1144 52071 100 23341 63461 51127 44777 41854 48712 70048 46108 2520 69449 6664 44707 19573 95 30956 33864 13 51321 15634 64275 
objective: 107772029.288737

TB loop: Elapsed time: 222505 ms

p locations: 114 98 86 75 72 70 67 57 40 27 20 5 29474 19179 59821 16637 70641 11 110 44560 9029 54474 53864 64600 41 19726 5342 6571 81 35006 69737 62821 22689 36582 21791 29518 35482 46277 48594 25525 4848 58761 35752 34482 3889 553 37528 29241 29622 37743 59834 19419 9467 16960 53446 18955 66072 25952 54213 48064 32521 53289 47490 27277 53912 27225 113 65772 24945 61394 27231 49608 64353 18694 32930 53504 3457 1144 52071 100 23341 63461 51127 44777 41854 48712 70048 46108 2520 69449 6664 44707 19573 95 30956 33864 13 51321 15634 64275 
objective: 107754138.867963

TB loop: Elapsed time: 223055 ms

p locations: 114 86 75 72 70 67 57 40 27 20 5 29474 19179 59821 16637 70641 11 110 44560 9029 54474 53864 64600 41 19726 5342 6571 81 35006 69737 62821 22689 36582 21791 29518 35482 46277 48594 25525 4848 58761 35752 34482 3889 553 37528 29241 29622 37743 59834 19419 9467 16960 53446 18955 66072 25952 54213 48064 32521 53289 47490 27277 53912 27225 113 65772 24945 61394 27231 49608 64353 18694 32930 53504 3457 128 1144 52071 100 23341 63461 51127 44777 41854 48712 70048 46108 2520 69449 6664 44707 19573 95 30956 33864 13 51321 15634 64275 
objective: 107744342.233443

TB loop: Elapsed time: 257174 ms

p locations: 114 86 75 72 70 67 57 40 27 20 5 29474 19179 131 59821 16637 70641 11 110 44560 9029 54474 53864 64600 41 19726 5342 6571 81 35006 69737 62821 22689 36582 21791 29518 35482 46277 48594 25525 4848 58761 35752 34482 3889 553 37528 29241 29622 37743 59834 19419 9467 16960 53446 18955 66072 25952 54213 48064 32521 53289 47490 27277 53912 27225 113 65772 24945 61394 27231 49608 64353 18694 32930 53504 3457 128 1144 52071 23341 63461 51127 44777 41854 48712 70048 46108 2520 69449 6664 44707 19573 95 30956 33864 13 51321 15634 64275 
objective: 107733342.565125

TB loop: Elapsed time: 265022 ms

p locations: 114 86 75 72 70 67 57 40 27 20 5 137 29474 19179 131 59821 16637 70641 11 110 44560 9029 54474 53864 64600 19726 5342 6571 81 35006 69737 62821 22689 36582 21791 29518 35482 46277 48594 25525 4848 58761 35752 34482 3889 553 37528 29241 29622 37743 59834 19419 9467 16960 53446 18955 66072 25952 54213 48064 32521 53289 47490 27277 53912 27225 113 65772 24945 61394 27231 49608 64353 18694 32930 53504 3457 128 1144 52071 23341 63461 51127 44777 41854 48712 70048 46108 2520 69449 6664 44707 19573 95 30956 33864 13 51321 15634 64275 
objective: 107706623.392185

TB loop: Elapsed time: 279108 ms

p locations: 114 86 75 72 70 67 57 40 27 20 5 137 29474 19179 131 59821 16637 70641 11 44560 9029 54474 53864 64600 19726 5342 6571 81 35006 69737 62821 22689 36582 21791 29518 35482 46277 48594 25525 4848 58761 35752 34482 3889 553 37528 29241 29622 37743 59834 19419 9467 16960 53446 18955 66072 25952 54213 48064 32521 53289 47490 27277 53912 27225 113 65772 24945 61394 27231 49608 64353 18694 32930 53504 28 3457 128 1144 52071 23341 63461 51127 44777 41854 48712 70048 46108 2520 69449 6664 44707 19573 95 30956 33864 13 51321 15634 64275 
objective: 107701325.946436

TB loop: Elapsed time: 56794 ms

p locations: 114 86 75 72 70 67 57 40 27 20 5 137 29474 19179 131 59821 16637 70641 11 44560 9029 54474 53864 64600 19726 5342 6571 81 35006 69737 62821 22689 36582 21791 29518 35482 46277 48594 25525 4848 58761 35752 34482 3889 553 37528 29241 29622 37743 59834 19419 9467 16960 106 53446 18955 66072 25952 54213 48064 32521 53289 47490 27277 53912 27225 113 65772 24945 61394 27231 49608 64353 18694 32930 53504 3457 128 1144 52071 23341 63461 51127 44777 41854 48712 70048 46108 2520 69449 6664 44707 19573 95 30956 33864 13 51321 15634 64275 
objective: 107696181.558872

TB loop: Elapsed time: 215119 ms

p locations: 114 86 75 72 70 67 57 40 27 20 5 137 29474 19179 131 59821 16637 70641 11 44560 9029 54474 53864 64600 19726 5342 6571 81 35006 69737 62821 22689 36582 21791 29518 35482 46277 48594 25525 4848 58761 35752 34482 3889 553 37528 29241 29622 37743 59834 19419 9467 16960 53446 18955 66072 25952 54213 48064 136 32521 53289 47490 27277 53912 27225 113 65772 24945 61394 27231 49608 64353 18694 32930 53504 3457 128 1144 52071 23341 63461 51127 44777 41854 48712 70048 46108 2520 69449 6664 44707 19573 95 30956 33864 13 51321 15634 64275 
objective: 107694162.880897

TB loop: Elapsed time: 280277 ms

p locations: 114 86 75 72 70 67 57 40 27 20 5 29474 19179 131 59821 16637 70641 11 44560 139 9029 54474 53864 64600 19726 5342 6571 81 35006 69737 62821 22689 36582 21791 29518 35482 46277 48594 25525 4848 58761 35752 34482 3889 553 37528 29241 29622 37743 59834 19419 9467 16960 53446 18955 66072 25952 54213 48064 136 32521 53289 47490 27277 53912 27225 113 65772 24945 61394 27231 49608 64353 18694 32930 53504 3457 128 1144 52071 23341 63461 51127 44777 41854 48712 70048 46108 2520 69449 6664 44707 19573 95 30956 33864 13 51321 15634 64275 
objective: 107661533.247917

TB loop: Elapsed time: 284446 ms

p locations: 148 114 86 72 70 67 57 40 27 20 5 29474 19179 131 59821 16637 70641 11 44560 139 9029 54474 53864 64600 19726 5342 6571 81 35006 69737 62821 22689 36582 21791 29518 35482 46277 48594 25525 4848 58761 35752 34482 3889 553 37528 29241 29622 37743 59834 19419 9467 16960 53446 18955 66072 25952 54213 48064 136 32521 53289 47490 27277 53912 27225 113 65772 24945 61394 27231 49608 64353 18694 32930 53504 3457 128 1144 52071 23341 63461 51127 44777 41854 48712 70048 46108 2520 69449 6664 44707 19573 95 30956 33864 13 51321 15634 64275 
objective: 107653245.811308

TB loop: Elapsed time: 306843 ms

p locations: 150 114 86 72 70 67 57 40 27 20 5 29474 19179 131 59821 16637 70641 11 44560 139 9029 54474 53864 64600 19726 5342 6571 81 35006 69737 62821 22689 36582 21791 29518 35482 46277 48594 25525 4848 58761 35752 34482 3889 553 37528 29241 29622 37743 59834 19419 9467 16960 53446 18955 66072 25952 54213 48064 136 32521 53289 47490 27277 53912 27225 113 65772 24945 61394 27231 49608 64353 18694 32930 53504 3457 128 1144 52071 23341 63461 51127 44777 41854 48712 70048 46108 2520 69449 6664 44707 19573 95 30956 33864 13 51321 15634 64275 
objective: 107647403.043079

TB loop: Elapsed time: 313308 ms

p locations: 150 114 86 72 70 67 57 40 27 20 5 29474 19179 131 59821 16637 70641 11 44560 139 9029 54474 53864 64600 19726 5342 6571 35006 69737 62821 22689 36582 21791 29518 35482 46277 80 48594 25525 4848 58761 35752 34482 3889 553 37528 29241 29622 37743 59834 19419 9467 16960 53446 18955 66072 25952 54213 48064 136 32521 53289 47490 27277 53912 27225 113 65772 24945 61394 27231 49608 64353 18694 32930 53504 3457 128 1144 52071 23341 63461 51127 44777 41854 48712 70048 46108 2520 69449 6664 44707 19573 95 30956 33864 13 51321 15634 64275 
objective: 107647200.290796

TB loop: Elapsed time: 168578 ms

p locations: 150 114 86 72 70 67 57 40 27 20 5 29474 19179 131 59821 16637 70641 11 44560 139 9029 54474 53864 64600 168 19726 5342 6571 35006 69737 62821 22689 36582 21791 29518 35482 46277 80 48594 25525 4848 58761 35752 34482 3889 37528 29241 29622 37743 59834 19419 9467 16960 53446 18955 66072 25952 54213 48064 136 32521 53289 47490 27277 53912 27225 113 65772 24945 61394 27231 49608 64353 18694 32930 53504 3457 128 1144 52071 23341 63461 51127 44777 41854 48712 70048 46108 2520 69449 6664 44707 19573 95 30956 33864 13 51321 15634 64275 
objective: 107643688.570825

TB loop: Elapsed time: 357492 ms

p locations: 163 150 114 86 72 70 67 57 40 27 20 5 29474 19179 131 59821 16637 70641 11 44560 139 9029 54474 53864 64600 168 19726 5342 6571 35006 69737 62821 22689 36582 21791 29518 35482 46277 80 48594 25525 4848 58761 35752 34482 3889 37528 29241 29622 37743 59834 19419 9467 16960 53446 18955 66072 25952 54213 48064 136 32521 53289 47490 27277 53912 27225 65772 24945 61394 27231 49608 64353 18694 32930 53504 3457 128 1144 52071 23341 63461 51127 44777 41854 48712 70048 46108 2520 69449 6664 44707 19573 95 30956 33864 13 51321 15634 64275 
objective: 107641276.802856

TB loop: Elapsed time: 344383 ms

p locations: 163 150 114 86 72 70 67 57 40 27 20 5 29474 19179 131 59821 16637 70641 11 44560 139 9029 54474 53864 64600 168 19726 5342 6571 35006 69737 62821 22689 36582 21791 29518 176 35482 46277 80 48594 25525 4848 58761 35752 34482 3889 37528 29241 29622 37743 59834 19419 9467 16960 53446 18955 66072 25952 54213 48064 136 32521 53289 47490 27277 53912 27225 65772 24945 61394 27231 49608 64353 18694 32930 53504 3457 128 1144 52071 23341 63461 51127 44777 41854 48712 70048 46108 2520 69449 6664 44707 19573 95 30956 13 51321 15634 64275 
objective: 107611263.86344

TB loop: Elapsed time: 370907 ms

p locations: 163 150 114 86 72 70 194 67 57 40 27 20 5 29474 19179 131 59821 16637 70641 11 44560 139 9029 54474 53864 64600 168 19726 5342 6571 35006 69737 62821 22689 36582 21791 29518 176 35482 46277 80 48594 25525 4848 58761 35752 34482 3889 37528 29241 29622 37743 59834 19419 9467 16960 53446 18955 66072 25952 54213 48064 32521 53289 47490 27277 53912 27225 65772 24945 61394 27231 49608 64353 18694 32930 53504 3457 128 1144 52071 23341 63461 51127 44777 41854 48712 70048 46108 2520 69449 6664 44707 19573 95 30956 13 51321 15634 64275 
objective: 107609581.628372

TB loop: Elapsed time: 413543 ms

p locations: 163 150 114 86 72 197 70 67 57 40 27 20 5 29474 19179 131 59821 16637 70641 11 44560 139 9029 54474 53864 64600 168 19726 5342 6571 35006 69737 62821 22689 36582 21791 29518 176 35482 46277 80 48594 25525 4848 58761 35752 34482 3889 37528 29241 29622 37743 59834 19419 9467 16960 53446 18955 66072 25952 54213 48064 32521 53289 47490 27277 53912 27225 65772 24945 61394 27231 49608 64353 18694 32930 53504 3457 128 1144 52071 23341 63461 51127 44777 41854 48712 70048 46108 2520 69449 6664 44707 19573 95 30956 13 51321 15634 64275 
objective: 107601927.407768

TB loop: Elapsed time: 420336 ms

p locations: 163 150 114 86 72 197 70 67 57 40 27 20 5 29474 19179 131 59821 16637 70641 11 44560 139 9029 54474 53864 64600 19726 5342 6571 35006 69737 62821 22689 36582 21791 29518 176 35482 46277 80 48594 25525 4848 58761 35752 34482 3889 37528 29241 29622 37743 59834 19419 9467 16960 53446 18955 66072 25952 54213 48064 32521 53289 47490 27277 53912 27225 65772 24945 61394 27231 49608 64353 18694 32930 53504 3457 128 1144 52071 23341 63461 200 51127 44777 41854 48712 70048 46108 2520 69449 6664 44707 19573 95 30956 13 51321 15634 64275 
objective: 107601497.974515

TB loop: Elapsed time: 428283 ms

p locations: 163 150 114 86 72 197 70 67 57 40 27 20 5 29474 19179 131 59821 16637 70641 11 44560 139 9029 54474 53864 64600 19726 5342 6571 35006 69737 62821 22689 36582 21791 29518 176 35482 46277 80 48594 25525 4848 58761 35752 34482 3889 37528 29241 29622 37743 59834 19419 9467 16960 53446 18955 66072 25952 54213 48064 32521 203 53289 47490 27277 53912 27225 65772 24945 61394 27231 49608 64353 18694 32930 53504 3457 128 1144 52071 23341 63461 51127 44777 41854 48712 70048 46108 2520 69449 6664 44707 19573 95 30956 13 51321 15634 64275 
objective: 107600561.500644

TB loop: Elapsed time: 436342 ms

p locations: 150 114 86 72 197 70 67 57 40 27 20 5 29474 19179 131 59821 16637 70641 11 44560 139 9029 54474 53864 64600 19726 5342 6571 35006 69737 62821 22689 36582 21791 29518 176 35482 46277 80 48594 25525 4848 214 58761 35752 34482 3889 37528 29241 29622 37743 59834 19419 9467 16960 53446 18955 66072 25952 54213 48064 32521 203 53289 47490 27277 53912 27225 65772 24945 61394 27231 49608 64353 18694 32930 53504 3457 128 1144 52071 23341 63461 51127 44777 41854 48712 70048 46108 2520 69449 6664 44707 19573 95 30956 13 51321 15634 64275 
objective: 107593170.761293

TB loop: Elapsed time: 463329 ms

p locations: 150 114 86 72 197 67 57 40 27 20 5 29474 19179 131 59821 16637 70641 11 44560 139 9029 54474 53864 64600 19726 5342 6571 35006 69737 62821 22689 36582 21791 29518 176 35482 46277 80 48594 25525 4848 214 58761 35752 34482 3889 37528 29241 29622 37743 59834 19419 9467 16960 53446 18955 66072 25952 238 54213 48064 32521 203 53289 47490 27277 53912 27225 65772 24945 61394 27231 49608 64353 18694 32930 53504 3457 128 1144 52071 23341 63461 51127 44777 41854 48712 70048 46108 2520 69449 6664 44707 19573 95 30956 13 51321 15634 64275 
objective: 107591368.576394

TB loop: Elapsed time: 517391 ms

p locations: 150 114 86 72 197 67 57 40 27 20 5 29474 19179 131 59821 16637 70641 11 44560 139 9029 54474 53864 64600 19726 5342 6571 35006 69737 62821 22689 36582 21791 29518 176 35482 46277 80 48594 25525 4848 214 58761 35752 34482 3889 37528 29241 29622 37743 59834 19419 9467 16960 106 53446 18955 66072 25952 238 54213 48064 32521 203 53289 47490 27277 53912 27225 65772 24945 61394 27231 49608 64353 18694 32930 53504 3457 128 1144 52071 23341 63461 51127 44777 41854 48712 70048 46108 2520 69449 6664 44707 19573 95 30956 13 15634 64275 
objective: 107587692.371791

TB loop: Elapsed time: 223381 ms

p locations: 150 114 86 72 197 67 57 40 27 20 5 29474 19179 131 59821 16637 70641 11 44560 139 9029 54474 53864 64600 19726 5342 6571 35006 69737 62821 22689 36582 21791 29518 176 35482 46277 80 48594 25525 4848 214 58761 35752 34482 3889 37528 29241 29622 37743 59834 19419 9467 16960 53446 18955 66072 25952 238 54213 48064 136 32521 203 53289 47490 27277 53912 27225 65772 24945 61394 27231 49608 64353 18694 32930 53504 3457 128 1144 52071 23341 63461 51127 44777 41854 48712 70048 46108 2520 69449 6664 44707 19573 95 30956 13 15634 64275 
objective: 107584498.888932

TB loop: Elapsed time: 288427 ms

p locations: 150 114 86 72 197 67 57 40 27 20 5 29474 19179 131 59821 16637 70641 11 44560 139 9029 54474 53864 64600 19726 5342 6571 35006 69737 62821 22689 36582 21791 29518 176 35482 46277 80 48594 25525 4848 214 58761 35752 34482 3889 37528 29241 29622 37743 59834 19419 9467 16960 53446 18955 66072 25952 238 54213 48064 136 32521 203 53289 47490 27277 53912 27225 65772 24945 61394 27231 49608 64353 18694 32930 53504 3457 128 1144 52071 23341 63461 51127 44777 41854 48712 70048 261 46108 2520 69449 6664 44707 19573 30956 13 15634 64275 
objective: 107567530.595909

TB loop: Elapsed time: 569980 ms

p locations: 150 114 86 72 197 67 57 40 27 20 5 29474 19179 131 59821 16637 70641 44560 139 9029 54474 53864 64600 19726 262 5342 6571 35006 69737 62821 22689 36582 21791 29518 176 35482 46277 80 48594 25525 4848 214 58761 35752 34482 3889 37528 29241 29622 37743 59834 19419 9467 16960 53446 18955 66072 25952 238 54213 48064 136 32521 203 53289 47490 27277 53912 27225 65772 24945 61394 27231 49608 64353 18694 32930 53504 3457 128 1144 52071 23341 63461 51127 44777 41854 48712 70048 261 46108 2520 69449 6664 44707 19573 30956 13 15634 64275 
objective: 107543546.643521

TB loop: Elapsed time: 572456 ms

p locations: 150 114 86 72 197 67 57 40 27 20 5 29474 19179 131 59821 16637 70641 44560 139 9029 54474 53864 64600 19726 262 5342 6571 35006 69737 62821 22689 36582 21791 29518 176 35482 46277 80 48594 25525 4848 214 58761 35752 34482 3889 37528 29241 29622 37743 59834 19419 9467 16960 53446 18955 66072 25952 238 54213 48064 136 32521 203 53289 47490 27277 53912 27225 65772 24945 61394 27231 49608 64353 18694 32930 53504 28 3457 128 1144 52071 23341 63461 51127 44777 41854 48712 70048 46108 2520 69449 6664 44707 19573 30956 13 15634 64275 
objective: 107541990.238487

TB loop: Elapsed time: 59747 ms

p locations: 150 114 86 72 70 197 67 57 40 27 20 5 29474 19179 131 59821 16637 70641 44560 139 9029 54474 53864 64600 19726 262 5342 6571 35006 69737 62821 22689 36582 21791 29518 176 35482 46277 80 48594 25525 4848 214 58761 35752 34482 3889 37528 29241 29622 37743 59834 19419 9467 16960 53446 18955 66072 25952 238 54213 48064 136 32521 203 53289 47490 27277 53912 27225 65772 24945 61394 27231 49608 64353 18694 32930 53504 3457 128 1144 52071 23341 63461 51127 44777 41854 48712 70048 46108 2520 69449 6664 44707 19573 30956 13 15634 64275 
objective: 107541363.063733

TB loop: Elapsed time: 149089 ms

p locations: 150 114 86 72 197 67 57 40 27 20 5 29474 19179 131 59821 16637 70641 44560 139 9029 54474 53864 64600 19726 262 5342 6571 35006 69737 62821 22689 36582 21791 29518 176 35482 46277 80 48594 25525 4848 214 58761 35752 34482 3889 37528 29241 29622 37743 59834 19419 9467 16960 106 53446 18955 66072 25952 238 54213 48064 136 32521 203 53289 47490 27277 53912 27225 65772 24945 61394 27231 49608 64353 18694 32930 53504 3457 128 1144 52071 23341 63461 51127 44777 41854 48712 70048 46108 2520 69449 6664 44707 19573 30956 13 15634 64275 
objective: 107536845.850923

TB loop: Elapsed time: 225736 ms

p locations: 289 150 114 86 72 197 67 57 40 27 20 5 29474 19179 131 59821 16637 70641 44560 139 9029 54474 53864 64600 19726 262 5342 6571 35006 69737 62821 22689 36582 21791 29518 176 35482 46277 80 48594 25525 4848 214 58761 35752 34482 3889 37528 29241 29622 37743 59834 19419 9467 16960 53446 18955 66072 25952 238 54213 48064 136 32521 203 53289 47490 27277 53912 27225 65772 24945 61394 27231 49608 64353 18694 32930 53504 3457 128 1144 52071 23341 63461 51127 44777 41854 48712 70048 46108 2520 69449 6664 44707 19573 30956 13 15634 64275 
objective: 107536444.137964

TB loop: Elapsed time: 643380 ms

p locations: 293 150 114 86 72 197 67 57 40 27 20 5 29474 19179 131 59821 16637 70641 44560 139 9029 54474 53864 64600 19726 262 5342 6571 35006 69737 62821 22689 36582 21791 29518 176 35482 46277 80 48594 25525 4848 214 58761 35752 34482 3889 37528 29241 29622 37743 59834 19419 9467 16960 53446 18955 66072 25952 238 54213 48064 136 32521 203 53289 47490 27277 53912 27225 65772 24945 61394 27231 49608 64353 18694 32930 53504 3457 128 1144 52071 23341 63461 51127 44777 41854 48712 70048 46108 2520 69449 6664 44707 19573 30956 13 15634 64275 
objective: 107527502.763055

TB loop: Elapsed time: 650073 ms

p locations: 304 293 150 86 72 197 67 57 40 27 20 5 29474 19179 131 59821 16637 70641 44560 139 9029 54474 53864 64600 19726 262 5342 6571 35006 69737 62821 22689 36582 21791 29518 176 35482 46277 80 48594 25525 4848 214 58761 35752 34482 3889 37528 29241 29622 37743 59834 19419 9467 16960 53446 18955 66072 25952 238 54213 48064 136 32521 203 53289 47490 27277 53912 27225 65772 24945 61394 27231 49608 64353 18694 32930 53504 3457 128 1144 52071 23341 63461 51127 44777 41854 48712 70048 46108 2520 69449 6664 44707 19573 30956 13 15634 64275 
objective: 107524747.577802

TB loop: Elapsed time: 674852 ms

p locations: 310 304 293 150 86 72 67 57 40 27 20 5 29474 19179 131 59821 16637 70641 44560 139 9029 54474 53864 64600 19726 262 5342 6571 35006 69737 62821 22689 36582 21791 29518 176 35482 46277 80 48594 25525 4848 214 58761 35752 34482 3889 37528 29241 29622 37743 59834 19419 9467 16960 53446 18955 66072 25952 238 54213 48064 136 32521 203 53289 47490 27277 53912 27225 65772 24945 61394 27231 49608 64353 18694 32930 53504 3457 128 1144 52071 23341 63461 51127 44777 41854 48712 70048 46108 2520 69449 6664 44707 19573 30956 13 15634 64275 
objective: 107513103.833121

TB loop: Elapsed time: 687185 ms

p locations: 316 304 293 150 86 72 67 57 40 27 20 5 29474 19179 131 59821 16637 70641 44560 139 9029 54474 53864 64600 19726 262 5342 6571 35006 69737 62821 22689 36582 21791 29518 176 35482 46277 80 48594 25525 4848 214 58761 35752 34482 3889 37528 29241 29622 37743 59834 19419 9467 16960 53446 18955 66072 25952 238 54213 48064 136 32521 203 53289 47490 27277 53912 27225 65772 24945 61394 27231 49608 64353 18694 32930 53504 3457 128 1144 52071 23341 63461 51127 44777 41854 48712 70048 46108 2520 69449 6664 44707 19573 30956 13 15634 64275 
objective: 107509979.492699

TB loop: Elapsed time: 702284 ms

p locations: 316 304 293 86 72 321 67 57 40 27 20 5 29474 19179 131 59821 16637 70641 44560 139 9029 54474 53864 64600 19726 262 5342 6571 35006 69737 62821 22689 36582 21791 29518 176 35482 46277 80 48594 25525 4848 214 58761 35752 34482 3889 37528 29241 29622 37743 59834 19419 9467 16960 53446 18955 66072 25952 238 54213 48064 136 32521 203 53289 47490 27277 53912 27225 65772 24945 61394 27231 49608 64353 18694 32930 53504 3457 128 1144 52071 23341 63461 51127 44777 41854 48712 70048 46108 2520 69449 6664 44707 19573 30956 13 15634 64275 
objective: 107503295.390607

TB loop: Elapsed time: 714760 ms

p locations: 322 316 304 293 86 72 67 57 40 27 20 5 29474 19179 131 59821 16637 70641 44560 139 9029 54474 53864 64600 19726 262 5342 6571 35006 69737 62821 22689 36582 21791 29518 176 35482 46277 80 48594 25525 4848 214 58761 35752 34482 3889 37528 29241 29622 37743 59834 19419 9467 16960 53446 18955 66072 25952 238 54213 48064 136 32521 203 53289 47490 27277 53912 27225 65772 24945 61394 27231 49608 64353 18694 32930 53504 3457 128 1144 52071 23341 63461 51127 44777 41854 48712 70048 46108 2520 69449 6664 44707 19573 30956 13 15634 64275 
objective: 107492501.537463

TB loop: Elapsed time: 717215 ms

p locations: 322 316 304 293 72 67 57 40 27 20 5 29474 19179 131 59821 16637 70641 44560 139 9029 54474 53864 64600 19726 262 5342 6571 35006 69737 62821 22689 36582 21791 29518 176 35482 46277 80 48594 25525 4848 214 58761 35752 34482 333 3889 37528 29241 29622 37743 59834 19419 9467 16960 53446 18955 66072 25952 238 54213 48064 136 32521 203 53289 47490 27277 53912 27225 65772 24945 61394 27231 49608 64353 18694 32930 53504 3457 128 1144 52071 23341 63461 51127 44777 41854 48712 70048 46108 2520 69449 6664 44707 19573 30956 13 15634 64275 
objective: 107492323.243202

TB loop: Elapsed time: 744713 ms

p locations: 322 316 304 293 72 67 57 40 27 20 5 29474 19179 131 59821 16637 70641 44560 139 9029 54474 53864 338 64600 19726 262 5342 6571 35006 69737 62821 22689 36582 21791 29518 176 35482 46277 80 48594 25525 4848 214 58761 35752 34482 3889 37528 29241 29622 37743 59834 19419 9467 16960 53446 18955 66072 25952 238 54213 48064 136 32521 203 53289 47490 27277 53912 27225 65772 24945 61394 27231 49608 64353 18694 32930 53504 3457 128 1144 52071 23341 63461 51127 44777 41854 48712 70048 46108 2520 69449 6664 44707 19573 30956 13 15634 64275 
objective: 107483014.790039

TB loop: Elapsed time: 759112 ms

p locations: 339 322 316 304 293 72 67 57 40 27 20 5 29474 19179 131 59821 16637 70641 44560 139 9029 54474 53864 338 64600 19726 262 5342 6571 35006 69737 62821 22689 36582 21791 29518 176 35482 46277 80 48594 25525 4848 214 58761 35752 34482 3889 37528 29241 29622 37743 59834 19419 9467 16960 53446 18955 66072 25952 238 54213 48064 32521 203 53289 47490 27277 53912 27225 65772 24945 61394 27231 49608 64353 18694 32930 53504 3457 128 1144 52071 23341 63461 51127 44777 41854 48712 70048 46108 2520 69449 6664 44707 19573 30956 13 15634 64275 
objective: 106506830.929346

TB loop: Elapsed time: 760003 ms

p locations: 350 339 322 316 304 293 72 67 57 40 27 20 5 29474 19179 131 59821 16637 70641 44560 139 9029 54474 53864 338 64600 19726 262 5342 6571 35006 69737 62821 22689 36582 21791 29518 176 35482 46277 80 48594 25525 4848 214 58761 35752 34482 3889 37528 29241 29622 37743 59834 19419 9467 16960 53446 18955 66072 25952 238 54213 48064 32521 203 47490 27277 53912 27225 65772 24945 61394 27231 49608 64353 18694 32930 53504 3457 128 1144 52071 23341 63461 51127 44777 41854 48712 70048 46108 2520 69449 6664 44707 19573 30956 13 15634 64275 
objective: 106494543.306108

TB loop: Elapsed time: 785166 ms

p locations: 350 339 322 316 304 293 72 67 57 40 27 20 5 29474 19179 131 59821 16637 70641 44560 139 9029 54474 53864 338 64600 19726 262 5342 6571 35006 69737 62821 22689 36582 21791 29518 176 35482 46277 80 48594 25525 4848 214 58761 35752 34482 3889 37528 29241 29622 37743 59834 9467 16960 53446 18955 66072 25952 238 54213 48064 32521 203 47490 353 27277 53912 27225 65772 24945 61394 27231 49608 64353 18694 32930 53504 3457 128 1144 52071 23341 63461 51127 44777 41854 48712 70048 46108 2520 69449 6664 44707 19573 30956 13 15634 64275 
objective: 106489583.661901

TB loop: Elapsed time: 789664 ms

p locations: 359 350 322 316 304 293 72 67 57 40 27 20 5 29474 19179 131 59821 16637 70641 44560 139 9029 54474 53864 338 64600 19726 262 5342 6571 35006 69737 62821 22689 36582 21791 29518 176 35482 46277 80 48594 25525 4848 214 58761 35752 34482 3889 37528 29241 29622 37743 59834 9467 16960 53446 18955 66072 25952 238 54213 48064 32521 203 47490 353 27277 53912 27225 65772 24945 61394 27231 49608 64353 18694 32930 53504 3457 128 1144 52071 23341 63461 51127 44777 41854 48712 70048 46108 2520 69449 6664 44707 19573 30956 13 15634 64275 
objective: 106489542.422628

TB loop: Elapsed time: 801350 ms

p locations: 359 350 322 316 304 293 72 67 57 40 27 20 5 29474 19179 131 59821 16637 70641 44560 139 9029 54474 53864 64600 19726 262 5342 6571 35006 69737 62821 22689 36582 21791 29518 176 35482 46277 80 48594 25525 4848 214 58761 35752 34482 3889 37528 29241 29622 37743 59834 9467 16960 360 53446 18955 66072 25952 238 54213 48064 32521 203 47490 353 27277 53912 27225 65772 24945 61394 27231 49608 64353 18694 32930 53504 3457 128 1144 52071 23341 63461 51127 44777 41854 48712 70048 46108 2520 69449 6664 44707 19573 30956 13 15634 64275 
objective: 106484671.955624

TB loop: Elapsed time: 804849 ms

p locations: 350 322 316 304 293 72 67 57 40 27 20 5 29474 19179 131 59821 16637 70641 44560 139 9029 54474 53864 64600 19726 262 5342 6571 35006 69737 62821 22689 36582 21791 29518 176 35482 46277 80 48594 25525 4848 214 58761 35752 34482 3889 37528 29241 29622 37743 59834 9467 16960 360 53446 18955 66072 25952 238 54213 48064 32521 203 47490 353 27277 53912 27225 65772 24945 61394 27231 49608 64353 18694 32930 53504 3457 128 1144 52071 23341 63461 51127 44777 41854 48712 70048 46108 361 2520 69449 6664 44707 19573 30956 13 15634 64275 
objective: 106483991.358162

TB loop: Elapsed time: 809353 ms

p locations: 366 350 322 316 304 293 72 67 57 40 27 20 5 29474 19179 131 59821 16637 70641 44560 139 9029 54474 53864 64600 19726 262 5342 6571 35006 69737 62821 22689 36582 21791 29518 176 35482 46277 80 48594 25525 4848 214 58761 35752 34482 3889 37528 29622 37743 59834 9467 16960 360 53446 18955 66072 25952 238 54213 48064 32521 203 47490 353 27277 53912 27225 65772 24945 61394 27231 49608 64353 18694 32930 53504 3457 128 1144 52071 23341 63461 51127 44777 41854 48712 70048 46108 361 2520 69449 6664 44707 19573 30956 13 15634 64275 
objective: 106482751.021923

TB loop: Elapsed time: 823138 ms

p locations: 366 350 322 316 304 293 72 67 57 40 27 20 5 29474 19179 131 59821 16637 70641 44560 139 9029 54474 53864 64600 19726 262 5342 6571 35006 69737 62821 22689 36582 21791 29518 176 35482 46277 80 48594 25525 4848 58761 35752 34482 3889 37528 29622 37743 59834 9467 16960 360 53446 18955 66072 25952 238 54213 48064 32521 203 47490 353 27277 53912 27225 65772 24945 61394 27231 49608 64353 18694 32930 53504 3457 128 1144 52071 23341 63461 51127 44777 41854 48712 70048 46108 361 2520 69449 6664 384 44707 19573 30956 13 15634 64275 
objective: 106479613.662357

TB loop: Elapsed time: 858704 ms

p locations: 366 350 322 316 304 293 72 67 57 40 27 20 5 391 29474 19179 131 59821 16637 70641 44560 139 9029 54474 53864 64600 19726 262 5342 6571 35006 69737 62821 22689 36582 21791 29518 176 35482 46277 80 48594 25525 4848 58761 35752 34482 3889 37528 29622 37743 59834 9467 16960 360 53446 18955 66072 25952 238 54213 48064 32521 47490 353 27277 53912 27225 65772 24945 61394 27231 49608 64353 18694 32930 53504 3457 128 1144 52071 23341 63461 51127 44777 41854 48712 70048 46108 361 2520 69449 6664 384 44707 19573 30956 13 15634 64275 
objective: 106479534.990567

TB loop: Elapsed time: 877415 ms

p locations: 366 350 322 316 304 293 72 67 57 40 27 20 5 391 29474 19179 131 59821 16637 410 70641 44560 139 9029 54474 53864 64600 19726 262 5342 6571 35006 69737 62821 22689 36582 21791 29518 176 35482 46277 80 48594 25525 4848 58761 35752 34482 3889 37528 29622 37743 59834 9467 16960 360 53446 18955 66072 25952 238 54213 48064 32521 47490 27277 53912 27225 65772 24945 61394 27231 49608 64353 18694 32930 53504 3457 128 1144 52071 23341 63461 51127 44777 41854 48712 70048 46108 361 2520 69449 6664 384 44707 19573 30956 13 15634 64275 
objective: 106442569.983479

TB loop: Elapsed time: 924812 ms

p locations: 423 366 350 322 316 304 293 72 67 57 40 27 20 5 391 29474 19179 131 59821 16637 410 70641 44560 139 9029 54474 53864 64600 19726 262 5342 6571 35006 69737 62821 22689 36582 21791 29518 176 35482 46277 80 48594 25525 4848 58761 35752 34482 3889 37528 29622 37743 59834 9467 16960 360 53446 18955 66072 25952 238 54213 48064 32521 47490 27277 53912 27225 65772 24945 61394 27231 49608 64353 18694 32930 53504 3457 128 1144 52071 23341 63461 51127 44777 41854 48712 70048 46108 361 2520 69449 6664 44707 19573 30956 13 15634 64275 
objective: 106440936.605537

TB loop: Elapsed time: 955840 ms

p locations: 170 423 366 350 322 316 304 293 72 67 57 40 27 20 5 29474 19179 131 59821 16637 410 70641 44560 139 9029 54474 53864 64600 19726 262 5342 6571 35006 69737 62821 22689 36582 21791 29518 176 35482 46277 80 48594 25525 4848 58761 35752 34482 3889 37528 29622 37743 59834 9467 16960 360 53446 18955 66072 25952 238 54213 48064 32521 47490 27277 53912 27225 65772 24945 61394 27231 49608 64353 18694 32930 53504 3457 128 1144 52071 23341 63461 51127 44777 41854 48712 70048 46108 361 2520 69449 6664 44707 19573 30956 13 15634 64275 
objective: 106440879.46296

TB loop: Elapsed time: 381392 ms

p locations: 423 366 350 322 316 304 293 72 67 57 40 27 20 5 29474 19179 131 59821 16637 410 70641 44560 139 9029 54474 53864 64600 19726 262 5342 6571 35006 69737 62821 22689 36582 21791 29518 176 35482 46277 80 48594 25525 4848 58761 35752 34482 3889 37528 29622 37743 59834 9467 16960 360 53446 18955 66072 25952 238 54213 48064 32521 47490 27277 53912 27225 65772 24945 61394 27231 49608 64353 18694 32930 53504 3457 128 1144 52071 23341 63461 200 51127 44777 41854 48712 70048 46108 361 2520 69449 6664 44707 19573 30956 13 15634 64275 
objective: 106436960.539

TB loop: Elapsed time: 447946 ms

p locations: 423 366 350 322 316 547 293 72 67 57 40 27 20 5 29474 19179 131 59821 16637 410 70641 44560 139 9029 54474 53864 64600 19726 262 5342 6571 35006 69737 62821 22689 36582 21791 29518 176 35482 46277 80 48594 25525 4848 58761 35752 34482 3889 37528 29622 37743 59834 9467 16960 360 53446 18955 66072 25952 238 54213 48064 32521 47490 27277 53912 27225 65772 24945 61394 27231 49608 64353 18694 32930 53504 3457 128 1144 52071 23341 63461 200 51127 44777 41854 48712 70048 46108 361 2520 69449 6664 44707 19573 30956 13 15634 64275 
objective: 105462056.64934

TB loop: Elapsed time: 1258674 ms

p locations: 366 350 322 316 547 293 72 67 57 40 27 20 5 29474 19179 131 59821 16637 410 70641 44560 139 9029 54474 53864 64600 549 19726 262 5342 6571 35006 69737 62821 22689 36582 21791 29518 176 35482 46277 80 48594 25525 4848 58761 35752 34482 3889 37528 29622 37743 59834 9467 16960 360 53446 18955 66072 25952 238 54213 48064 32521 47490 27277 53912 27225 65772 24945 61394 27231 49608 64353 18694 32930 53504 3457 128 1144 52071 23341 63461 200 51127 44777 41854 48712 70048 46108 361 2520 69449 6664 44707 19573 30956 13 15634 64275 
objective: 105457728.909961

TB loop: Elapsed time: 1265413 ms

p locations: 203 366 350 322 316 547 293 72 67 57 40 27 20 5 29474 19179 131 59821 16637 410 70641 44560 139 9029 54474 53864 64600 549 19726 262 5342 6571 35006 69737 62821 22689 36582 21791 29518 176 35482 46277 80 48594 25525 4848 58761 35752 34482 3889 37528 29622 37743 59834 9467 16960 360 53446 18955 66072 25952 238 54213 48064 32521 47490 27277 53912 27225 65772 24945 61394 27231 49608 64353 18694 32930 53504 3457 128 1144 52071 23341 63461 51127 44777 41854 48712 70048 46108 361 2520 69449 6664 44707 19573 30956 13 15634 64275 
objective: 105457412.598925

TB loop: Elapsed time: 455592 ms

p locations: 203 366 350 322 316 547 72 67 57 40 27 20 5 29474 19179 131 59821 16637 410 70641 44560 139 9029 54474 53864 64600 549 19726 262 5342 6571 35006 69737 62821 22689 36582 21791 29518 176 35482 46277 80 48594 25525 4848 214 58761 35752 34482 3889 37528 29622 37743 59834 9467 16960 360 53446 18955 66072 25952 238 54213 48064 32521 47490 27277 53912 27225 65772 24945 61394 27231 49608 64353 18694 32930 53504 3457 128 1144 52071 23341 63461 51127 44777 41854 48712 70048 46108 361 2520 69449 6664 44707 19573 30956 13 15634 64275 
objective: 105455199.672698

TB loop: Elapsed time: 482869 ms

p locations: 366 350 322 316 547 72 67 57 40 27 20 5 391 29474 19179 131 59821 16637 410 70641 44560 139 9029 54474 53864 64600 549 19726 262 5342 6571 35006 69737 62821 22689 36582 21791 29518 176 35482 46277 80 48594 25525 4848 214 58761 35752 34482 3889 37528 29622 37743 59834 9467 16960 360 53446 18955 66072 25952 238 54213 48064 32521 47490 27277 53912 27225 65772 24945 61394 27231 49608 64353 18694 32930 53504 3457 128 1144 52071 23341 63461 51127 44777 41854 48712 70048 46108 361 2520 69449 6664 44707 19573 30956 13 15634 64275 
objective: 105454873.026479

TB loop: Elapsed time: 881703 ms

p locations: 551 366 350 322 316 547 72 67 57 40 27 20 5 391 29474 19179 131 59821 16637 410 70641 44560 139 9029 54474 53864 64600 19726 262 5342 6571 35006 69737 62821 22689 36582 21791 29518 176 35482 46277 80 48594 25525 4848 214 58761 35752 34482 3889 37528 29622 37743 59834 9467 16960 360 53446 18955 66072 25952 238 54213 48064 32521 47490 27277 53912 27225 65772 24945 61394 27231 49608 64353 18694 32930 53504 3457 128 1144 52071 23341 63461 51127 44777 41854 48712 70048 46108 361 2520 69449 6664 44707 19573 30956 13 15634 64275 
objective: 105451111.549511

TB loop: Elapsed time: 1264855 ms

p locations: 559 551 366 350 316 547 72 67 57 40 27 20 5 391 29474 19179 131 59821 16637 410 70641 44560 139 9029 54474 53864 64600 19726 262 5342 6571 35006 69737 62821 22689 36582 21791 29518 176 35482 46277 80 48594 25525 4848 214 58761 35752 34482 3889 37528 29622 37743 59834 9467 16960 360 53446 18955 66072 25952 238 54213 48064 32521 47490 27277 53912 27225 65772 24945 61394 27231 49608 64353 18694 32930 53504 3457 128 1144 52071 23341 63461 51127 44777 41854 48712 70048 46108 361 2520 69449 6664 44707 19573 30956 13 15634 64275 
objective: 105449184.969018

TB loop: Elapsed time: 1285798 ms

p locations: 559 551 366 350 316 547 72 67 57 40 27 20 5 391 29474 19179 131 59821 16637 410 70641 44560 139 9029 54474 53864 64600 19726 262 5342 6571 81 35006 69737 62821 22689 36582 21791 29518 176 35482 46277 48594 25525 4848 214 58761 35752 34482 3889 37528 29622 37743 59834 9467 16960 360 53446 18955 66072 25952 238 54213 48064 32521 47490 27277 53912 27225 65772 24945 61394 27231 49608 64353 18694 32930 53504 3457 128 1144 52071 23341 63461 51127 44777 41854 48712 70048 46108 361 2520 69449 6664 44707 19573 30956 13 15634 64275 
objective: 105449167.913372

TB loop: Elapsed time: 173025 ms

p locations: 559 551 366 350 316 547 72 67 57 40 27 20 5 29474 19179 131 59821 16637 410 70641 44560 139 9029 54474 53864 64600 19726 262 5342 6571 81 35006 69737 62821 22689 36582 21791 29518 176 35482 46277 48594 25525 4848 214 58761 35752 34482 3889 37528 29622 37743 59834 9467 16960 360 53446 18955 66072 25952 238 54213 48064 32521 47490 27277 53912 27225 65772 24945 61394 27231 49608 64353 18694 32930 53504 3457 128 1144 52071 23341 63461 200 51127 44777 41854 48712 70048 46108 361 2520 69449 6664 44707 19573 30956 13 15634 64275 
objective: 105449023.337584

TB loop: Elapsed time: 448748 ms

p locations: 203 559 551 366 350 316 547 72 67 57 40 27 20 5 29474 19179 131 59821 16637 410 70641 44560 139 9029 54474 53864 64600 19726 262 5342 6571 81 35006 69737 62821 22689 36582 21791 29518 176 35482 46277 48594 25525 4848 214 58761 35752 34482 3889 37528 29622 37743 59834 9467 16960 360 53446 18955 66072 25952 238 54213 48064 32521 47490 27277 53912 27225 65772 24945 61394 27231 49608 64353 18694 32930 53504 3457 128 1144 52071 23341 63461 51127 44777 41854 48712 70048 46108 361 2520 69449 6664 44707 19573 30956 13 15634 64275 
objective: 105448586.374585

TB loop: Elapsed time: 453387 ms

p locations: 559 551 366 350 316 547 580 72 67 57 40 27 20 5 29474 19179 131 59821 16637 410 70641 44560 139 9029 54474 53864 64600 19726 262 5342 6571 81 35006 69737 62821 22689 36582 21791 29518 176 35482 46277 48594 25525 4848 214 58761 35752 34482 3889 37528 29622 37743 59834 9467 16960 360 53446 18955 66072 25952 238 54213 48064 32521 47490 27277 53912 27225 65772 24945 61394 27231 49608 64353 18694 32930 53504 3457 128 1144 52071 23341 63461 51127 44777 41854 48712 70048 46108 361 2520 69449 6664 44707 19573 30956 13 15634 64275 
objective: 105447990.192749

TB loop: Elapsed time: 1334075 ms

p locations: 559 551 366 350 316 293 547 580 72 67 57 40 27 20 5 29474 19179 131 59821 16637 410 70641 44560 139 9029 54474 53864 64600 19726 262 5342 6571 81 35006 69737 62821 22689 36582 21791 29518 176 35482 46277 48594 25525 4848 58761 35752 34482 3889 37528 29622 37743 59834 9467 16960 360 53446 18955 66072 25952 238 54213 48064 32521 47490 27277 53912 27225 65772 24945 61394 27231 49608 64353 18694 32930 53504 3457 128 1144 52071 23341 63461 51127 44777 41854 48712 70048 46108 361 2520 69449 6664 44707 19573 30956 13 15634 64275 
objective: 105447887.030025

TB loop: Elapsed time: 663083 ms

p locations: 567 551 366 350 316 293 547 580 72 67 57 40 27 20 5 29474 19179 131 59821 16637 410 70641 44560 139 9029 54474 53864 64600 19726 262 5342 6571 81 35006 69737 62821 22689 36582 21791 29518 176 35482 46277 48594 25525 4848 58761 35752 34482 3889 37528 29622 37743 59834 9467 16960 360 53446 18955 66072 25952 238 54213 48064 32521 47490 27277 53912 27225 65772 24945 61394 27231 49608 64353 18694 32930 53504 3457 128 1144 52071 23341 63461 51127 44777 41854 48712 70048 46108 361 2520 69449 6664 44707 19573 30956 13 15634 64275 
objective: 105447156.606525

TB loop: Elapsed time: 1306106 ms

p locations: 567 551 366 350 316 293 547 580 72 67 57 40 27 20 5 29474 19179 131 59821 16637 410 70641 44560 139 9029 54474 53864 64600 19726 262 5342 6571 81 35006 69737 62821 22689 36582 21791 29518 176 35482 46277 48594 25525 4848 214 58761 35752 34482 3889 37528 29622 37743 59834 9467 16960 360 53446 18955 66072 25952 54213 48064 32521 47490 27277 53912 27225 65772 24945 61394 27231 49608 64353 18694 32930 53504 3457 128 1144 52071 23341 63461 51127 44777 41854 48712 70048 46108 361 2520 69449 6664 44707 19573 30956 13 15634 64275 
objective: 105444223.248035

TB loop: Elapsed time: 483724 ms

p locations: 567 551 366 350 316 293 547 580 72 67 57 40 27 20 5 29474 19179 131 59821 16637 410 70641 44560 139 9029 54474 53864 64600 19726 262 5342 6571 81 35006 69737 62821 22689 36582 21791 29518 176 35482 46277 48594 25525 4848 214 58761 35752 34482 3889 37528 29622 37743 59834 9467 16960 360 53446 18955 66072 25952 54213 48064 32521 47490 27277 27225 65772 24945 61394 27231 49608 64353 18694 32930 53504 3457 128 1144 52071 23341 596 63461 51127 44777 41854 48712 70048 46108 361 2520 69449 6664 44707 19573 30956 13 15634 64275 
objective: 105437252.190281

TB loop: Elapsed time: 1371485 ms

p locations: 70 551 366 350 316 293 547 580 72 67 57 40 27 20 5 29474 19179 131 59821 16637 410 70641 44560 139 9029 54474 53864 64600 19726 262 5342 6571 81 35006 69737 62821 22689 36582 21791 29518 176 35482 46277 48594 25525 4848 214 58761 35752 34482 3889 37528 29622 37743 59834 9467 16960 360 53446 18955 66072 25952 54213 48064 32521 47490 27277 27225 65772 24945 61394 27231 49608 64353 18694 32930 53504 3457 128 1144 52071 23341 596 63461 51127 44777 41854 48712 70048 46108 361 2520 69449 6664 44707 19573 30956 13 15634 64275 
objective: 105436407.101407

TB loop: Elapsed time: 149956 ms

p locations: 322 551 366 350 316 293 547 580 72 67 57 40 27 20 5 29474 19179 131 59821 16637 410 70641 44560 139 9029 54474 53864 64600 19726 262 5342 6571 81 35006 69737 62821 22689 36582 21791 29518 176 35482 46277 48594 25525 4848 214 58761 35752 34482 3889 37528 29622 37743 59834 9467 16960 360 53446 18955 66072 25952 54213 48064 32521 47490 27277 27225 65772 24945 61394 27231 49608 64353 18694 32930 53504 3457 128 1144 52071 23341 596 63461 51127 44777 41854 48712 70048 46108 361 2520 69449 6664 44707 19573 30956 13 15634 64275 
objective: 105434060.464886

TB loop: Elapsed time: 722928 ms

p locations: 322 551 366 350 316 293 547 580 72 67 57 40 27 20 5 29474 19179 131 59821 16637 410 70641 44560 139 9029 54474 53864 64600 19726 262 5342 6571 35006 69737 62821 22689 36582 21791 29518 176 35482 46277 80 48594 25525 4848 214 58761 35752 34482 3889 37528 29622 37743 59834 9467 16960 360 53446 18955 66072 25952 54213 48064 32521 47490 27277 27225 65772 24945 61394 27231 49608 64353 18694 32930 53504 3457 128 1144 52071 23341 596 63461 51127 44777 41854 48712 70048 46108 361 2520 69449 6664 44707 19573 30956 13 15634 64275 
objective: 105433825.681036

TB loop: Elapsed time: 171965 ms

p locations: 559 551 366 350 316 293 547 580 72 67 57 40 27 20 5 29474 19179 131 59821 16637 410 70641 44560 139 9029 54474 53864 64600 19726 262 5342 6571 35006 69737 62821 22689 36582 21791 29518 176 35482 46277 80 48594 25525 4848 214 58761 35752 34482 3889 37528 29622 37743 59834 9467 16960 360 53446 18955 66072 25952 54213 48064 32521 47490 27277 27225 65772 24945 61394 27231 49608 64353 18694 32930 53504 3457 128 1144 52071 23341 596 63461 51127 44777 41854 48712 70048 46108 361 2520 69449 6664 44707 19573 30956 13 15634 64275 
objective: 105431704.775779

TB loop: Elapsed time: 1285353 ms

p locations: 559 551 366 350 316 293 547 580 72 67 57 40 27 20 5 29474 19179 131 59821 16637 410 70641 44560 139 9029 54474 53864 64600 19726 262 5342 6571 81 35006 69737 62821 22689 36582 21791 29518 176 35482 46277 48594 25525 4848 214 58761 35752 34482 3889 37528 29622 37743 59834 9467 16960 360 53446 18955 66072 25952 54213 48064 32521 47490 27277 27225 65772 24945 61394 27231 49608 64353 18694 32930 53504 3457 128 1144 52071 23341 596 63461 51127 44777 41854 48712 70048 46108 361 2520 69449 6664 44707 19573 30956 13 15634 64275 
objective: 105431687.720133

TB loop: Elapsed time: 172727 ms

p locations: 600 559 551 366 350 293 547 580 72 67 57 40 27 20 5 29474 19179 131 59821 16637 410 70641 44560 139 9029 54474 53864 64600 19726 262 5342 6571 81 35006 69737 62821 22689 36582 21791 29518 176 35482 46277 48594 25525 4848 214 58761 35752 34482 3889 37528 29622 37743 59834 9467 16960 360 53446 18955 66072 25952 54213 48064 32521 47490 27277 27225 65772 24945 61394 27231 49608 64353 18694 32930 53504 3457 128 1144 52071 23341 596 63461 51127 44777 41854 48712 70048 46108 361 2520 69449 6664 44707 19573 30956 13 15634 64275 
objective: 105430342.571541

TB loop: Elapsed time: 1376221 ms

p locations: 601 559 551 366 350 293 547 580 72 67 57 40 27 20 5 29474 19179 131 59821 16637 410 70641 44560 139 9029 54474 53864 64600 19726 262 5342 6571 81 35006 69737 62821 22689 36582 21791 29518 176 35482 46277 48594 25525 4848 214 58761 35752 34482 3889 37528 29622 37743 59834 9467 16960 360 53446 18955 66072 25952 54213 48064 32521 47490 27277 27225 65772 24945 61394 27231 49608 64353 18694 32930 53504 3457 128 1144 52071 23341 596 63461 51127 44777 41854 48712 70048 46108 361 2520 69449 6664 44707 19573 30956 13 15634 64275 
objective: 105419469.184748

TB loop: Elapsed time: 1379445 ms

p locations: 606 601 559 551 366 350 293 547 580 72 67 57 40 27 20 5 29474 19179 131 59821 16637 410 70641 44560 139 9029 54474 53864 64600 19726 262 5342 6571 81 35006 69737 62821 22689 36582 21791 29518 176 35482 46277 48594 25525 4848 214 58761 35752 34482 3889 37528 29622 37743 59834 9467 16960 53446 18955 66072 25952 54213 48064 32521 47490 27277 27225 65772 24945 61394 27231 49608 64353 18694 32930 53504 3457 128 1144 52071 23341 596 63461 51127 44777 41854 48712 70048 46108 361 2520 69449 6664 44707 19573 30956 13 15634 64275 
objective: 105394296.734416

TB loop: Elapsed time: 1391754 ms

p locations: 687 606 601 559 366 350 293 547 580 72 67 57 40 27 20 5 29474 19179 131 59821 16637 410 70641 44560 139 9029 54474 53864 64600 19726 262 5342 6571 81 35006 69737 62821 22689 36582 21791 29518 176 35482 46277 48594 25525 4848 214 58761 35752 34482 3889 37528 29622 37743 59834 9467 16960 53446 18955 66072 25952 54213 48064 32521 47490 27277 27225 65772 24945 61394 27231 49608 64353 18694 32930 53504 3457 128 1144 52071 23341 596 63461 51127 44777 41854 48712 70048 46108 361 2520 69449 6664 44707 19573 30956 13 15634 64275 
objective: 105379807.239808

TB loop: Elapsed time: 1585250 ms

p locations: 606 601 559 366 350 293 547 580 72 67 57 40 27 20 5 29474 19179 131 59821 16637 410 70641 44560 139 9029 54474 53864 64600 19726 262 5342 6571 81 35006 69737 62821 22689 36582 21791 689 29518 176 35482 46277 48594 25525 4848 214 58761 35752 34482 3889 37528 29622 37743 59834 9467 16960 53446 18955 66072 25952 54213 48064 32521 47490 27277 27225 65772 24945 61394 27231 49608 64353 18694 32930 53504 3457 128 1144 52071 23341 596 63461 51127 44777 41854 48712 70048 46108 361 2520 69449 6664 44707 19573 30956 13 15634 64275 
objective: 105377685.815499

TB loop: Elapsed time: 1589690 ms

p locations: 70 606 601 559 366 350 293 547 580 72 67 57 40 27 20 5 29474 19179 131 59821 16637 410 70641 44560 139 9029 54474 53864 64600 19726 262 5342 6571 81 35006 69737 62821 22689 36582 21791 689 29518 176 35482 46277 48594 25525 4848 58761 35752 34482 3889 37528 29622 37743 59834 9467 16960 53446 18955 66072 25952 54213 48064 32521 47490 27277 27225 65772 24945 61394 27231 49608 64353 18694 32930 53504 3457 128 1144 52071 23341 596 63461 51127 44777 41854 48712 70048 46108 361 2520 69449 6664 44707 19573 30956 13 15634 64275 
objective: 105376202.503603

TB loop: Elapsed time: 150555 ms

p locations: 316 606 601 559 366 350 293 547 580 72 67 57 40 27 20 5 29474 19179 131 59821 16637 410 70641 44560 139 9029 54474 53864 64600 19726 262 5342 6571 81 35006 69737 62821 22689 36582 21791 689 29518 176 35482 46277 48594 25525 4848 58761 35752 34482 3889 37528 29622 37743 59834 9467 16960 53446 18955 66072 25952 54213 48064 32521 47490 27277 27225 65772 24945 61394 27231 49608 64353 18694 32930 53504 3457 128 1144 52071 23341 596 63461 51127 44777 41854 48712 70048 46108 361 2520 69449 6664 44707 19573 30956 13 15634 64275 
objective: 105375187.647544

TB loop: Elapsed time: 715461 ms

p locations: 316 606 601 559 366 350 293 547 72 67 57 40 27 20 5 29474 19179 131 59821 16637 410 70641 44560 139 9029 54474 53864 64600 19726 262 5342 6571 716 81 35006 69737 62821 22689 36582 21791 689 29518 176 35482 46277 48594 25525 4848 58761 35752 34482 3889 37528 29622 37743 59834 9467 16960 53446 18955 66072 25952 54213 48064 32521 47490 27277 27225 65772 24945 61394 27231 49608 64353 18694 32930 53504 3457 128 1144 52071 23341 596 63461 51127 44777 41854 48712 70048 46108 361 2520 69449 6664 44707 19573 30956 13 15634 64275 
objective: 105367632.620372

TB loop: Elapsed time: 1662275 ms

p locations: 316 606 601 559 366 350 293 547 72 67 57 40 27 20 5 29474 19179 131 59821 16637 410 70641 745 44560 139 9029 54474 53864 64600 19726 262 5342 6571 716 81 35006 69737 62821 22689 36582 21791 689 29518 176 35482 46277 48594 25525 4848 58761 35752 34482 3889 37528 29622 37743 59834 9467 16960 53446 18955 66072 25952 54213 48064 32521 47490 27277 27225 65772 24945 61394 27231 49608 64353 18694 32930 53504 3457 128 1144 52071 23341 63461 51127 44777 41854 48712 70048 46108 361 2520 69449 6664 44707 19573 30956 13 15634 64275 
objective: 105366562.860331

TB loop: Elapsed time: 1730922 ms

p locations: 316 606 601 559 366 350 547 72 67 57 40 27 20 5 29474 19179 131 59821 16637 410 70641 745 44560 139 9029 54474 53864 64600 19726 262 5342 6571 716 81 35006 69737 62821 22689 36582 21791 689 29518 176 35482 46277 48594 25525 4848 58761 35752 34482 3889 37528 29622 37743 59834 9467 16960 53446 18955 66072 25952 54213 48064 32521 47490 27277 27225 65772 24945 61394 27231 49608 64353 18694 32930 53504 3457 128 1144 52071 23341 63461 51127 44777 41854 48712 70048 46108 361 2520 69449 6664 765 44707 19573 30956 13 15634 64275 
objective: 105290136.982616

TB loop: Elapsed time: 1777813 ms

p locations: 316 606 601 559 366 350 547 72 67 57 40 27 20 767 5 29474 19179 131 59821 16637 410 70641 745 44560 139 9029 54474 53864 64600 19726 262 5342 6571 716 81 35006 69737 62821 22689 36582 21791 689 29518 176 35482 46277 48594 25525 4848 58761 35752 34482 3889 37528 29622 37743 59834 9467 16960 53446 18955 66072 25952 54213 48064 32521 47490 27277 27225 65772 24945 61394 27231 49608 64353 18694 53504 3457 128 1144 52071 23341 63461 51127 44777 41854 48712 70048 46108 361 2520 69449 6664 765 44707 19573 30956 13 15634 64275 
objective: 102321293.640596

TB loop: Elapsed time: 1781532 ms

p locations: 606 601 559 366 350 547 72 67 57 40 27 20 767 5 772 29474 19179 131 59821 16637 410 70641 745 44560 139 9029 54474 53864 64600 19726 262 5342 6571 716 81 35006 69737 62821 22689 36582 21791 689 29518 176 35482 46277 48594 25525 4848 58761 35752 34482 3889 37528 29622 37743 59834 9467 16960 53446 18955 66072 25952 54213 48064 32521 47490 27277 27225 65772 24945 61394 27231 49608 64353 18694 53504 3457 128 1144 52071 23341 63461 51127 44777 41854 48712 70048 46108 361 2520 69449 6664 765 44707 19573 30956 13 15634 64275 
objective: 102236850.624262

TB loop: Elapsed time: 1786619 ms

p locations: 606 601 559 366 350 547 72 67 57 40 27 20 767 5 772 29474 19179 131 59821 16637 410 70641 44560 139 9029 54474 53864 64600 19726 262 5342 6571 716 81 35006 69737 62821 22689 36582 21791 689 29518 176 35482 46277 48594 25525 4848 58761 35752 34482 3889 37528 29622 37743 59834 9467 16960 53446 18955 66072 25952 54213 48064 32521 47490 27277 27225 65772 24945 61394 27231 49608 64353 18694 53504 3457 128 1144 52071 23341 596 63461 51127 44777 41854 48712 70048 46108 361 2520 69449 6664 765 44707 19573 30956 13 15634 64275 
objective: 102233679.025719

TB loop: Elapsed time: 1380725 ms

p locations: 606 601 559 366 350 547 72 67 57 40 27 20 767 5 772 29474 19179 131 59821 16637 410 70641 44560 774 139 9029 54474 53864 64600 19726 262 5342 6571 716 81 35006 69737 62821 22689 36582 21791 689 29518 176 35482 46277 48594 25525 4848 58761 35752 34482 3889 37528 29622 37743 59834 9467 16960 53446 18955 66072 25952 54213 48064 32521 47490 27277 65772 24945 61394 27231 49608 64353 18694 53504 3457 128 1144 52071 23341 596 63461 51127 44777 41854 48712 70048 46108 361 2520 69449 6664 765 44707 19573 30956 13 15634 64275 
objective: 102213108.291376

TB loop: Elapsed time: 1796066 ms

p locations: 606 601 559 366 350 547 72 67 57 40 27 20 767 5 772 29474 19179 131 59821 16637 410 70641 44560 774 139 9029 54474 53864 64600 19726 262 5342 6571 716 81 35006 69737 62821 22689 36582 21791 689 29518 176 35482 46277 48594 25525 4848 58761 35752 34482 3889 37528 29622 37743 59834 9467 16960 53446 18955 66072 25952 54213 48064 32521 47490 27277 65772 24945 61394 27231 49608 64353 18694 53504 128 1144 52071 23341 596 63461 51127 44777 41854 48712 70048 46108 361 2520 69449 6664 765 44707 777 19573 30956 13 15634 64275 
objective: 102004524.49862

TB loop: Elapsed time: 1796579 ms

p locations: 606 601 559 366 350 547 72 67 57 40 27 20 767 5 772 29474 19179 131 59821 16637 410 70641 44560 139 9029 54474 53864 64600 19726 262 5342 6571 716 81 35006 69737 62821 22689 36582 21791 689 29518 176 35482 46277 48594 25525 4848 58761 35752 34482 3889 37528 29622 37743 59834 9467 16960 53446 18955 66072 25952 54213 48064 32521 47490 27277 65772 24945 61394 27231 49608 64353 18694 53504 128 1144 52071 23341 596 63461 51127 44777 41854 48712 70048 46108 361 2520 69449 6664 765 44707 777 19573 30956 775 13 15634 64275 
objective: 101996990.114584

TB loop: Elapsed time: 1792168 ms

p locations: 780 606 601 559 366 350 547 72 67 57 40 27 20 767 5 772 29474 19179 131 59821 16637 410 70641 44560 139 9029 54474 53864 64600 19726 262 5342 6571 716 81 35006 69737 62821 22689 36582 21791 689 29518 176 35482 46277 48594 25525 4848 58761 35752 34482 3889 37528 37743 59834 9467 16960 53446 18955 66072 25952 54213 48064 32521 47490 27277 65772 24945 61394 27231 49608 64353 18694 53504 128 1144 52071 23341 596 63461 51127 44777 41854 48712 70048 46108 361 2520 69449 6664 765 44707 777 19573 30956 775 13 15634 64275 
objective: 101981264.130724

TB loop: Elapsed time: 1809203 ms

p locations: 781 606 601 559 366 350 547 72 67 57 40 27 20 767 5 772 29474 19179 131 59821 16637 410 70641 44560 139 9029 54474 53864 64600 19726 262 5342 6571 716 81 35006 69737 62821 22689 36582 21791 689 29518 176 35482 46277 48594 25525 4848 58761 35752 34482 3889 37528 37743 59834 9467 16960 53446 18955 66072 25952 54213 48064 32521 47490 27277 65772 24945 61394 27231 49608 64353 18694 53504 128 1144 52071 23341 596 63461 51127 44777 41854 48712 70048 46108 361 2520 69449 6664 765 44707 777 19573 30956 775 13 15634 64275 
objective: 101972926.171595

TB loop: Elapsed time: 1807176 ms

p locations: 606 601 559 366 350 547 72 67 57 40 27 782 20 767 5 772 29474 19179 131 59821 16637 410 70641 44560 139 9029 54474 53864 64600 19726 262 5342 6571 716 81 35006 69737 62821 22689 36582 21791 689 29518 176 35482 46277 48594 25525 4848 58761 35752 34482 3889 37528 37743 59834 9467 16960 53446 18955 66072 25952 54213 48064 32521 47490 27277 65772 24945 61394 27231 49608 64353 18694 53504 128 1144 52071 23341 596 63461 51127 44777 41854 48712 70048 46108 361 2520 69449 6664 765 44707 777 19573 30956 775 13 15634 64275 
objective: 101900740.968829

TB loop: Elapsed time: 1809506 ms

p locations: 783 606 601 559 366 350 547 72 67 57 40 27 782 20 767 5 772 29474 19179 131 59821 16637 410 70641 44560 139 9029 54474 53864 64600 19726 262 5342 6571 716 81 69737 62821 22689 36582 21791 689 29518 176 35482 46277 48594 25525 4848 58761 35752 34482 3889 37528 37743 59834 9467 16960 53446 18955 66072 25952 54213 48064 32521 47490 27277 65772 24945 61394 27231 49608 64353 18694 53504 128 1144 52071 23341 596 63461 51127 44777 41854 48712 70048 46108 361 2520 69449 6664 765 44707 777 19573 30956 775 13 15634 64275 
objective: 101898661.108543

TB loop: Elapsed time: 1810884 ms

p locations: 783 606 601 559 366 350 547 72 67 57 40 27 782 20 767 5 772 29474 19179 131 59821 16637 410 70641 44560 139 9029 54474 53864 64600 19726 262 5342 6571 716 81 69737 62821 22689 36582 21791 689 29518 176 35482 46277 48594 25525 4848 58761 35752 34482 3889 37528 37743 59834 9467 16960 53446 18955 66072 25952 54213 48064 32521 47490 27277 65772 24945 61394 27231 49608 64353 787 18694 53504 128 1144 52071 23341 596 63461 51127 44777 41854 48712 70048 46108 361 2520 69449 6664 765 44707 777 19573 30956 13 15634 64275 
objective: 101876084.764605

TB loop: Elapsed time: 1795692 ms

p locations: 783 606 601 559 366 350 547 72 67 57 40 789 27 782 20 767 5 772 29474 19179 131 59821 16637 410 70641 44560 139 9029 54474 53864 64600 19726 262 5342 6571 716 81 69737 62821 22689 36582 21791 689 29518 176 35482 46277 48594 25525 4848 58761 35752 34482 3889 37528 37743 59834 9467 16960 53446 18955 66072 25952 48064 32521 47490 27277 65772 24945 61394 27231 49608 64353 787 18694 53504 128 1144 52071 23341 596 63461 51127 44777 41854 48712 70048 46108 361 2520 69449 6664 765 44707 777 19573 30956 13 15634 64275 
objective: 101862299.267514

TB loop: Elapsed time: 1796838 ms

p locations: 792 783 606 601 559 366 350 547 72 67 57 40 27 782 20 767 5 772 29474 19179 131 59821 16637 410 70641 44560 139 9029 54474 53864 64600 19726 262 5342 6571 716 81 69737 62821 22689 36582 21791 689 29518 176 35482 46277 48594 25525 4848 58761 35752 34482 3889 37528 37743 59834 9467 16960 53446 18955 66072 25952 48064 32521 47490 27277 65772 24945 61394 27231 49608 64353 787 18694 53504 128 1144 52071 23341 596 63461 51127 44777 41854 48712 70048 46108 361 2520 69449 6664 765 44707 777 19573 30956 13 15634 64275 
objective: 101826217.321764

TB loop: Elapsed time: 1800599 ms

p locations: 797 792 783 606 601 559 366 350 547 72 67 57 40 27 782 20 767 5 772 29474 19179 131 59821 16637 410 70641 44560 139 9029 54474 53864 64600 19726 262 5342 6571 716 81 69737 62821 22689 36582 21791 689 29518 176 35482 46277 48594 25525 4848 58761 35752 34482 3889 37528 37743 59834 9467 16960 53446 18955 66072 25952 48064 32521 47490 27277 65772 24945 61394 27231 49608 64353 787 18694 53504 128 52071 23341 596 63461 51127 44777 41854 48712 70048 46108 361 2520 69449 6664 765 44707 777 19573 30956 13 15634 64275 
objective: 101778219.540255

TB loop: Elapsed time: 1973986 ms

p locations: 792 783 606 601 559 366 350 547 72 67 57 40 27 782 20 767 5 772 29474 19179 131 59821 16637 410 70641 44560 139 9029 54474 53864 64600 19726 262 5342 6571 716 81 69737 62821 22689 36582 21791 689 29518 176 35482 46277 48594 25525 4848 58761 35752 34482 3889 37528 37743 59834 9467 16960 53446 18955 66072 25952 48064 32521 47490 27277 65772 24945 61394 27231 49608 64353 787 18694 799 53504 128 52071 23341 596 63461 51127 44777 41854 48712 70048 46108 361 2520 69449 6664 765 44707 777 19573 30956 13 15634 64275 
objective: 101771025.426273

TB loop: Elapsed time: 1911981 ms

p locations: 792 783 606 601 559 366 350 801 547 72 67 57 40 27 782 20 767 5 772 29474 19179 131 59821 16637 410 70641 44560 139 9029 54474 53864 64600 19726 262 5342 6571 716 81 69737 62821 22689 36582 21791 689 29518 176 35482 46277 48594 25525 4848 58761 35752 34482 3889 37528 37743 59834 9467 16960 53446 18955 66072 25952 48064 32521 47490 27277 65772 24945 61394 27231 49608 64353 787 18694 53504 128 52071 23341 596 63461 51127 44777 41854 48712 70048 46108 361 2520 69449 6664 765 44707 777 19573 30956 13 15634 64275 
objective: 101743972.90068

TB loop: Elapsed time: 1898679 ms

p locations: 792 783 606 601 559 366 350 547 72 67 57 802 40 27 782 20 767 5 772 29474 19179 131 59821 16637 410 70641 44560 139 9029 54474 53864 64600 19726 262 5342 6571 716 81 69737 62821 22689 36582 21791 689 29518 176 35482 46277 48594 25525 4848 58761 35752 34482 3889 37528 37743 59834 9467 16960 53446 18955 66072 25952 48064 32521 47490 27277 65772 24945 61394 27231 49608 64353 787 18694 53504 128 52071 23341 596 63461 51127 44777 41854 48712 70048 46108 361 2520 69449 6664 765 44707 777 19573 30956 13 15634 64275 
objective: 101723605.989142

TB loop: Elapsed time: 1922073 ms

