1.0
5.0
308.5
313.5
126.0
228.0
372.5
1095.0
1792.0
1547.5
692.0
1209.5
1617.5
602.0
313.5
1458.0
1521.0
4248.0
4046.0
60.0
26.0
1581.5
2068.0
4811.5
2820.5
1874.0
3613.5
3226.0
1431.0
3485.5
3600.5
2690.5
2138.0
5742.5
6956.0
4041.5
1504.5
2446.5
2918.0
720.5
1733.5
8572.0
5851.5
9941.0
4439.5
2714.5
1940.5
2765.0
1703.0
683.5
548.5
2542.5
931.5
251.0
251.0
4057.5
2711.0
343.5
6.0
39.0
11158.0
13134.0
6630.5
4286.5
4532.5
2851.0
7494.5
687.5
1540.0
4026.5
3296.5
525.0
387.0
532.5
288.0
449.0
2043.0
5186.0
9540.0
11706.0
6753.0
5972.5
6641.5
3808.5
6908.0
3677.0
3588.0
1518.0
1302.0
502.5
191.0
1365.5
3072.0
979.0
862.5
6085.5
6452.0
7449.5
4831.5
2038.0
477.5
179.0
949.5
6230.0
3346.5
461.5
517.5
595.5
290.5
309.5
451.0
2425.5
398.0
334.5
3344.0
3706.0
4084.5
854.5
19.0
32.0
324.0
1854.5
441.5
114.0
161.5
128.0
154.5
25.0
18.0
58.0
12.0
171.5
1899.5
2393.0
1027.0
260.0
42.0
262.0
589.5
81.0
108.0
6.0
102.0
36.0
82.5
262.5
1501.5
1853.5
374.0
2.0
159.0
2.0
111.0
74.0
108.0
203.0
876.0
175.5
20.0
219.5
3.0
28.0
38.0
976.0
748.0
4.0
3.0
7.0
222.5
187.5
107.0
106.5
416.0
32.0
63.0
167.5
46.5
86.0
18.5
379.5
125.0
202.5
179.0
465.5
7.0
4.0
3.0
6.0
3.0
139.0
