customer p1x p1y p2x p2y p3x p3y p4x p4y
1 0.0 40.0 1.0 40.0 0.0 39.0 1.0 39.0
2 1.0 40.0 2.0 40.0 1.0 39.0 2.0 39.0
3 2.0 40.0 3.0 40.0 2.0 39.0 3.0 39.0
4 3.0 40.0 4.0 40.0 3.0 39.0 4.0 39.0
5 4.0 40.0 5.0 40.0 4.0 39.0 5.0 39.0
6 5.0 40.0 6.0 40.0 5.0 39.0 6.0 39.0
7 6.0 40.0 7.0 40.0 6.0 39.0 7.0 39.0
8 7.0 40.0 8.0 40.0 7.0 39.0 8.0 39.0
9 8.0 40.0 9.0 40.0 8.0 39.0 9.0 39.0
10 9.0 40.0 10.0 40.0 9.0 39.0 10.0 39.0
11 10.0 40.0 11.0 40.0 10.0 39.0 11.0 39.0
12 11.0 40.0 12.0 40.0 11.0 39.0 12.0 39.0
13 12.0 40.0 13.0 40.0 12.0 39.0 13.0 39.0
14 13.0 40.0 14.0 40.0 13.0 39.0 14.0 39.0
15 14.0 40.0 15.0 40.0 14.0 39.0 15.0 39.0
16 15.0 40.0 16.0 40.0 15.0 39.0 16.0 39.0
17 16.0 40.0 17.0 40.0 16.0 39.0 17.0 39.0
18 17.0 40.0 18.0 40.0 17.0 39.0 18.0 39.0
19 18.0 40.0 19.0 40.0 18.0 39.0 19.0 39.0
20 19.0 40.0 20.0 40.0 19.0 39.0 20.0 39.0
21 20.0 40.0 21.0 40.0 20.0 39.0 21.0 39.0
22 21.0 40.0 22.0 40.0 21.0 39.0 22.0 39.0
23 22.0 40.0 23.0 40.0 22.0 39.0 23.0 39.0
24 23.0 40.0 24.0 40.0 23.0 39.0 24.0 39.0
25 24.0 40.0 25.0 40.0 24.0 39.0 25.0 39.0
26 25.0 40.0 26.0 40.0 25.0 39.0 26.0 39.0
27 26.0 40.0 27.0 40.0 26.0 39.0 27.0 39.0
28 27.0 40.0 28.0 40.0 27.0 39.0 28.0 39.0
29 28.0 40.0 29.0 40.0 28.0 39.0 29.0 39.0
30 29.0 40.0 30.0 40.0 29.0 39.0 30.0 39.0
31 30.0 40.0 31.0 40.0 30.0 39.0 31.0 39.0
32 31.0 40.0 32.0 40.0 31.0 39.0 32.0 39.0
33 32.0 40.0 33.0 40.0 32.0 39.0 33.0 39.0
34 33.0 40.0 34.0 40.0 33.0 39.0 34.0 39.0
35 34.0 40.0 35.0 40.0 34.0 39.0 35.0 39.0
36 35.0 40.0 36.0 40.0 35.0 39.0 36.0 39.0
37 36.0 40.0 37.0 40.0 36.0 39.0 37.0 39.0
38 37.0 40.0 38.0 40.0 37.0 39.0 38.0 39.0
39 38.0 40.0 39.0 40.0 38.0 39.0 39.0 39.0
40 39.0 40.0 40.0 40.0 39.0 39.0 40.0 39.0
41 0.0 39.0 1.0 39.0 0.0 38.0 1.0 38.0
42 1.0 39.0 2.0 39.0 1.0 38.0 2.0 38.0
43 2.0 39.0 3.0 39.0 2.0 38.0 3.0 38.0
44 3.0 39.0 4.0 39.0 3.0 38.0 4.0 38.0
45 4.0 39.0 5.0 39.0 4.0 38.0 5.0 38.0
46 5.0 39.0 6.0 39.0 5.0 38.0 6.0 38.0
47 6.0 39.0 7.0 39.0 6.0 38.0 7.0 38.0
48 7.0 39.0 8.0 39.0 7.0 38.0 8.0 38.0
49 8.0 39.0 9.0 39.0 8.0 38.0 9.0 38.0
50 9.0 39.0 10.0 39.0 9.0 38.0 10.0 38.0
51 10.0 39.0 11.0 39.0 10.0 38.0 11.0 38.0
52 11.0 39.0 12.0 39.0 11.0 38.0 12.0 38.0
53 12.0 39.0 13.0 39.0 12.0 38.0 13.0 38.0
54 13.0 39.0 14.0 39.0 13.0 38.0 14.0 38.0
55 14.0 39.0 15.0 39.0 14.0 38.0 15.0 38.0
56 15.0 39.0 16.0 39.0 15.0 38.0 16.0 38.0
57 16.0 39.0 17.0 39.0 16.0 38.0 17.0 38.0
58 17.0 39.0 18.0 39.0 17.0 38.0 18.0 38.0
59 18.0 39.0 19.0 39.0 18.0 38.0 19.0 38.0
60 19.0 39.0 20.0 39.0 19.0 38.0 20.0 38.0
61 20.0 39.0 21.0 39.0 20.0 38.0 21.0 38.0
62 21.0 39.0 22.0 39.0 21.0 38.0 22.0 38.0
63 22.0 39.0 23.0 39.0 22.0 38.0 23.0 38.0
64 23.0 39.0 24.0 39.0 23.0 38.0 24.0 38.0
65 24.0 39.0 25.0 39.0 24.0 38.0 25.0 38.0
66 25.0 39.0 26.0 39.0 25.0 38.0 26.0 38.0
67 26.0 39.0 27.0 39.0 26.0 38.0 27.0 38.0
68 27.0 39.0 28.0 39.0 27.0 38.0 28.0 38.0
69 28.0 39.0 29.0 39.0 28.0 38.0 29.0 38.0
70 29.0 39.0 30.0 39.0 29.0 38.0 30.0 38.0
71 30.0 39.0 31.0 39.0 30.0 38.0 31.0 38.0
72 31.0 39.0 32.0 39.0 31.0 38.0 32.0 38.0
73 32.0 39.0 33.0 39.0 32.0 38.0 33.0 38.0
74 33.0 39.0 34.0 39.0 33.0 38.0 34.0 38.0
75 34.0 39.0 35.0 39.0 34.0 38.0 35.0 38.0
76 35.0 39.0 36.0 39.0 35.0 38.0 36.0 38.0
77 36.0 39.0 37.0 39.0 36.0 38.0 37.0 38.0
78 37.0 39.0 38.0 39.0 37.0 38.0 38.0 38.0
79 38.0 39.0 39.0 39.0 38.0 38.0 39.0 38.0
80 39.0 39.0 40.0 39.0 39.0 38.0 40.0 38.0
81 0.0 38.0 1.0 38.0 0.0 37.0 1.0 37.0
82 1.0 38.0 2.0 38.0 1.0 37.0 2.0 37.0
83 2.0 38.0 3.0 38.0 2.0 37.0 3.0 37.0
84 3.0 38.0 4.0 38.0 3.0 37.0 4.0 37.0
85 4.0 38.0 5.0 38.0 4.0 37.0 5.0 37.0
86 5.0 38.0 6.0 38.0 5.0 37.0 6.0 37.0
87 6.0 38.0 7.0 38.0 6.0 37.0 7.0 37.0
88 7.0 38.0 8.0 38.0 7.0 37.0 8.0 37.0
89 8.0 38.0 9.0 38.0 8.0 37.0 9.0 37.0
90 9.0 38.0 10.0 38.0 9.0 37.0 10.0 37.0
91 10.0 38.0 11.0 38.0 10.0 37.0 11.0 37.0
92 11.0 38.0 12.0 38.0 11.0 37.0 12.0 37.0
93 12.0 38.0 13.0 38.0 12.0 37.0 13.0 37.0
94 13.0 38.0 14.0 38.0 13.0 37.0 14.0 37.0
95 14.0 38.0 15.0 38.0 14.0 37.0 15.0 37.0
96 15.0 38.0 16.0 38.0 15.0 37.0 16.0 37.0
97 16.0 38.0 17.0 38.0 16.0 37.0 17.0 37.0
98 17.0 38.0 18.0 38.0 17.0 37.0 18.0 37.0
99 18.0 38.0 19.0 38.0 18.0 37.0 19.0 37.0
100 19.0 38.0 20.0 38.0 19.0 37.0 20.0 37.0
101 20.0 38.0 21.0 38.0 20.0 37.0 21.0 37.0
102 21.0 38.0 22.0 38.0 21.0 37.0 22.0 37.0
103 22.0 38.0 23.0 38.0 22.0 37.0 23.0 37.0
104 23.0 38.0 24.0 38.0 23.0 37.0 24.0 37.0
105 24.0 38.0 25.0 38.0 24.0 37.0 25.0 37.0
106 25.0 38.0 26.0 38.0 25.0 37.0 26.0 37.0
107 26.0 38.0 27.0 38.0 26.0 37.0 27.0 37.0
108 27.0 38.0 28.0 38.0 27.0 37.0 28.0 37.0
109 28.0 38.0 29.0 38.0 28.0 37.0 29.0 37.0
110 29.0 38.0 30.0 38.0 29.0 37.0 30.0 37.0
111 30.0 38.0 31.0 38.0 30.0 37.0 31.0 37.0
112 31.0 38.0 32.0 38.0 31.0 37.0 32.0 37.0
113 32.0 38.0 33.0 38.0 32.0 37.0 33.0 37.0
114 33.0 38.0 34.0 38.0 33.0 37.0 34.0 37.0
115 34.0 38.0 35.0 38.0 34.0 37.0 35.0 37.0
116 35.0 38.0 36.0 38.0 35.0 37.0 36.0 37.0
117 36.0 38.0 37.0 38.0 36.0 37.0 37.0 37.0
118 37.0 38.0 38.0 38.0 37.0 37.0 38.0 37.0
119 38.0 38.0 39.0 38.0 38.0 37.0 39.0 37.0
120 39.0 38.0 40.0 38.0 39.0 37.0 40.0 37.0
121 0.0 37.0 1.0 37.0 0.0 36.0 1.0 36.0
122 1.0 37.0 2.0 37.0 1.0 36.0 2.0 36.0
123 2.0 37.0 3.0 37.0 2.0 36.0 3.0 36.0
124 3.0 37.0 4.0 37.0 3.0 36.0 4.0 36.0
125 4.0 37.0 5.0 37.0 4.0 36.0 5.0 36.0
126 5.0 37.0 6.0 37.0 5.0 36.0 6.0 36.0
127 6.0 37.0 7.0 37.0 6.0 36.0 7.0 36.0
128 7.0 37.0 8.0 37.0 7.0 36.0 8.0 36.0
129 8.0 37.0 9.0 37.0 8.0 36.0 9.0 36.0
130 9.0 37.0 10.0 37.0 9.0 36.0 10.0 36.0
131 10.0 37.0 11.0 37.0 10.0 36.0 11.0 36.0
132 11.0 37.0 12.0 37.0 11.0 36.0 12.0 36.0
133 12.0 37.0 13.0 37.0 12.0 36.0 13.0 36.0
134 13.0 37.0 14.0 37.0 13.0 36.0 14.0 36.0
135 14.0 37.0 15.0 37.0 14.0 36.0 15.0 36.0
136 15.0 37.0 16.0 37.0 15.0 36.0 16.0 36.0
137 16.0 37.0 17.0 37.0 16.0 36.0 17.0 36.0
138 17.0 37.0 18.0 37.0 17.0 36.0 18.0 36.0
139 18.0 37.0 19.0 37.0 18.0 36.0 19.0 36.0
140 19.0 37.0 20.0 37.0 19.0 36.0 20.0 36.0
141 20.0 37.0 21.0 37.0 20.0 36.0 21.0 36.0
142 21.0 37.0 22.0 37.0 21.0 36.0 22.0 36.0
143 22.0 37.0 23.0 37.0 22.0 36.0 23.0 36.0
144 23.0 37.0 24.0 37.0 23.0 36.0 24.0 36.0
145 24.0 37.0 25.0 37.0 24.0 36.0 25.0 36.0
146 25.0 37.0 26.0 37.0 25.0 36.0 26.0 36.0
147 26.0 37.0 27.0 37.0 26.0 36.0 27.0 36.0
148 27.0 37.0 28.0 37.0 27.0 36.0 28.0 36.0
149 28.0 37.0 29.0 37.0 28.0 36.0 29.0 36.0
150 29.0 37.0 30.0 37.0 29.0 36.0 30.0 36.0
151 30.0 37.0 31.0 37.0 30.0 36.0 31.0 36.0
152 31.0 37.0 32.0 37.0 31.0 36.0 32.0 36.0
153 32.0 37.0 33.0 37.0 32.0 36.0 33.0 36.0
154 33.0 37.0 34.0 37.0 33.0 36.0 34.0 36.0
155 34.0 37.0 35.0 37.0 34.0 36.0 35.0 36.0
156 35.0 37.0 36.0 37.0 35.0 36.0 36.0 36.0
157 36.0 37.0 37.0 37.0 36.0 36.0 37.0 36.0
158 37.0 37.0 38.0 37.0 37.0 36.0 38.0 36.0
159 38.0 37.0 39.0 37.0 38.0 36.0 39.0 36.0
160 39.0 37.0 40.0 37.0 39.0 36.0 40.0 36.0
161 0.0 36.0 1.0 36.0 0.0 35.0 1.0 35.0
162 1.0 36.0 2.0 36.0 1.0 35.0 2.0 35.0
163 2.0 36.0 3.0 36.0 2.0 35.0 3.0 35.0
164 3.0 36.0 4.0 36.0 3.0 35.0 4.0 35.0
165 4.0 36.0 5.0 36.0 4.0 35.0 5.0 35.0
166 5.0 36.0 6.0 36.0 5.0 35.0 6.0 35.0
167 6.0 36.0 7.0 36.0 6.0 35.0 7.0 35.0
168 7.0 36.0 8.0 36.0 7.0 35.0 8.0 35.0
169 8.0 36.0 9.0 36.0 8.0 35.0 9.0 35.0
170 9.0 36.0 10.0 36.0 9.0 35.0 10.0 35.0
171 10.0 36.0 11.0 36.0 10.0 35.0 11.0 35.0
172 11.0 36.0 12.0 36.0 11.0 35.0 12.0 35.0
173 12.0 36.0 13.0 36.0 12.0 35.0 13.0 35.0
174 13.0 36.0 14.0 36.0 13.0 35.0 14.0 35.0
175 14.0 36.0 15.0 36.0 14.0 35.0 15.0 35.0
176 15.0 36.0 16.0 36.0 15.0 35.0 16.0 35.0
177 16.0 36.0 17.0 36.0 16.0 35.0 17.0 35.0
178 17.0 36.0 18.0 36.0 17.0 35.0 18.0 35.0
179 18.0 36.0 19.0 36.0 18.0 35.0 19.0 35.0
180 19.0 36.0 20.0 36.0 19.0 35.0 20.0 35.0
181 20.0 36.0 21.0 36.0 20.0 35.0 21.0 35.0
182 21.0 36.0 22.0 36.0 21.0 35.0 22.0 35.0
183 22.0 36.0 23.0 36.0 22.0 35.0 23.0 35.0
184 23.0 36.0 24.0 36.0 23.0 35.0 24.0 35.0
185 24.0 36.0 25.0 36.0 24.0 35.0 25.0 35.0
186 25.0 36.0 26.0 36.0 25.0 35.0 26.0 35.0
187 26.0 36.0 27.0 36.0 26.0 35.0 27.0 35.0
188 27.0 36.0 28.0 36.0 27.0 35.0 28.0 35.0
189 28.0 36.0 29.0 36.0 28.0 35.0 29.0 35.0
190 29.0 36.0 30.0 36.0 29.0 35.0 30.0 35.0
191 30.0 36.0 31.0 36.0 30.0 35.0 31.0 35.0
192 31.0 36.0 32.0 36.0 31.0 35.0 32.0 35.0
193 32.0 36.0 33.0 36.0 32.0 35.0 33.0 35.0
194 33.0 36.0 34.0 36.0 33.0 35.0 34.0 35.0
195 34.0 36.0 35.0 36.0 34.0 35.0 35.0 35.0
196 35.0 36.0 36.0 36.0 35.0 35.0 36.0 35.0
197 36.0 36.0 37.0 36.0 36.0 35.0 37.0 35.0
198 37.0 36.0 38.0 36.0 37.0 35.0 38.0 35.0
199 38.0 36.0 39.0 36.0 38.0 35.0 39.0 35.0
200 39.0 36.0 40.0 36.0 39.0 35.0 40.0 35.0
201 0.0 35.0 1.0 35.0 0.0 34.0 1.0 34.0
202 1.0 35.0 2.0 35.0 1.0 34.0 2.0 34.0
203 2.0 35.0 3.0 35.0 2.0 34.0 3.0 34.0
204 3.0 35.0 4.0 35.0 3.0 34.0 4.0 34.0
205 4.0 35.0 5.0 35.0 4.0 34.0 5.0 34.0
206 5.0 35.0 6.0 35.0 5.0 34.0 6.0 34.0
207 6.0 35.0 7.0 35.0 6.0 34.0 7.0 34.0
208 7.0 35.0 8.0 35.0 7.0 34.0 8.0 34.0
209 8.0 35.0 9.0 35.0 8.0 34.0 9.0 34.0
210 9.0 35.0 10.0 35.0 9.0 34.0 10.0 34.0
211 10.0 35.0 11.0 35.0 10.0 34.0 11.0 34.0
212 11.0 35.0 12.0 35.0 11.0 34.0 12.0 34.0
213 12.0 35.0 13.0 35.0 12.0 34.0 13.0 34.0
214 13.0 35.0 14.0 35.0 13.0 34.0 14.0 34.0
215 14.0 35.0 15.0 35.0 14.0 34.0 15.0 34.0
216 15.0 35.0 16.0 35.0 15.0 34.0 16.0 34.0
217 16.0 35.0 17.0 35.0 16.0 34.0 17.0 34.0
218 17.0 35.0 18.0 35.0 17.0 34.0 18.0 34.0
219 18.0 35.0 19.0 35.0 18.0 34.0 19.0 34.0
220 19.0 35.0 20.0 35.0 19.0 34.0 20.0 34.0
221 20.0 35.0 21.0 35.0 20.0 34.0 21.0 34.0
222 21.0 35.0 22.0 35.0 21.0 34.0 22.0 34.0
223 22.0 35.0 23.0 35.0 22.0 34.0 23.0 34.0
224 23.0 35.0 24.0 35.0 23.0 34.0 24.0 34.0
225 24.0 35.0 25.0 35.0 24.0 34.0 25.0 34.0
226 25.0 35.0 26.0 35.0 25.0 34.0 26.0 34.0
227 26.0 35.0 27.0 35.0 26.0 34.0 27.0 34.0
228 27.0 35.0 28.0 35.0 27.0 34.0 28.0 34.0
229 28.0 35.0 29.0 35.0 28.0 34.0 29.0 34.0
230 29.0 35.0 30.0 35.0 29.0 34.0 30.0 34.0
231 30.0 35.0 31.0 35.0 30.0 34.0 31.0 34.0
232 31.0 35.0 32.0 35.0 31.0 34.0 32.0 34.0
233 32.0 35.0 33.0 35.0 32.0 34.0 33.0 34.0
234 33.0 35.0 34.0 35.0 33.0 34.0 34.0 34.0
235 34.0 35.0 35.0 35.0 34.0 34.0 35.0 34.0
236 35.0 35.0 36.0 35.0 35.0 34.0 36.0 34.0
237 36.0 35.0 37.0 35.0 36.0 34.0 37.0 34.0
238 37.0 35.0 38.0 35.0 37.0 34.0 38.0 34.0
239 38.0 35.0 39.0 35.0 38.0 34.0 39.0 34.0
240 39.0 35.0 40.0 35.0 39.0 34.0 40.0 34.0
241 0.0 34.0 1.0 34.0 0.0 33.0 1.0 33.0
242 1.0 34.0 2.0 34.0 1.0 33.0 2.0 33.0
243 2.0 34.0 3.0 34.0 2.0 33.0 3.0 33.0
244 3.0 34.0 4.0 34.0 3.0 33.0 4.0 33.0
245 4.0 34.0 5.0 34.0 4.0 33.0 5.0 33.0
246 5.0 34.0 6.0 34.0 5.0 33.0 6.0 33.0
247 6.0 34.0 7.0 34.0 6.0 33.0 7.0 33.0
248 7.0 34.0 8.0 34.0 7.0 33.0 8.0 33.0
249 8.0 34.0 9.0 34.0 8.0 33.0 9.0 33.0
250 9.0 34.0 10.0 34.0 9.0 33.0 10.0 33.0
251 10.0 34.0 11.0 34.0 10.0 33.0 11.0 33.0
252 11.0 34.0 12.0 34.0 11.0 33.0 12.0 33.0
253 12.0 34.0 13.0 34.0 12.0 33.0 13.0 33.0
254 13.0 34.0 14.0 34.0 13.0 33.0 14.0 33.0
255 14.0 34.0 15.0 34.0 14.0 33.0 15.0 33.0
256 15.0 34.0 16.0 34.0 15.0 33.0 16.0 33.0
257 16.0 34.0 17.0 34.0 16.0 33.0 17.0 33.0
258 17.0 34.0 18.0 34.0 17.0 33.0 18.0 33.0
259 18.0 34.0 19.0 34.0 18.0 33.0 19.0 33.0
260 19.0 34.0 20.0 34.0 19.0 33.0 20.0 33.0
261 20.0 34.0 21.0 34.0 20.0 33.0 21.0 33.0
262 21.0 34.0 22.0 34.0 21.0 33.0 22.0 33.0
263 22.0 34.0 23.0 34.0 22.0 33.0 23.0 33.0
264 23.0 34.0 24.0 34.0 23.0 33.0 24.0 33.0
265 24.0 34.0 25.0 34.0 24.0 33.0 25.0 33.0
266 25.0 34.0 26.0 34.0 25.0 33.0 26.0 33.0
267 26.0 34.0 27.0 34.0 26.0 33.0 27.0 33.0
268 27.0 34.0 28.0 34.0 27.0 33.0 28.0 33.0
269 28.0 34.0 29.0 34.0 28.0 33.0 29.0 33.0
270 29.0 34.0 30.0 34.0 29.0 33.0 30.0 33.0
271 30.0 34.0 31.0 34.0 30.0 33.0 31.0 33.0
272 31.0 34.0 32.0 34.0 31.0 33.0 32.0 33.0
273 32.0 34.0 33.0 34.0 32.0 33.0 33.0 33.0
274 33.0 34.0 34.0 34.0 33.0 33.0 34.0 33.0
275 34.0 34.0 35.0 34.0 34.0 33.0 35.0 33.0
276 35.0 34.0 36.0 34.0 35.0 33.0 36.0 33.0
277 36.0 34.0 37.0 34.0 36.0 33.0 37.0 33.0
278 37.0 34.0 38.0 34.0 37.0 33.0 38.0 33.0
279 38.0 34.0 39.0 34.0 38.0 33.0 39.0 33.0
280 39.0 34.0 40.0 34.0 39.0 33.0 40.0 33.0
281 0.0 33.0 1.0 33.0 0.0 32.0 1.0 32.0
282 1.0 33.0 2.0 33.0 1.0 32.0 2.0 32.0
283 2.0 33.0 3.0 33.0 2.0 32.0 3.0 32.0
284 3.0 33.0 4.0 33.0 3.0 32.0 4.0 32.0
285 4.0 33.0 5.0 33.0 4.0 32.0 5.0 32.0
286 5.0 33.0 6.0 33.0 5.0 32.0 6.0 32.0
287 6.0 33.0 7.0 33.0 6.0 32.0 7.0 32.0
288 7.0 33.0 8.0 33.0 7.0 32.0 8.0 32.0
289 8.0 33.0 9.0 33.0 8.0 32.0 9.0 32.0
290 9.0 33.0 10.0 33.0 9.0 32.0 10.0 32.0
291 10.0 33.0 11.0 33.0 10.0 32.0 11.0 32.0
292 11.0 33.0 12.0 33.0 11.0 32.0 12.0 32.0
293 12.0 33.0 13.0 33.0 12.0 32.0 13.0 32.0
294 13.0 33.0 14.0 33.0 13.0 32.0 14.0 32.0
295 14.0 33.0 15.0 33.0 14.0 32.0 15.0 32.0
296 15.0 33.0 16.0 33.0 15.0 32.0 16.0 32.0
297 16.0 33.0 17.0 33.0 16.0 32.0 17.0 32.0
298 17.0 33.0 18.0 33.0 17.0 32.0 18.0 32.0
299 18.0 33.0 19.0 33.0 18.0 32.0 19.0 32.0
300 19.0 33.0 20.0 33.0 19.0 32.0 20.0 32.0
301 20.0 33.0 21.0 33.0 20.0 32.0 21.0 32.0
302 21.0 33.0 22.0 33.0 21.0 32.0 22.0 32.0
303 22.0 33.0 23.0 33.0 22.0 32.0 23.0 32.0
304 23.0 33.0 24.0 33.0 23.0 32.0 24.0 32.0
305 24.0 33.0 25.0 33.0 24.0 32.0 25.0 32.0
306 25.0 33.0 26.0 33.0 25.0 32.0 26.0 32.0
307 26.0 33.0 27.0 33.0 26.0 32.0 27.0 32.0
308 27.0 33.0 28.0 33.0 27.0 32.0 28.0 32.0
309 28.0 33.0 29.0 33.0 28.0 32.0 29.0 32.0
310 29.0 33.0 30.0 33.0 29.0 32.0 30.0 32.0
311 30.0 33.0 31.0 33.0 30.0 32.0 31.0 32.0
312 31.0 33.0 32.0 33.0 31.0 32.0 32.0 32.0
313 32.0 33.0 33.0 33.0 32.0 32.0 33.0 32.0
314 33.0 33.0 34.0 33.0 33.0 32.0 34.0 32.0
315 34.0 33.0 35.0 33.0 34.0 32.0 35.0 32.0
316 35.0 33.0 36.0 33.0 35.0 32.0 36.0 32.0
317 36.0 33.0 37.0 33.0 36.0 32.0 37.0 32.0
318 37.0 33.0 38.0 33.0 37.0 32.0 38.0 32.0
319 38.0 33.0 39.0 33.0 38.0 32.0 39.0 32.0
320 39.0 33.0 40.0 33.0 39.0 32.0 40.0 32.0
321 0.0 32.0 1.0 32.0 0.0 31.0 1.0 31.0
322 1.0 32.0 2.0 32.0 1.0 31.0 2.0 31.0
323 2.0 32.0 3.0 32.0 2.0 31.0 3.0 31.0
324 3.0 32.0 4.0 32.0 3.0 31.0 4.0 31.0
325 4.0 32.0 5.0 32.0 4.0 31.0 5.0 31.0
326 5.0 32.0 6.0 32.0 5.0 31.0 6.0 31.0
327 6.0 32.0 7.0 32.0 6.0 31.0 7.0 31.0
328 7.0 32.0 8.0 32.0 7.0 31.0 8.0 31.0
329 8.0 32.0 9.0 32.0 8.0 31.0 9.0 31.0
330 9.0 32.0 10.0 32.0 9.0 31.0 10.0 31.0
331 10.0 32.0 11.0 32.0 10.0 31.0 11.0 31.0
332 11.0 32.0 12.0 32.0 11.0 31.0 12.0 31.0
333 12.0 32.0 13.0 32.0 12.0 31.0 13.0 31.0
334 13.0 32.0 14.0 32.0 13.0 31.0 14.0 31.0
335 14.0 32.0 15.0 32.0 14.0 31.0 15.0 31.0
336 15.0 32.0 16.0 32.0 15.0 31.0 16.0 31.0
337 16.0 32.0 17.0 32.0 16.0 31.0 17.0 31.0
338 17.0 32.0 18.0 32.0 17.0 31.0 18.0 31.0
339 18.0 32.0 19.0 32.0 18.0 31.0 19.0 31.0
340 19.0 32.0 20.0 32.0 19.0 31.0 20.0 31.0
341 20.0 32.0 21.0 32.0 20.0 31.0 21.0 31.0
342 21.0 32.0 22.0 32.0 21.0 31.0 22.0 31.0
343 22.0 32.0 23.0 32.0 22.0 31.0 23.0 31.0
344 23.0 32.0 24.0 32.0 23.0 31.0 24.0 31.0
345 24.0 32.0 25.0 32.0 24.0 31.0 25.0 31.0
346 25.0 32.0 26.0 32.0 25.0 31.0 26.0 31.0
347 26.0 32.0 27.0 32.0 26.0 31.0 27.0 31.0
348 27.0 32.0 28.0 32.0 27.0 31.0 28.0 31.0
349 28.0 32.0 29.0 32.0 28.0 31.0 29.0 31.0
350 29.0 32.0 30.0 32.0 29.0 31.0 30.0 31.0
351 30.0 32.0 31.0 32.0 30.0 31.0 31.0 31.0
352 31.0 32.0 32.0 32.0 31.0 31.0 32.0 31.0
353 32.0 32.0 33.0 32.0 32.0 31.0 33.0 31.0
354 33.0 32.0 34.0 32.0 33.0 31.0 34.0 31.0
355 34.0 32.0 35.0 32.0 34.0 31.0 35.0 31.0
356 35.0 32.0 36.0 32.0 35.0 31.0 36.0 31.0
357 36.0 32.0 37.0 32.0 36.0 31.0 37.0 31.0
358 37.0 32.0 38.0 32.0 37.0 31.0 38.0 31.0
359 38.0 32.0 39.0 32.0 38.0 31.0 39.0 31.0
360 39.0 32.0 40.0 32.0 39.0 31.0 40.0 31.0
361 0.0 31.0 1.0 31.0 0.0 30.0 1.0 30.0
362 1.0 31.0 2.0 31.0 1.0 30.0 2.0 30.0
363 2.0 31.0 3.0 31.0 2.0 30.0 3.0 30.0
364 3.0 31.0 4.0 31.0 3.0 30.0 4.0 30.0
365 4.0 31.0 5.0 31.0 4.0 30.0 5.0 30.0
366 5.0 31.0 6.0 31.0 5.0 30.0 6.0 30.0
367 6.0 31.0 7.0 31.0 6.0 30.0 7.0 30.0
368 7.0 31.0 8.0 31.0 7.0 30.0 8.0 30.0
369 8.0 31.0 9.0 31.0 8.0 30.0 9.0 30.0
370 9.0 31.0 10.0 31.0 9.0 30.0 10.0 30.0
371 10.0 31.0 11.0 31.0 10.0 30.0 11.0 30.0
372 11.0 31.0 12.0 31.0 11.0 30.0 12.0 30.0
373 12.0 31.0 13.0 31.0 12.0 30.0 13.0 30.0
374 13.0 31.0 14.0 31.0 13.0 30.0 14.0 30.0
375 14.0 31.0 15.0 31.0 14.0 30.0 15.0 30.0
376 15.0 31.0 16.0 31.0 15.0 30.0 16.0 30.0
377 16.0 31.0 17.0 31.0 16.0 30.0 17.0 30.0
378 17.0 31.0 18.0 31.0 17.0 30.0 18.0 30.0
379 18.0 31.0 19.0 31.0 18.0 30.0 19.0 30.0
380 19.0 31.0 20.0 31.0 19.0 30.0 20.0 30.0
381 20.0 31.0 21.0 31.0 20.0 30.0 21.0 30.0
382 21.0 31.0 22.0 31.0 21.0 30.0 22.0 30.0
383 22.0 31.0 23.0 31.0 22.0 30.0 23.0 30.0
384 23.0 31.0 24.0 31.0 23.0 30.0 24.0 30.0
385 24.0 31.0 25.0 31.0 24.0 30.0 25.0 30.0
386 25.0 31.0 26.0 31.0 25.0 30.0 26.0 30.0
387 26.0 31.0 27.0 31.0 26.0 30.0 27.0 30.0
388 27.0 31.0 28.0 31.0 27.0 30.0 28.0 30.0
389 28.0 31.0 29.0 31.0 28.0 30.0 29.0 30.0
390 29.0 31.0 30.0 31.0 29.0 30.0 30.0 30.0
391 30.0 31.0 31.0 31.0 30.0 30.0 31.0 30.0
392 31.0 31.0 32.0 31.0 31.0 30.0 32.0 30.0
393 32.0 31.0 33.0 31.0 32.0 30.0 33.0 30.0
394 33.0 31.0 34.0 31.0 33.0 30.0 34.0 30.0
395 34.0 31.0 35.0 31.0 34.0 30.0 35.0 30.0
396 35.0 31.0 36.0 31.0 35.0 30.0 36.0 30.0
397 36.0 31.0 37.0 31.0 36.0 30.0 37.0 30.0
398 37.0 31.0 38.0 31.0 37.0 30.0 38.0 30.0
399 38.0 31.0 39.0 31.0 38.0 30.0 39.0 30.0
400 39.0 31.0 40.0 31.0 39.0 30.0 40.0 30.0
401 0.0 30.0 1.0 30.0 0.0 29.0 1.0 29.0
402 1.0 30.0 2.0 30.0 1.0 29.0 2.0 29.0
403 2.0 30.0 3.0 30.0 2.0 29.0 3.0 29.0
404 3.0 30.0 4.0 30.0 3.0 29.0 4.0 29.0
405 4.0 30.0 5.0 30.0 4.0 29.0 5.0 29.0
406 5.0 30.0 6.0 30.0 5.0 29.0 6.0 29.0
407 6.0 30.0 7.0 30.0 6.0 29.0 7.0 29.0
408 7.0 30.0 8.0 30.0 7.0 29.0 8.0 29.0
409 8.0 30.0 9.0 30.0 8.0 29.0 9.0 29.0
410 9.0 30.0 10.0 30.0 9.0 29.0 10.0 29.0
411 10.0 30.0 11.0 30.0 10.0 29.0 11.0 29.0
412 11.0 30.0 12.0 30.0 11.0 29.0 12.0 29.0
413 12.0 30.0 13.0 30.0 12.0 29.0 13.0 29.0
414 13.0 30.0 14.0 30.0 13.0 29.0 14.0 29.0
415 14.0 30.0 15.0 30.0 14.0 29.0 15.0 29.0
416 15.0 30.0 16.0 30.0 15.0 29.0 16.0 29.0
417 16.0 30.0 17.0 30.0 16.0 29.0 17.0 29.0
418 17.0 30.0 18.0 30.0 17.0 29.0 18.0 29.0
419 18.0 30.0 19.0 30.0 18.0 29.0 19.0 29.0
420 19.0 30.0 20.0 30.0 19.0 29.0 20.0 29.0
421 20.0 30.0 21.0 30.0 20.0 29.0 21.0 29.0
422 21.0 30.0 22.0 30.0 21.0 29.0 22.0 29.0
423 22.0 30.0 23.0 30.0 22.0 29.0 23.0 29.0
424 23.0 30.0 24.0 30.0 23.0 29.0 24.0 29.0
425 24.0 30.0 25.0 30.0 24.0 29.0 25.0 29.0
426 25.0 30.0 26.0 30.0 25.0 29.0 26.0 29.0
427 26.0 30.0 27.0 30.0 26.0 29.0 27.0 29.0
428 27.0 30.0 28.0 30.0 27.0 29.0 28.0 29.0
429 28.0 30.0 29.0 30.0 28.0 29.0 29.0 29.0
430 29.0 30.0 30.0 30.0 29.0 29.0 30.0 29.0
431 30.0 30.0 31.0 30.0 30.0 29.0 31.0 29.0
432 31.0 30.0 32.0 30.0 31.0 29.0 32.0 29.0
433 32.0 30.0 33.0 30.0 32.0 29.0 33.0 29.0
434 33.0 30.0 34.0 30.0 33.0 29.0 34.0 29.0
435 34.0 30.0 35.0 30.0 34.0 29.0 35.0 29.0
436 35.0 30.0 36.0 30.0 35.0 29.0 36.0 29.0
437 36.0 30.0 37.0 30.0 36.0 29.0 37.0 29.0
438 37.0 30.0 38.0 30.0 37.0 29.0 38.0 29.0
439 38.0 30.0 39.0 30.0 38.0 29.0 39.0 29.0
440 39.0 30.0 40.0 30.0 39.0 29.0 40.0 29.0
441 0.0 29.0 1.0 29.0 0.0 28.0 1.0 28.0
442 1.0 29.0 2.0 29.0 1.0 28.0 2.0 28.0
443 2.0 29.0 3.0 29.0 2.0 28.0 3.0 28.0
444 3.0 29.0 4.0 29.0 3.0 28.0 4.0 28.0
445 4.0 29.0 5.0 29.0 4.0 28.0 5.0 28.0
446 5.0 29.0 6.0 29.0 5.0 28.0 6.0 28.0
447 6.0 29.0 7.0 29.0 6.0 28.0 7.0 28.0
448 7.0 29.0 8.0 29.0 7.0 28.0 8.0 28.0
449 8.0 29.0 9.0 29.0 8.0 28.0 9.0 28.0
450 9.0 29.0 10.0 29.0 9.0 28.0 10.0 28.0
451 10.0 29.0 11.0 29.0 10.0 28.0 11.0 28.0
452 11.0 29.0 12.0 29.0 11.0 28.0 12.0 28.0
453 12.0 29.0 13.0 29.0 12.0 28.0 13.0 28.0
454 13.0 29.0 14.0 29.0 13.0 28.0 14.0 28.0
455 14.0 29.0 15.0 29.0 14.0 28.0 15.0 28.0
456 15.0 29.0 16.0 29.0 15.0 28.0 16.0 28.0
457 16.0 29.0 17.0 29.0 16.0 28.0 17.0 28.0
458 17.0 29.0 18.0 29.0 17.0 28.0 18.0 28.0
459 18.0 29.0 19.0 29.0 18.0 28.0 19.0 28.0
460 19.0 29.0 20.0 29.0 19.0 28.0 20.0 28.0
461 20.0 29.0 21.0 29.0 20.0 28.0 21.0 28.0
462 21.0 29.0 22.0 29.0 21.0 28.0 22.0 28.0
463 22.0 29.0 23.0 29.0 22.0 28.0 23.0 28.0
464 23.0 29.0 24.0 29.0 23.0 28.0 24.0 28.0
465 24.0 29.0 25.0 29.0 24.0 28.0 25.0 28.0
466 25.0 29.0 26.0 29.0 25.0 28.0 26.0 28.0
467 26.0 29.0 27.0 29.0 26.0 28.0 27.0 28.0
468 27.0 29.0 28.0 29.0 27.0 28.0 28.0 28.0
469 28.0 29.0 29.0 29.0 28.0 28.0 29.0 28.0
470 29.0 29.0 30.0 29.0 29.0 28.0 30.0 28.0
471 30.0 29.0 31.0 29.0 30.0 28.0 31.0 28.0
472 31.0 29.0 32.0 29.0 31.0 28.0 32.0 28.0
473 32.0 29.0 33.0 29.0 32.0 28.0 33.0 28.0
474 33.0 29.0 34.0 29.0 33.0 28.0 34.0 28.0
475 34.0 29.0 35.0 29.0 34.0 28.0 35.0 28.0
476 35.0 29.0 36.0 29.0 35.0 28.0 36.0 28.0
477 36.0 29.0 37.0 29.0 36.0 28.0 37.0 28.0
478 37.0 29.0 38.0 29.0 37.0 28.0 38.0 28.0
479 38.0 29.0 39.0 29.0 38.0 28.0 39.0 28.0
480 39.0 29.0 40.0 29.0 39.0 28.0 40.0 28.0
481 0.0 28.0 1.0 28.0 0.0 27.0 1.0 27.0
482 1.0 28.0 2.0 28.0 1.0 27.0 2.0 27.0
483 2.0 28.0 3.0 28.0 2.0 27.0 3.0 27.0
484 3.0 28.0 4.0 28.0 3.0 27.0 4.0 27.0
485 4.0 28.0 5.0 28.0 4.0 27.0 5.0 27.0
486 5.0 28.0 6.0 28.0 5.0 27.0 6.0 27.0
487 6.0 28.0 7.0 28.0 6.0 27.0 7.0 27.0
488 7.0 28.0 8.0 28.0 7.0 27.0 8.0 27.0
489 8.0 28.0 9.0 28.0 8.0 27.0 9.0 27.0
490 9.0 28.0 10.0 28.0 9.0 27.0 10.0 27.0
491 10.0 28.0 11.0 28.0 10.0 27.0 11.0 27.0
492 11.0 28.0 12.0 28.0 11.0 27.0 12.0 27.0
493 12.0 28.0 13.0 28.0 12.0 27.0 13.0 27.0
494 13.0 28.0 14.0 28.0 13.0 27.0 14.0 27.0
495 14.0 28.0 15.0 28.0 14.0 27.0 15.0 27.0
496 15.0 28.0 16.0 28.0 15.0 27.0 16.0 27.0
497 16.0 28.0 17.0 28.0 16.0 27.0 17.0 27.0
498 17.0 28.0 18.0 28.0 17.0 27.0 18.0 27.0
499 18.0 28.0 19.0 28.0 18.0 27.0 19.0 27.0
500 19.0 28.0 20.0 28.0 19.0 27.0 20.0 27.0
501 20.0 28.0 21.0 28.0 20.0 27.0 21.0 27.0
502 21.0 28.0 22.0 28.0 21.0 27.0 22.0 27.0
503 22.0 28.0 23.0 28.0 22.0 27.0 23.0 27.0
504 23.0 28.0 24.0 28.0 23.0 27.0 24.0 27.0
505 24.0 28.0 25.0 28.0 24.0 27.0 25.0 27.0
506 25.0 28.0 26.0 28.0 25.0 27.0 26.0 27.0
507 26.0 28.0 27.0 28.0 26.0 27.0 27.0 27.0
508 27.0 28.0 28.0 28.0 27.0 27.0 28.0 27.0
509 28.0 28.0 29.0 28.0 28.0 27.0 29.0 27.0
510 29.0 28.0 30.0 28.0 29.0 27.0 30.0 27.0
511 30.0 28.0 31.0 28.0 30.0 27.0 31.0 27.0
512 31.0 28.0 32.0 28.0 31.0 27.0 32.0 27.0
513 32.0 28.0 33.0 28.0 32.0 27.0 33.0 27.0
514 33.0 28.0 34.0 28.0 33.0 27.0 34.0 27.0
515 34.0 28.0 35.0 28.0 34.0 27.0 35.0 27.0
516 35.0 28.0 36.0 28.0 35.0 27.0 36.0 27.0
517 36.0 28.0 37.0 28.0 36.0 27.0 37.0 27.0
518 37.0 28.0 38.0 28.0 37.0 27.0 38.0 27.0
519 38.0 28.0 39.0 28.0 38.0 27.0 39.0 27.0
520 39.0 28.0 40.0 28.0 39.0 27.0 40.0 27.0
521 0.0 27.0 1.0 27.0 0.0 26.0 1.0 26.0
522 1.0 27.0 2.0 27.0 1.0 26.0 2.0 26.0
523 2.0 27.0 3.0 27.0 2.0 26.0 3.0 26.0
524 3.0 27.0 4.0 27.0 3.0 26.0 4.0 26.0
525 4.0 27.0 5.0 27.0 4.0 26.0 5.0 26.0
526 5.0 27.0 6.0 27.0 5.0 26.0 6.0 26.0
527 6.0 27.0 7.0 27.0 6.0 26.0 7.0 26.0
528 7.0 27.0 8.0 27.0 7.0 26.0 8.0 26.0
529 8.0 27.0 9.0 27.0 8.0 26.0 9.0 26.0
530 9.0 27.0 10.0 27.0 9.0 26.0 10.0 26.0
531 10.0 27.0 11.0 27.0 10.0 26.0 11.0 26.0
532 11.0 27.0 12.0 27.0 11.0 26.0 12.0 26.0
533 12.0 27.0 13.0 27.0 12.0 26.0 13.0 26.0
534 13.0 27.0 14.0 27.0 13.0 26.0 14.0 26.0
535 14.0 27.0 15.0 27.0 14.0 26.0 15.0 26.0
536 15.0 27.0 16.0 27.0 15.0 26.0 16.0 26.0
537 16.0 27.0 17.0 27.0 16.0 26.0 17.0 26.0
538 17.0 27.0 18.0 27.0 17.0 26.0 18.0 26.0
539 18.0 27.0 19.0 27.0 18.0 26.0 19.0 26.0
540 19.0 27.0 20.0 27.0 19.0 26.0 20.0 26.0
541 20.0 27.0 21.0 27.0 20.0 26.0 21.0 26.0
542 21.0 27.0 22.0 27.0 21.0 26.0 22.0 26.0
543 22.0 27.0 23.0 27.0 22.0 26.0 23.0 26.0
544 23.0 27.0 24.0 27.0 23.0 26.0 24.0 26.0
545 24.0 27.0 25.0 27.0 24.0 26.0 25.0 26.0
546 25.0 27.0 26.0 27.0 25.0 26.0 26.0 26.0
547 26.0 27.0 27.0 27.0 26.0 26.0 27.0 26.0
548 27.0 27.0 28.0 27.0 27.0 26.0 28.0 26.0
549 28.0 27.0 29.0 27.0 28.0 26.0 29.0 26.0
550 29.0 27.0 30.0 27.0 29.0 26.0 30.0 26.0
551 30.0 27.0 31.0 27.0 30.0 26.0 31.0 26.0
552 31.0 27.0 32.0 27.0 31.0 26.0 32.0 26.0
553 32.0 27.0 33.0 27.0 32.0 26.0 33.0 26.0
554 33.0 27.0 34.0 27.0 33.0 26.0 34.0 26.0
555 34.0 27.0 35.0 27.0 34.0 26.0 35.0 26.0
556 35.0 27.0 36.0 27.0 35.0 26.0 36.0 26.0
557 36.0 27.0 37.0 27.0 36.0 26.0 37.0 26.0
558 37.0 27.0 38.0 27.0 37.0 26.0 38.0 26.0
559 38.0 27.0 39.0 27.0 38.0 26.0 39.0 26.0
560 39.0 27.0 40.0 27.0 39.0 26.0 40.0 26.0
561 0.0 26.0 1.0 26.0 0.0 25.0 1.0 25.0
562 1.0 26.0 2.0 26.0 1.0 25.0 2.0 25.0
563 2.0 26.0 3.0 26.0 2.0 25.0 3.0 25.0
564 3.0 26.0 4.0 26.0 3.0 25.0 4.0 25.0
565 4.0 26.0 5.0 26.0 4.0 25.0 5.0 25.0
566 5.0 26.0 6.0 26.0 5.0 25.0 6.0 25.0
567 6.0 26.0 7.0 26.0 6.0 25.0 7.0 25.0
568 7.0 26.0 8.0 26.0 7.0 25.0 8.0 25.0
569 8.0 26.0 9.0 26.0 8.0 25.0 9.0 25.0
570 9.0 26.0 10.0 26.0 9.0 25.0 10.0 25.0
571 10.0 26.0 11.0 26.0 10.0 25.0 11.0 25.0
572 11.0 26.0 12.0 26.0 11.0 25.0 12.0 25.0
573 12.0 26.0 13.0 26.0 12.0 25.0 13.0 25.0
574 13.0 26.0 14.0 26.0 13.0 25.0 14.0 25.0
575 14.0 26.0 15.0 26.0 14.0 25.0 15.0 25.0
576 15.0 26.0 16.0 26.0 15.0 25.0 16.0 25.0
577 16.0 26.0 17.0 26.0 16.0 25.0 17.0 25.0
578 17.0 26.0 18.0 26.0 17.0 25.0 18.0 25.0
579 18.0 26.0 19.0 26.0 18.0 25.0 19.0 25.0
580 19.0 26.0 20.0 26.0 19.0 25.0 20.0 25.0
581 20.0 26.0 21.0 26.0 20.0 25.0 21.0 25.0
582 21.0 26.0 22.0 26.0 21.0 25.0 22.0 25.0
583 22.0 26.0 23.0 26.0 22.0 25.0 23.0 25.0
584 23.0 26.0 24.0 26.0 23.0 25.0 24.0 25.0
585 24.0 26.0 25.0 26.0 24.0 25.0 25.0 25.0
586 25.0 26.0 26.0 26.0 25.0 25.0 26.0 25.0
587 26.0 26.0 27.0 26.0 26.0 25.0 27.0 25.0
588 27.0 26.0 28.0 26.0 27.0 25.0 28.0 25.0
589 28.0 26.0 29.0 26.0 28.0 25.0 29.0 25.0
590 29.0 26.0 30.0 26.0 29.0 25.0 30.0 25.0
591 30.0 26.0 31.0 26.0 30.0 25.0 31.0 25.0
592 31.0 26.0 32.0 26.0 31.0 25.0 32.0 25.0
593 32.0 26.0 33.0 26.0 32.0 25.0 33.0 25.0
594 33.0 26.0 34.0 26.0 33.0 25.0 34.0 25.0
595 34.0 26.0 35.0 26.0 34.0 25.0 35.0 25.0
596 35.0 26.0 36.0 26.0 35.0 25.0 36.0 25.0
597 36.0 26.0 37.0 26.0 36.0 25.0 37.0 25.0
598 37.0 26.0 38.0 26.0 37.0 25.0 38.0 25.0
599 38.0 26.0 39.0 26.0 38.0 25.0 39.0 25.0
600 39.0 26.0 40.0 26.0 39.0 25.0 40.0 25.0
601 0.0 25.0 1.0 25.0 0.0 24.0 1.0 24.0
602 1.0 25.0 2.0 25.0 1.0 24.0 2.0 24.0
603 2.0 25.0 3.0 25.0 2.0 24.0 3.0 24.0
604 3.0 25.0 4.0 25.0 3.0 24.0 4.0 24.0
605 4.0 25.0 5.0 25.0 4.0 24.0 5.0 24.0
606 5.0 25.0 6.0 25.0 5.0 24.0 6.0 24.0
607 6.0 25.0 7.0 25.0 6.0 24.0 7.0 24.0
608 7.0 25.0 8.0 25.0 7.0 24.0 8.0 24.0
609 8.0 25.0 9.0 25.0 8.0 24.0 9.0 24.0
610 9.0 25.0 10.0 25.0 9.0 24.0 10.0 24.0
611 10.0 25.0 11.0 25.0 10.0 24.0 11.0 24.0
612 11.0 25.0 12.0 25.0 11.0 24.0 12.0 24.0
613 12.0 25.0 13.0 25.0 12.0 24.0 13.0 24.0
614 13.0 25.0 14.0 25.0 13.0 24.0 14.0 24.0
615 14.0 25.0 15.0 25.0 14.0 24.0 15.0 24.0
616 15.0 25.0 16.0 25.0 15.0 24.0 16.0 24.0
617 16.0 25.0 17.0 25.0 16.0 24.0 17.0 24.0
618 17.0 25.0 18.0 25.0 17.0 24.0 18.0 24.0
619 18.0 25.0 19.0 25.0 18.0 24.0 19.0 24.0
620 19.0 25.0 20.0 25.0 19.0 24.0 20.0 24.0
621 20.0 25.0 21.0 25.0 20.0 24.0 21.0 24.0
622 21.0 25.0 22.0 25.0 21.0 24.0 22.0 24.0
623 22.0 25.0 23.0 25.0 22.0 24.0 23.0 24.0
624 23.0 25.0 24.0 25.0 23.0 24.0 24.0 24.0
625 24.0 25.0 25.0 25.0 24.0 24.0 25.0 24.0
626 25.0 25.0 26.0 25.0 25.0 24.0 26.0 24.0
627 26.0 25.0 27.0 25.0 26.0 24.0 27.0 24.0
628 27.0 25.0 28.0 25.0 27.0 24.0 28.0 24.0
629 28.0 25.0 29.0 25.0 28.0 24.0 29.0 24.0
630 29.0 25.0 30.0 25.0 29.0 24.0 30.0 24.0
631 30.0 25.0 31.0 25.0 30.0 24.0 31.0 24.0
632 31.0 25.0 32.0 25.0 31.0 24.0 32.0 24.0
633 32.0 25.0 33.0 25.0 32.0 24.0 33.0 24.0
634 33.0 25.0 34.0 25.0 33.0 24.0 34.0 24.0
635 34.0 25.0 35.0 25.0 34.0 24.0 35.0 24.0
636 35.0 25.0 36.0 25.0 35.0 24.0 36.0 24.0
637 36.0 25.0 37.0 25.0 36.0 24.0 37.0 24.0
638 37.0 25.0 38.0 25.0 37.0 24.0 38.0 24.0
639 38.0 25.0 39.0 25.0 38.0 24.0 39.0 24.0
640 39.0 25.0 40.0 25.0 39.0 24.0 40.0 24.0
641 0.0 24.0 1.0 24.0 0.0 23.0 1.0 23.0
642 1.0 24.0 2.0 24.0 1.0 23.0 2.0 23.0
643 2.0 24.0 3.0 24.0 2.0 23.0 3.0 23.0
644 3.0 24.0 4.0 24.0 3.0 23.0 4.0 23.0
645 4.0 24.0 5.0 24.0 4.0 23.0 5.0 23.0
646 5.0 24.0 6.0 24.0 5.0 23.0 6.0 23.0
647 6.0 24.0 7.0 24.0 6.0 23.0 7.0 23.0
648 7.0 24.0 8.0 24.0 7.0 23.0 8.0 23.0
649 8.0 24.0 9.0 24.0 8.0 23.0 9.0 23.0
650 9.0 24.0 10.0 24.0 9.0 23.0 10.0 23.0
651 10.0 24.0 11.0 24.0 10.0 23.0 11.0 23.0
652 11.0 24.0 12.0 24.0 11.0 23.0 12.0 23.0
653 12.0 24.0 13.0 24.0 12.0 23.0 13.0 23.0
654 13.0 24.0 14.0 24.0 13.0 23.0 14.0 23.0
655 14.0 24.0 15.0 24.0 14.0 23.0 15.0 23.0
656 15.0 24.0 16.0 24.0 15.0 23.0 16.0 23.0
657 16.0 24.0 17.0 24.0 16.0 23.0 17.0 23.0
658 17.0 24.0 18.0 24.0 17.0 23.0 18.0 23.0
659 18.0 24.0 19.0 24.0 18.0 23.0 19.0 23.0
660 19.0 24.0 20.0 24.0 19.0 23.0 20.0 23.0
661 20.0 24.0 21.0 24.0 20.0 23.0 21.0 23.0
662 21.0 24.0 22.0 24.0 21.0 23.0 22.0 23.0
663 22.0 24.0 23.0 24.0 22.0 23.0 23.0 23.0
664 23.0 24.0 24.0 24.0 23.0 23.0 24.0 23.0
665 24.0 24.0 25.0 24.0 24.0 23.0 25.0 23.0
666 25.0 24.0 26.0 24.0 25.0 23.0 26.0 23.0
667 26.0 24.0 27.0 24.0 26.0 23.0 27.0 23.0
668 27.0 24.0 28.0 24.0 27.0 23.0 28.0 23.0
669 28.0 24.0 29.0 24.0 28.0 23.0 29.0 23.0
670 29.0 24.0 30.0 24.0 29.0 23.0 30.0 23.0
671 30.0 24.0 31.0 24.0 30.0 23.0 31.0 23.0
672 31.0 24.0 32.0 24.0 31.0 23.0 32.0 23.0
673 32.0 24.0 33.0 24.0 32.0 23.0 33.0 23.0
674 33.0 24.0 34.0 24.0 33.0 23.0 34.0 23.0
675 34.0 24.0 35.0 24.0 34.0 23.0 35.0 23.0
676 35.0 24.0 36.0 24.0 35.0 23.0 36.0 23.0
677 36.0 24.0 37.0 24.0 36.0 23.0 37.0 23.0
678 37.0 24.0 38.0 24.0 37.0 23.0 38.0 23.0
679 38.0 24.0 39.0 24.0 38.0 23.0 39.0 23.0
680 39.0 24.0 40.0 24.0 39.0 23.0 40.0 23.0
681 0.0 23.0 1.0 23.0 0.0 22.0 1.0 22.0
682 1.0 23.0 2.0 23.0 1.0 22.0 2.0 22.0
683 2.0 23.0 3.0 23.0 2.0 22.0 3.0 22.0
684 3.0 23.0 4.0 23.0 3.0 22.0 4.0 22.0
685 4.0 23.0 5.0 23.0 4.0 22.0 5.0 22.0
686 5.0 23.0 6.0 23.0 5.0 22.0 6.0 22.0
687 6.0 23.0 7.0 23.0 6.0 22.0 7.0 22.0
688 7.0 23.0 8.0 23.0 7.0 22.0 8.0 22.0
689 8.0 23.0 9.0 23.0 8.0 22.0 9.0 22.0
690 9.0 23.0 10.0 23.0 9.0 22.0 10.0 22.0
691 10.0 23.0 11.0 23.0 10.0 22.0 11.0 22.0
692 11.0 23.0 12.0 23.0 11.0 22.0 12.0 22.0
693 12.0 23.0 13.0 23.0 12.0 22.0 13.0 22.0
694 13.0 23.0 14.0 23.0 13.0 22.0 14.0 22.0
695 14.0 23.0 15.0 23.0 14.0 22.0 15.0 22.0
696 15.0 23.0 16.0 23.0 15.0 22.0 16.0 22.0
697 16.0 23.0 17.0 23.0 16.0 22.0 17.0 22.0
698 17.0 23.0 18.0 23.0 17.0 22.0 18.0 22.0
699 18.0 23.0 19.0 23.0 18.0 22.0 19.0 22.0
700 19.0 23.0 20.0 23.0 19.0 22.0 20.0 22.0
701 20.0 23.0 21.0 23.0 20.0 22.0 21.0 22.0
702 21.0 23.0 22.0 23.0 21.0 22.0 22.0 22.0
703 22.0 23.0 23.0 23.0 22.0 22.0 23.0 22.0
704 23.0 23.0 24.0 23.0 23.0 22.0 24.0 22.0
705 24.0 23.0 25.0 23.0 24.0 22.0 25.0 22.0
706 25.0 23.0 26.0 23.0 25.0 22.0 26.0 22.0
707 26.0 23.0 27.0 23.0 26.0 22.0 27.0 22.0
708 27.0 23.0 28.0 23.0 27.0 22.0 28.0 22.0
709 28.0 23.0 29.0 23.0 28.0 22.0 29.0 22.0
710 29.0 23.0 30.0 23.0 29.0 22.0 30.0 22.0
711 30.0 23.0 31.0 23.0 30.0 22.0 31.0 22.0
712 31.0 23.0 32.0 23.0 31.0 22.0 32.0 22.0
713 32.0 23.0 33.0 23.0 32.0 22.0 33.0 22.0
714 33.0 23.0 34.0 23.0 33.0 22.0 34.0 22.0
715 34.0 23.0 35.0 23.0 34.0 22.0 35.0 22.0
716 35.0 23.0 36.0 23.0 35.0 22.0 36.0 22.0
717 36.0 23.0 37.0 23.0 36.0 22.0 37.0 22.0
718 37.0 23.0 38.0 23.0 37.0 22.0 38.0 22.0
719 38.0 23.0 39.0 23.0 38.0 22.0 39.0 22.0
720 39.0 23.0 40.0 23.0 39.0 22.0 40.0 22.0
721 0.0 22.0 1.0 22.0 0.0 21.0 1.0 21.0
722 1.0 22.0 2.0 22.0 1.0 21.0 2.0 21.0
723 2.0 22.0 3.0 22.0 2.0 21.0 3.0 21.0
724 3.0 22.0 4.0 22.0 3.0 21.0 4.0 21.0
725 4.0 22.0 5.0 22.0 4.0 21.0 5.0 21.0
726 5.0 22.0 6.0 22.0 5.0 21.0 6.0 21.0
727 6.0 22.0 7.0 22.0 6.0 21.0 7.0 21.0
728 7.0 22.0 8.0 22.0 7.0 21.0 8.0 21.0
729 8.0 22.0 9.0 22.0 8.0 21.0 9.0 21.0
730 9.0 22.0 10.0 22.0 9.0 21.0 10.0 21.0
731 10.0 22.0 11.0 22.0 10.0 21.0 11.0 21.0
732 11.0 22.0 12.0 22.0 11.0 21.0 12.0 21.0
733 12.0 22.0 13.0 22.0 12.0 21.0 13.0 21.0
734 13.0 22.0 14.0 22.0 13.0 21.0 14.0 21.0
735 14.0 22.0 15.0 22.0 14.0 21.0 15.0 21.0
736 15.0 22.0 16.0 22.0 15.0 21.0 16.0 21.0
737 16.0 22.0 17.0 22.0 16.0 21.0 17.0 21.0
738 17.0 22.0 18.0 22.0 17.0 21.0 18.0 21.0
739 18.0 22.0 19.0 22.0 18.0 21.0 19.0 21.0
740 19.0 22.0 20.0 22.0 19.0 21.0 20.0 21.0
741 20.0 22.0 21.0 22.0 20.0 21.0 21.0 21.0
742 21.0 22.0 22.0 22.0 21.0 21.0 22.0 21.0
743 22.0 22.0 23.0 22.0 22.0 21.0 23.0 21.0
744 23.0 22.0 24.0 22.0 23.0 21.0 24.0 21.0
745 24.0 22.0 25.0 22.0 24.0 21.0 25.0 21.0
746 25.0 22.0 26.0 22.0 25.0 21.0 26.0 21.0
747 26.0 22.0 27.0 22.0 26.0 21.0 27.0 21.0
748 27.0 22.0 28.0 22.0 27.0 21.0 28.0 21.0
749 28.0 22.0 29.0 22.0 28.0 21.0 29.0 21.0
750 29.0 22.0 30.0 22.0 29.0 21.0 30.0 21.0
751 30.0 22.0 31.0 22.0 30.0 21.0 31.0 21.0
752 31.0 22.0 32.0 22.0 31.0 21.0 32.0 21.0
753 32.0 22.0 33.0 22.0 32.0 21.0 33.0 21.0
754 33.0 22.0 34.0 22.0 33.0 21.0 34.0 21.0
755 34.0 22.0 35.0 22.0 34.0 21.0 35.0 21.0
756 35.0 22.0 36.0 22.0 35.0 21.0 36.0 21.0
757 36.0 22.0 37.0 22.0 36.0 21.0 37.0 21.0
758 37.0 22.0 38.0 22.0 37.0 21.0 38.0 21.0
759 38.0 22.0 39.0 22.0 38.0 21.0 39.0 21.0
760 39.0 22.0 40.0 22.0 39.0 21.0 40.0 21.0
761 0.0 21.0 1.0 21.0 0.0 20.0 1.0 20.0
762 1.0 21.0 2.0 21.0 1.0 20.0 2.0 20.0
763 2.0 21.0 3.0 21.0 2.0 20.0 3.0 20.0
764 3.0 21.0 4.0 21.0 3.0 20.0 4.0 20.0
765 4.0 21.0 5.0 21.0 4.0 20.0 5.0 20.0
766 5.0 21.0 6.0 21.0 5.0 20.0 6.0 20.0
767 6.0 21.0 7.0 21.0 6.0 20.0 7.0 20.0
768 7.0 21.0 8.0 21.0 7.0 20.0 8.0 20.0
769 8.0 21.0 9.0 21.0 8.0 20.0 9.0 20.0
770 9.0 21.0 10.0 21.0 9.0 20.0 10.0 20.0
771 10.0 21.0 11.0 21.0 10.0 20.0 11.0 20.0
772 11.0 21.0 12.0 21.0 11.0 20.0 12.0 20.0
773 12.0 21.0 13.0 21.0 12.0 20.0 13.0 20.0
774 13.0 21.0 14.0 21.0 13.0 20.0 14.0 20.0
775 14.0 21.0 15.0 21.0 14.0 20.0 15.0 20.0
776 15.0 21.0 16.0 21.0 15.0 20.0 16.0 20.0
777 16.0 21.0 17.0 21.0 16.0 20.0 17.0 20.0
778 17.0 21.0 18.0 21.0 17.0 20.0 18.0 20.0
779 18.0 21.0 19.0 21.0 18.0 20.0 19.0 20.0
780 19.0 21.0 20.0 21.0 19.0 20.0 20.0 20.0
781 20.0 21.0 21.0 21.0 20.0 20.0 21.0 20.0
782 21.0 21.0 22.0 21.0 21.0 20.0 22.0 20.0
783 22.0 21.0 23.0 21.0 22.0 20.0 23.0 20.0
784 23.0 21.0 24.0 21.0 23.0 20.0 24.0 20.0
785 24.0 21.0 25.0 21.0 24.0 20.0 25.0 20.0
786 25.0 21.0 26.0 21.0 25.0 20.0 26.0 20.0
787 26.0 21.0 27.0 21.0 26.0 20.0 27.0 20.0
788 27.0 21.0 28.0 21.0 27.0 20.0 28.0 20.0
789 28.0 21.0 29.0 21.0 28.0 20.0 29.0 20.0
790 29.0 21.0 30.0 21.0 29.0 20.0 30.0 20.0
791 30.0 21.0 31.0 21.0 30.0 20.0 31.0 20.0
792 31.0 21.0 32.0 21.0 31.0 20.0 32.0 20.0
793 32.0 21.0 33.0 21.0 32.0 20.0 33.0 20.0
794 33.0 21.0 34.0 21.0 33.0 20.0 34.0 20.0
795 34.0 21.0 35.0 21.0 34.0 20.0 35.0 20.0
796 35.0 21.0 36.0 21.0 35.0 20.0 36.0 20.0
797 36.0 21.0 37.0 21.0 36.0 20.0 37.0 20.0
798 37.0 21.0 38.0 21.0 37.0 20.0 38.0 20.0
799 38.0 21.0 39.0 21.0 38.0 20.0 39.0 20.0
800 39.0 21.0 40.0 21.0 39.0 20.0 40.0 20.0
801 0.0 20.0 1.0 20.0 0.0 19.0 1.0 19.0
802 1.0 20.0 2.0 20.0 1.0 19.0 2.0 19.0
803 2.0 20.0 3.0 20.0 2.0 19.0 3.0 19.0
804 3.0 20.0 4.0 20.0 3.0 19.0 4.0 19.0
805 4.0 20.0 5.0 20.0 4.0 19.0 5.0 19.0
806 5.0 20.0 6.0 20.0 5.0 19.0 6.0 19.0
807 6.0 20.0 7.0 20.0 6.0 19.0 7.0 19.0
808 7.0 20.0 8.0 20.0 7.0 19.0 8.0 19.0
809 8.0 20.0 9.0 20.0 8.0 19.0 9.0 19.0
810 9.0 20.0 10.0 20.0 9.0 19.0 10.0 19.0
811 10.0 20.0 11.0 20.0 10.0 19.0 11.0 19.0
812 11.0 20.0 12.0 20.0 11.0 19.0 12.0 19.0
813 12.0 20.0 13.0 20.0 12.0 19.0 13.0 19.0
814 13.0 20.0 14.0 20.0 13.0 19.0 14.0 19.0
815 14.0 20.0 15.0 20.0 14.0 19.0 15.0 19.0
816 15.0 20.0 16.0 20.0 15.0 19.0 16.0 19.0
817 16.0 20.0 17.0 20.0 16.0 19.0 17.0 19.0
818 17.0 20.0 18.0 20.0 17.0 19.0 18.0 19.0
819 18.0 20.0 19.0 20.0 18.0 19.0 19.0 19.0
820 19.0 20.0 20.0 20.0 19.0 19.0 20.0 19.0
821 20.0 20.0 21.0 20.0 20.0 19.0 21.0 19.0
822 21.0 20.0 22.0 20.0 21.0 19.0 22.0 19.0
823 22.0 20.0 23.0 20.0 22.0 19.0 23.0 19.0
824 23.0 20.0 24.0 20.0 23.0 19.0 24.0 19.0
825 24.0 20.0 25.0 20.0 24.0 19.0 25.0 19.0
826 25.0 20.0 26.0 20.0 25.0 19.0 26.0 19.0
827 26.0 20.0 27.0 20.0 26.0 19.0 27.0 19.0
828 27.0 20.0 28.0 20.0 27.0 19.0 28.0 19.0
829 28.0 20.0 29.0 20.0 28.0 19.0 29.0 19.0
830 29.0 20.0 30.0 20.0 29.0 19.0 30.0 19.0
831 30.0 20.0 31.0 20.0 30.0 19.0 31.0 19.0
832 31.0 20.0 32.0 20.0 31.0 19.0 32.0 19.0
833 32.0 20.0 33.0 20.0 32.0 19.0 33.0 19.0
834 33.0 20.0 34.0 20.0 33.0 19.0 34.0 19.0
835 34.0 20.0 35.0 20.0 34.0 19.0 35.0 19.0
836 35.0 20.0 36.0 20.0 35.0 19.0 36.0 19.0
837 36.0 20.0 37.0 20.0 36.0 19.0 37.0 19.0
838 37.0 20.0 38.0 20.0 37.0 19.0 38.0 19.0
839 38.0 20.0 39.0 20.0 38.0 19.0 39.0 19.0
840 39.0 20.0 40.0 20.0 39.0 19.0 40.0 19.0
841 0.0 19.0 1.0 19.0 0.0 18.0 1.0 18.0
842 1.0 19.0 2.0 19.0 1.0 18.0 2.0 18.0
843 2.0 19.0 3.0 19.0 2.0 18.0 3.0 18.0
844 3.0 19.0 4.0 19.0 3.0 18.0 4.0 18.0
845 4.0 19.0 5.0 19.0 4.0 18.0 5.0 18.0
846 5.0 19.0 6.0 19.0 5.0 18.0 6.0 18.0
847 6.0 19.0 7.0 19.0 6.0 18.0 7.0 18.0
848 7.0 19.0 8.0 19.0 7.0 18.0 8.0 18.0
849 8.0 19.0 9.0 19.0 8.0 18.0 9.0 18.0
850 9.0 19.0 10.0 19.0 9.0 18.0 10.0 18.0
851 10.0 19.0 11.0 19.0 10.0 18.0 11.0 18.0
852 11.0 19.0 12.0 19.0 11.0 18.0 12.0 18.0
853 12.0 19.0 13.0 19.0 12.0 18.0 13.0 18.0
854 13.0 19.0 14.0 19.0 13.0 18.0 14.0 18.0
855 14.0 19.0 15.0 19.0 14.0 18.0 15.0 18.0
856 15.0 19.0 16.0 19.0 15.0 18.0 16.0 18.0
857 16.0 19.0 17.0 19.0 16.0 18.0 17.0 18.0
858 17.0 19.0 18.0 19.0 17.0 18.0 18.0 18.0
859 18.0 19.0 19.0 19.0 18.0 18.0 19.0 18.0
860 19.0 19.0 20.0 19.0 19.0 18.0 20.0 18.0
861 20.0 19.0 21.0 19.0 20.0 18.0 21.0 18.0
862 21.0 19.0 22.0 19.0 21.0 18.0 22.0 18.0
863 22.0 19.0 23.0 19.0 22.0 18.0 23.0 18.0
864 23.0 19.0 24.0 19.0 23.0 18.0 24.0 18.0
865 24.0 19.0 25.0 19.0 24.0 18.0 25.0 18.0
866 25.0 19.0 26.0 19.0 25.0 18.0 26.0 18.0
867 26.0 19.0 27.0 19.0 26.0 18.0 27.0 18.0
868 27.0 19.0 28.0 19.0 27.0 18.0 28.0 18.0
869 28.0 19.0 29.0 19.0 28.0 18.0 29.0 18.0
870 29.0 19.0 30.0 19.0 29.0 18.0 30.0 18.0
871 30.0 19.0 31.0 19.0 30.0 18.0 31.0 18.0
872 31.0 19.0 32.0 19.0 31.0 18.0 32.0 18.0
873 32.0 19.0 33.0 19.0 32.0 18.0 33.0 18.0
874 33.0 19.0 34.0 19.0 33.0 18.0 34.0 18.0
875 34.0 19.0 35.0 19.0 34.0 18.0 35.0 18.0
876 35.0 19.0 36.0 19.0 35.0 18.0 36.0 18.0
877 36.0 19.0 37.0 19.0 36.0 18.0 37.0 18.0
878 37.0 19.0 38.0 19.0 37.0 18.0 38.0 18.0
879 38.0 19.0 39.0 19.0 38.0 18.0 39.0 18.0
880 39.0 19.0 40.0 19.0 39.0 18.0 40.0 18.0
881 0.0 18.0 1.0 18.0 0.0 17.0 1.0 17.0
882 1.0 18.0 2.0 18.0 1.0 17.0 2.0 17.0
883 2.0 18.0 3.0 18.0 2.0 17.0 3.0 17.0
884 3.0 18.0 4.0 18.0 3.0 17.0 4.0 17.0
885 4.0 18.0 5.0 18.0 4.0 17.0 5.0 17.0
886 5.0 18.0 6.0 18.0 5.0 17.0 6.0 17.0
887 6.0 18.0 7.0 18.0 6.0 17.0 7.0 17.0
888 7.0 18.0 8.0 18.0 7.0 17.0 8.0 17.0
889 8.0 18.0 9.0 18.0 8.0 17.0 9.0 17.0
890 9.0 18.0 10.0 18.0 9.0 17.0 10.0 17.0
891 10.0 18.0 11.0 18.0 10.0 17.0 11.0 17.0
892 11.0 18.0 12.0 18.0 11.0 17.0 12.0 17.0
893 12.0 18.0 13.0 18.0 12.0 17.0 13.0 17.0
894 13.0 18.0 14.0 18.0 13.0 17.0 14.0 17.0
895 14.0 18.0 15.0 18.0 14.0 17.0 15.0 17.0
896 15.0 18.0 16.0 18.0 15.0 17.0 16.0 17.0
897 16.0 18.0 17.0 18.0 16.0 17.0 17.0 17.0
898 17.0 18.0 18.0 18.0 17.0 17.0 18.0 17.0
899 18.0 18.0 19.0 18.0 18.0 17.0 19.0 17.0
900 19.0 18.0 20.0 18.0 19.0 17.0 20.0 17.0
901 20.0 18.0 21.0 18.0 20.0 17.0 21.0 17.0
902 21.0 18.0 22.0 18.0 21.0 17.0 22.0 17.0
903 22.0 18.0 23.0 18.0 22.0 17.0 23.0 17.0
904 23.0 18.0 24.0 18.0 23.0 17.0 24.0 17.0
905 24.0 18.0 25.0 18.0 24.0 17.0 25.0 17.0
906 25.0 18.0 26.0 18.0 25.0 17.0 26.0 17.0
907 26.0 18.0 27.0 18.0 26.0 17.0 27.0 17.0
908 27.0 18.0 28.0 18.0 27.0 17.0 28.0 17.0
909 28.0 18.0 29.0 18.0 28.0 17.0 29.0 17.0
910 29.0 18.0 30.0 18.0 29.0 17.0 30.0 17.0
911 30.0 18.0 31.0 18.0 30.0 17.0 31.0 17.0
912 31.0 18.0 32.0 18.0 31.0 17.0 32.0 17.0
913 32.0 18.0 33.0 18.0 32.0 17.0 33.0 17.0
914 33.0 18.0 34.0 18.0 33.0 17.0 34.0 17.0
915 34.0 18.0 35.0 18.0 34.0 17.0 35.0 17.0
916 35.0 18.0 36.0 18.0 35.0 17.0 36.0 17.0
917 36.0 18.0 37.0 18.0 36.0 17.0 37.0 17.0
918 37.0 18.0 38.0 18.0 37.0 17.0 38.0 17.0
919 38.0 18.0 39.0 18.0 38.0 17.0 39.0 17.0
920 39.0 18.0 40.0 18.0 39.0 17.0 40.0 17.0
921 0.0 17.0 1.0 17.0 0.0 16.0 1.0 16.0
922 1.0 17.0 2.0 17.0 1.0 16.0 2.0 16.0
923 2.0 17.0 3.0 17.0 2.0 16.0 3.0 16.0
924 3.0 17.0 4.0 17.0 3.0 16.0 4.0 16.0
925 4.0 17.0 5.0 17.0 4.0 16.0 5.0 16.0
926 5.0 17.0 6.0 17.0 5.0 16.0 6.0 16.0
927 6.0 17.0 7.0 17.0 6.0 16.0 7.0 16.0
928 7.0 17.0 8.0 17.0 7.0 16.0 8.0 16.0
929 8.0 17.0 9.0 17.0 8.0 16.0 9.0 16.0
930 9.0 17.0 10.0 17.0 9.0 16.0 10.0 16.0
931 10.0 17.0 11.0 17.0 10.0 16.0 11.0 16.0
932 11.0 17.0 12.0 17.0 11.0 16.0 12.0 16.0
933 12.0 17.0 13.0 17.0 12.0 16.0 13.0 16.0
934 13.0 17.0 14.0 17.0 13.0 16.0 14.0 16.0
935 14.0 17.0 15.0 17.0 14.0 16.0 15.0 16.0
936 15.0 17.0 16.0 17.0 15.0 16.0 16.0 16.0
937 16.0 17.0 17.0 17.0 16.0 16.0 17.0 16.0
938 17.0 17.0 18.0 17.0 17.0 16.0 18.0 16.0
939 18.0 17.0 19.0 17.0 18.0 16.0 19.0 16.0
940 19.0 17.0 20.0 17.0 19.0 16.0 20.0 16.0
941 20.0 17.0 21.0 17.0 20.0 16.0 21.0 16.0
942 21.0 17.0 22.0 17.0 21.0 16.0 22.0 16.0
943 22.0 17.0 23.0 17.0 22.0 16.0 23.0 16.0
944 23.0 17.0 24.0 17.0 23.0 16.0 24.0 16.0
945 24.0 17.0 25.0 17.0 24.0 16.0 25.0 16.0
946 25.0 17.0 26.0 17.0 25.0 16.0 26.0 16.0
947 26.0 17.0 27.0 17.0 26.0 16.0 27.0 16.0
948 27.0 17.0 28.0 17.0 27.0 16.0 28.0 16.0
949 28.0 17.0 29.0 17.0 28.0 16.0 29.0 16.0
950 29.0 17.0 30.0 17.0 29.0 16.0 30.0 16.0
951 30.0 17.0 31.0 17.0 30.0 16.0 31.0 16.0
952 31.0 17.0 32.0 17.0 31.0 16.0 32.0 16.0
953 32.0 17.0 33.0 17.0 32.0 16.0 33.0 16.0
954 33.0 17.0 34.0 17.0 33.0 16.0 34.0 16.0
955 34.0 17.0 35.0 17.0 34.0 16.0 35.0 16.0
956 35.0 17.0 36.0 17.0 35.0 16.0 36.0 16.0
957 36.0 17.0 37.0 17.0 36.0 16.0 37.0 16.0
958 37.0 17.0 38.0 17.0 37.0 16.0 38.0 16.0
959 38.0 17.0 39.0 17.0 38.0 16.0 39.0 16.0
960 39.0 17.0 40.0 17.0 39.0 16.0 40.0 16.0
961 0.0 16.0 1.0 16.0 0.0 15.0 1.0 15.0
962 1.0 16.0 2.0 16.0 1.0 15.0 2.0 15.0
963 2.0 16.0 3.0 16.0 2.0 15.0 3.0 15.0
964 3.0 16.0 4.0 16.0 3.0 15.0 4.0 15.0
965 4.0 16.0 5.0 16.0 4.0 15.0 5.0 15.0
966 5.0 16.0 6.0 16.0 5.0 15.0 6.0 15.0
967 6.0 16.0 7.0 16.0 6.0 15.0 7.0 15.0
968 7.0 16.0 8.0 16.0 7.0 15.0 8.0 15.0
969 8.0 16.0 9.0 16.0 8.0 15.0 9.0 15.0
970 9.0 16.0 10.0 16.0 9.0 15.0 10.0 15.0
971 10.0 16.0 11.0 16.0 10.0 15.0 11.0 15.0
972 11.0 16.0 12.0 16.0 11.0 15.0 12.0 15.0
973 12.0 16.0 13.0 16.0 12.0 15.0 13.0 15.0
974 13.0 16.0 14.0 16.0 13.0 15.0 14.0 15.0
975 14.0 16.0 15.0 16.0 14.0 15.0 15.0 15.0
976 15.0 16.0 16.0 16.0 15.0 15.0 16.0 15.0
977 16.0 16.0 17.0 16.0 16.0 15.0 17.0 15.0
978 17.0 16.0 18.0 16.0 17.0 15.0 18.0 15.0
979 18.0 16.0 19.0 16.0 18.0 15.0 19.0 15.0
980 19.0 16.0 20.0 16.0 19.0 15.0 20.0 15.0
981 20.0 16.0 21.0 16.0 20.0 15.0 21.0 15.0
982 21.0 16.0 22.0 16.0 21.0 15.0 22.0 15.0
983 22.0 16.0 23.0 16.0 22.0 15.0 23.0 15.0
984 23.0 16.0 24.0 16.0 23.0 15.0 24.0 15.0
985 24.0 16.0 25.0 16.0 24.0 15.0 25.0 15.0
986 25.0 16.0 26.0 16.0 25.0 15.0 26.0 15.0
987 26.0 16.0 27.0 16.0 26.0 15.0 27.0 15.0
988 27.0 16.0 28.0 16.0 27.0 15.0 28.0 15.0
989 28.0 16.0 29.0 16.0 28.0 15.0 29.0 15.0
990 29.0 16.0 30.0 16.0 29.0 15.0 30.0 15.0
991 30.0 16.0 31.0 16.0 30.0 15.0 31.0 15.0
992 31.0 16.0 32.0 16.0 31.0 15.0 32.0 15.0
993 32.0 16.0 33.0 16.0 32.0 15.0 33.0 15.0
994 33.0 16.0 34.0 16.0 33.0 15.0 34.0 15.0
995 34.0 16.0 35.0 16.0 34.0 15.0 35.0 15.0
996 35.0 16.0 36.0 16.0 35.0 15.0 36.0 15.0
997 36.0 16.0 37.0 16.0 36.0 15.0 37.0 15.0
998 37.0 16.0 38.0 16.0 37.0 15.0 38.0 15.0
999 38.0 16.0 39.0 16.0 38.0 15.0 39.0 15.0
1000 39.0 16.0 40.0 16.0 39.0 15.0 40.0 15.0
1001 0.0 15.0 1.0 15.0 0.0 14.0 1.0 14.0
1002 1.0 15.0 2.0 15.0 1.0 14.0 2.0 14.0
1003 2.0 15.0 3.0 15.0 2.0 14.0 3.0 14.0
1004 3.0 15.0 4.0 15.0 3.0 14.0 4.0 14.0
1005 4.0 15.0 5.0 15.0 4.0 14.0 5.0 14.0
1006 5.0 15.0 6.0 15.0 5.0 14.0 6.0 14.0
1007 6.0 15.0 7.0 15.0 6.0 14.0 7.0 14.0
1008 7.0 15.0 8.0 15.0 7.0 14.0 8.0 14.0
1009 8.0 15.0 9.0 15.0 8.0 14.0 9.0 14.0
1010 9.0 15.0 10.0 15.0 9.0 14.0 10.0 14.0
1011 10.0 15.0 11.0 15.0 10.0 14.0 11.0 14.0
1012 11.0 15.0 12.0 15.0 11.0 14.0 12.0 14.0
1013 12.0 15.0 13.0 15.0 12.0 14.0 13.0 14.0
1014 13.0 15.0 14.0 15.0 13.0 14.0 14.0 14.0
1015 14.0 15.0 15.0 15.0 14.0 14.0 15.0 14.0
1016 15.0 15.0 16.0 15.0 15.0 14.0 16.0 14.0
1017 16.0 15.0 17.0 15.0 16.0 14.0 17.0 14.0
1018 17.0 15.0 18.0 15.0 17.0 14.0 18.0 14.0
1019 18.0 15.0 19.0 15.0 18.0 14.0 19.0 14.0
1020 19.0 15.0 20.0 15.0 19.0 14.0 20.0 14.0
1021 20.0 15.0 21.0 15.0 20.0 14.0 21.0 14.0
1022 21.0 15.0 22.0 15.0 21.0 14.0 22.0 14.0
1023 22.0 15.0 23.0 15.0 22.0 14.0 23.0 14.0
1024 23.0 15.0 24.0 15.0 23.0 14.0 24.0 14.0
1025 24.0 15.0 25.0 15.0 24.0 14.0 25.0 14.0
1026 25.0 15.0 26.0 15.0 25.0 14.0 26.0 14.0
1027 26.0 15.0 27.0 15.0 26.0 14.0 27.0 14.0
1028 27.0 15.0 28.0 15.0 27.0 14.0 28.0 14.0
1029 28.0 15.0 29.0 15.0 28.0 14.0 29.0 14.0
1030 29.0 15.0 30.0 15.0 29.0 14.0 30.0 14.0
1031 30.0 15.0 31.0 15.0 30.0 14.0 31.0 14.0
1032 31.0 15.0 32.0 15.0 31.0 14.0 32.0 14.0
1033 32.0 15.0 33.0 15.0 32.0 14.0 33.0 14.0
1034 33.0 15.0 34.0 15.0 33.0 14.0 34.0 14.0
1035 34.0 15.0 35.0 15.0 34.0 14.0 35.0 14.0
1036 35.0 15.0 36.0 15.0 35.0 14.0 36.0 14.0
1037 36.0 15.0 37.0 15.0 36.0 14.0 37.0 14.0
1038 37.0 15.0 38.0 15.0 37.0 14.0 38.0 14.0
1039 38.0 15.0 39.0 15.0 38.0 14.0 39.0 14.0
1040 39.0 15.0 40.0 15.0 39.0 14.0 40.0 14.0
1041 0.0 14.0 1.0 14.0 0.0 13.0 1.0 13.0
1042 1.0 14.0 2.0 14.0 1.0 13.0 2.0 13.0
1043 2.0 14.0 3.0 14.0 2.0 13.0 3.0 13.0
1044 3.0 14.0 4.0 14.0 3.0 13.0 4.0 13.0
1045 4.0 14.0 5.0 14.0 4.0 13.0 5.0 13.0
1046 5.0 14.0 6.0 14.0 5.0 13.0 6.0 13.0
1047 6.0 14.0 7.0 14.0 6.0 13.0 7.0 13.0
1048 7.0 14.0 8.0 14.0 7.0 13.0 8.0 13.0
1049 8.0 14.0 9.0 14.0 8.0 13.0 9.0 13.0
1050 9.0 14.0 10.0 14.0 9.0 13.0 10.0 13.0
1051 10.0 14.0 11.0 14.0 10.0 13.0 11.0 13.0
1052 11.0 14.0 12.0 14.0 11.0 13.0 12.0 13.0
1053 12.0 14.0 13.0 14.0 12.0 13.0 13.0 13.0
1054 13.0 14.0 14.0 14.0 13.0 13.0 14.0 13.0
1055 14.0 14.0 15.0 14.0 14.0 13.0 15.0 13.0
1056 15.0 14.0 16.0 14.0 15.0 13.0 16.0 13.0
1057 16.0 14.0 17.0 14.0 16.0 13.0 17.0 13.0
1058 17.0 14.0 18.0 14.0 17.0 13.0 18.0 13.0
1059 18.0 14.0 19.0 14.0 18.0 13.0 19.0 13.0
1060 19.0 14.0 20.0 14.0 19.0 13.0 20.0 13.0
1061 20.0 14.0 21.0 14.0 20.0 13.0 21.0 13.0
1062 21.0 14.0 22.0 14.0 21.0 13.0 22.0 13.0
1063 22.0 14.0 23.0 14.0 22.0 13.0 23.0 13.0
1064 23.0 14.0 24.0 14.0 23.0 13.0 24.0 13.0
1065 24.0 14.0 25.0 14.0 24.0 13.0 25.0 13.0
1066 25.0 14.0 26.0 14.0 25.0 13.0 26.0 13.0
1067 26.0 14.0 27.0 14.0 26.0 13.0 27.0 13.0
1068 27.0 14.0 28.0 14.0 27.0 13.0 28.0 13.0
1069 28.0 14.0 29.0 14.0 28.0 13.0 29.0 13.0
1070 29.0 14.0 30.0 14.0 29.0 13.0 30.0 13.0
1071 30.0 14.0 31.0 14.0 30.0 13.0 31.0 13.0
1072 31.0 14.0 32.0 14.0 31.0 13.0 32.0 13.0
1073 32.0 14.0 33.0 14.0 32.0 13.0 33.0 13.0
1074 33.0 14.0 34.0 14.0 33.0 13.0 34.0 13.0
1075 34.0 14.0 35.0 14.0 34.0 13.0 35.0 13.0
1076 35.0 14.0 36.0 14.0 35.0 13.0 36.0 13.0
1077 36.0 14.0 37.0 14.0 36.0 13.0 37.0 13.0
1078 37.0 14.0 38.0 14.0 37.0 13.0 38.0 13.0
1079 38.0 14.0 39.0 14.0 38.0 13.0 39.0 13.0
1080 39.0 14.0 40.0 14.0 39.0 13.0 40.0 13.0
1081 0.0 13.0 1.0 13.0 0.0 12.0 1.0 12.0
1082 1.0 13.0 2.0 13.0 1.0 12.0 2.0 12.0
1083 2.0 13.0 3.0 13.0 2.0 12.0 3.0 12.0
1084 3.0 13.0 4.0 13.0 3.0 12.0 4.0 12.0
1085 4.0 13.0 5.0 13.0 4.0 12.0 5.0 12.0
1086 5.0 13.0 6.0 13.0 5.0 12.0 6.0 12.0
1087 6.0 13.0 7.0 13.0 6.0 12.0 7.0 12.0
1088 7.0 13.0 8.0 13.0 7.0 12.0 8.0 12.0
1089 8.0 13.0 9.0 13.0 8.0 12.0 9.0 12.0
1090 9.0 13.0 10.0 13.0 9.0 12.0 10.0 12.0
1091 10.0 13.0 11.0 13.0 10.0 12.0 11.0 12.0
1092 11.0 13.0 12.0 13.0 11.0 12.0 12.0 12.0
1093 12.0 13.0 13.0 13.0 12.0 12.0 13.0 12.0
1094 13.0 13.0 14.0 13.0 13.0 12.0 14.0 12.0
1095 14.0 13.0 15.0 13.0 14.0 12.0 15.0 12.0
1096 15.0 13.0 16.0 13.0 15.0 12.0 16.0 12.0
1097 16.0 13.0 17.0 13.0 16.0 12.0 17.0 12.0
1098 17.0 13.0 18.0 13.0 17.0 12.0 18.0 12.0
1099 18.0 13.0 19.0 13.0 18.0 12.0 19.0 12.0
1100 19.0 13.0 20.0 13.0 19.0 12.0 20.0 12.0
1101 20.0 13.0 21.0 13.0 20.0 12.0 21.0 12.0
1102 21.0 13.0 22.0 13.0 21.0 12.0 22.0 12.0
1103 22.0 13.0 23.0 13.0 22.0 12.0 23.0 12.0
1104 23.0 13.0 24.0 13.0 23.0 12.0 24.0 12.0
1105 24.0 13.0 25.0 13.0 24.0 12.0 25.0 12.0
1106 25.0 13.0 26.0 13.0 25.0 12.0 26.0 12.0
1107 26.0 13.0 27.0 13.0 26.0 12.0 27.0 12.0
1108 27.0 13.0 28.0 13.0 27.0 12.0 28.0 12.0
1109 28.0 13.0 29.0 13.0 28.0 12.0 29.0 12.0
1110 29.0 13.0 30.0 13.0 29.0 12.0 30.0 12.0
1111 30.0 13.0 31.0 13.0 30.0 12.0 31.0 12.0
1112 31.0 13.0 32.0 13.0 31.0 12.0 32.0 12.0
1113 32.0 13.0 33.0 13.0 32.0 12.0 33.0 12.0
1114 33.0 13.0 34.0 13.0 33.0 12.0 34.0 12.0
1115 34.0 13.0 35.0 13.0 34.0 12.0 35.0 12.0
1116 35.0 13.0 36.0 13.0 35.0 12.0 36.0 12.0
1117 36.0 13.0 37.0 13.0 36.0 12.0 37.0 12.0
1118 37.0 13.0 38.0 13.0 37.0 12.0 38.0 12.0
1119 38.0 13.0 39.0 13.0 38.0 12.0 39.0 12.0
1120 39.0 13.0 40.0 13.0 39.0 12.0 40.0 12.0
1121 0.0 12.0 1.0 12.0 0.0 11.0 1.0 11.0
1122 1.0 12.0 2.0 12.0 1.0 11.0 2.0 11.0
1123 2.0 12.0 3.0 12.0 2.0 11.0 3.0 11.0
1124 3.0 12.0 4.0 12.0 3.0 11.0 4.0 11.0
1125 4.0 12.0 5.0 12.0 4.0 11.0 5.0 11.0
1126 5.0 12.0 6.0 12.0 5.0 11.0 6.0 11.0
1127 6.0 12.0 7.0 12.0 6.0 11.0 7.0 11.0
1128 7.0 12.0 8.0 12.0 7.0 11.0 8.0 11.0
1129 8.0 12.0 9.0 12.0 8.0 11.0 9.0 11.0
1130 9.0 12.0 10.0 12.0 9.0 11.0 10.0 11.0
1131 10.0 12.0 11.0 12.0 10.0 11.0 11.0 11.0
1132 11.0 12.0 12.0 12.0 11.0 11.0 12.0 11.0
1133 12.0 12.0 13.0 12.0 12.0 11.0 13.0 11.0
1134 13.0 12.0 14.0 12.0 13.0 11.0 14.0 11.0
1135 14.0 12.0 15.0 12.0 14.0 11.0 15.0 11.0
1136 15.0 12.0 16.0 12.0 15.0 11.0 16.0 11.0
1137 16.0 12.0 17.0 12.0 16.0 11.0 17.0 11.0
1138 17.0 12.0 18.0 12.0 17.0 11.0 18.0 11.0
1139 18.0 12.0 19.0 12.0 18.0 11.0 19.0 11.0
1140 19.0 12.0 20.0 12.0 19.0 11.0 20.0 11.0
1141 20.0 12.0 21.0 12.0 20.0 11.0 21.0 11.0
1142 21.0 12.0 22.0 12.0 21.0 11.0 22.0 11.0
1143 22.0 12.0 23.0 12.0 22.0 11.0 23.0 11.0
1144 23.0 12.0 24.0 12.0 23.0 11.0 24.0 11.0
1145 24.0 12.0 25.0 12.0 24.0 11.0 25.0 11.0
1146 25.0 12.0 26.0 12.0 25.0 11.0 26.0 11.0
1147 26.0 12.0 27.0 12.0 26.0 11.0 27.0 11.0
1148 27.0 12.0 28.0 12.0 27.0 11.0 28.0 11.0
1149 28.0 12.0 29.0 12.0 28.0 11.0 29.0 11.0
1150 29.0 12.0 30.0 12.0 29.0 11.0 30.0 11.0
1151 30.0 12.0 31.0 12.0 30.0 11.0 31.0 11.0
1152 31.0 12.0 32.0 12.0 31.0 11.0 32.0 11.0
1153 32.0 12.0 33.0 12.0 32.0 11.0 33.0 11.0
1154 33.0 12.0 34.0 12.0 33.0 11.0 34.0 11.0
1155 34.0 12.0 35.0 12.0 34.0 11.0 35.0 11.0
1156 35.0 12.0 36.0 12.0 35.0 11.0 36.0 11.0
1157 36.0 12.0 37.0 12.0 36.0 11.0 37.0 11.0
1158 37.0 12.0 38.0 12.0 37.0 11.0 38.0 11.0
1159 38.0 12.0 39.0 12.0 38.0 11.0 39.0 11.0
1160 39.0 12.0 40.0 12.0 39.0 11.0 40.0 11.0
1161 0.0 11.0 1.0 11.0 0.0 10.0 1.0 10.0
1162 1.0 11.0 2.0 11.0 1.0 10.0 2.0 10.0
1163 2.0 11.0 3.0 11.0 2.0 10.0 3.0 10.0
1164 3.0 11.0 4.0 11.0 3.0 10.0 4.0 10.0
1165 4.0 11.0 5.0 11.0 4.0 10.0 5.0 10.0
1166 5.0 11.0 6.0 11.0 5.0 10.0 6.0 10.0
1167 6.0 11.0 7.0 11.0 6.0 10.0 7.0 10.0
1168 7.0 11.0 8.0 11.0 7.0 10.0 8.0 10.0
1169 8.0 11.0 9.0 11.0 8.0 10.0 9.0 10.0
1170 9.0 11.0 10.0 11.0 9.0 10.0 10.0 10.0
1171 10.0 11.0 11.0 11.0 10.0 10.0 11.0 10.0
1172 11.0 11.0 12.0 11.0 11.0 10.0 12.0 10.0
1173 12.0 11.0 13.0 11.0 12.0 10.0 13.0 10.0
1174 13.0 11.0 14.0 11.0 13.0 10.0 14.0 10.0
1175 14.0 11.0 15.0 11.0 14.0 10.0 15.0 10.0
1176 15.0 11.0 16.0 11.0 15.0 10.0 16.0 10.0
1177 16.0 11.0 17.0 11.0 16.0 10.0 17.0 10.0
1178 17.0 11.0 18.0 11.0 17.0 10.0 18.0 10.0
1179 18.0 11.0 19.0 11.0 18.0 10.0 19.0 10.0
1180 19.0 11.0 20.0 11.0 19.0 10.0 20.0 10.0
1181 20.0 11.0 21.0 11.0 20.0 10.0 21.0 10.0
1182 21.0 11.0 22.0 11.0 21.0 10.0 22.0 10.0
1183 22.0 11.0 23.0 11.0 22.0 10.0 23.0 10.0
1184 23.0 11.0 24.0 11.0 23.0 10.0 24.0 10.0
1185 24.0 11.0 25.0 11.0 24.0 10.0 25.0 10.0
1186 25.0 11.0 26.0 11.0 25.0 10.0 26.0 10.0
1187 26.0 11.0 27.0 11.0 26.0 10.0 27.0 10.0
1188 27.0 11.0 28.0 11.0 27.0 10.0 28.0 10.0
1189 28.0 11.0 29.0 11.0 28.0 10.0 29.0 10.0
1190 29.0 11.0 30.0 11.0 29.0 10.0 30.0 10.0
1191 30.0 11.0 31.0 11.0 30.0 10.0 31.0 10.0
1192 31.0 11.0 32.0 11.0 31.0 10.0 32.0 10.0
1193 32.0 11.0 33.0 11.0 32.0 10.0 33.0 10.0
1194 33.0 11.0 34.0 11.0 33.0 10.0 34.0 10.0
1195 34.0 11.0 35.0 11.0 34.0 10.0 35.0 10.0
1196 35.0 11.0 36.0 11.0 35.0 10.0 36.0 10.0
1197 36.0 11.0 37.0 11.0 36.0 10.0 37.0 10.0
1198 37.0 11.0 38.0 11.0 37.0 10.0 38.0 10.0
1199 38.0 11.0 39.0 11.0 38.0 10.0 39.0 10.0
1200 39.0 11.0 40.0 11.0 39.0 10.0 40.0 10.0
1201 0.0 10.0 1.0 10.0 0.0 9.0 1.0 9.0
1202 1.0 10.0 2.0 10.0 1.0 9.0 2.0 9.0
1203 2.0 10.0 3.0 10.0 2.0 9.0 3.0 9.0
1204 3.0 10.0 4.0 10.0 3.0 9.0 4.0 9.0
1205 4.0 10.0 5.0 10.0 4.0 9.0 5.0 9.0
1206 5.0 10.0 6.0 10.0 5.0 9.0 6.0 9.0
1207 6.0 10.0 7.0 10.0 6.0 9.0 7.0 9.0
1208 7.0 10.0 8.0 10.0 7.0 9.0 8.0 9.0
1209 8.0 10.0 9.0 10.0 8.0 9.0 9.0 9.0
1210 9.0 10.0 10.0 10.0 9.0 9.0 10.0 9.0
1211 10.0 10.0 11.0 10.0 10.0 9.0 11.0 9.0
1212 11.0 10.0 12.0 10.0 11.0 9.0 12.0 9.0
1213 12.0 10.0 13.0 10.0 12.0 9.0 13.0 9.0
1214 13.0 10.0 14.0 10.0 13.0 9.0 14.0 9.0
1215 14.0 10.0 15.0 10.0 14.0 9.0 15.0 9.0
1216 15.0 10.0 16.0 10.0 15.0 9.0 16.0 9.0
1217 16.0 10.0 17.0 10.0 16.0 9.0 17.0 9.0
1218 17.0 10.0 18.0 10.0 17.0 9.0 18.0 9.0
1219 18.0 10.0 19.0 10.0 18.0 9.0 19.0 9.0
1220 19.0 10.0 20.0 10.0 19.0 9.0 20.0 9.0
1221 20.0 10.0 21.0 10.0 20.0 9.0 21.0 9.0
1222 21.0 10.0 22.0 10.0 21.0 9.0 22.0 9.0
1223 22.0 10.0 23.0 10.0 22.0 9.0 23.0 9.0
1224 23.0 10.0 24.0 10.0 23.0 9.0 24.0 9.0
1225 24.0 10.0 25.0 10.0 24.0 9.0 25.0 9.0
1226 25.0 10.0 26.0 10.0 25.0 9.0 26.0 9.0
1227 26.0 10.0 27.0 10.0 26.0 9.0 27.0 9.0
1228 27.0 10.0 28.0 10.0 27.0 9.0 28.0 9.0
1229 28.0 10.0 29.0 10.0 28.0 9.0 29.0 9.0
1230 29.0 10.0 30.0 10.0 29.0 9.0 30.0 9.0
1231 30.0 10.0 31.0 10.0 30.0 9.0 31.0 9.0
1232 31.0 10.0 32.0 10.0 31.0 9.0 32.0 9.0
1233 32.0 10.0 33.0 10.0 32.0 9.0 33.0 9.0
1234 33.0 10.0 34.0 10.0 33.0 9.0 34.0 9.0
1235 34.0 10.0 35.0 10.0 34.0 9.0 35.0 9.0
1236 35.0 10.0 36.0 10.0 35.0 9.0 36.0 9.0
1237 36.0 10.0 37.0 10.0 36.0 9.0 37.0 9.0
1238 37.0 10.0 38.0 10.0 37.0 9.0 38.0 9.0
1239 38.0 10.0 39.0 10.0 38.0 9.0 39.0 9.0
1240 39.0 10.0 40.0 10.0 39.0 9.0 40.0 9.0
1241 0.0 9.0 1.0 9.0 0.0 8.0 1.0 8.0
1242 1.0 9.0 2.0 9.0 1.0 8.0 2.0 8.0
1243 2.0 9.0 3.0 9.0 2.0 8.0 3.0 8.0
1244 3.0 9.0 4.0 9.0 3.0 8.0 4.0 8.0
1245 4.0 9.0 5.0 9.0 4.0 8.0 5.0 8.0
1246 5.0 9.0 6.0 9.0 5.0 8.0 6.0 8.0
1247 6.0 9.0 7.0 9.0 6.0 8.0 7.0 8.0
1248 7.0 9.0 8.0 9.0 7.0 8.0 8.0 8.0
1249 8.0 9.0 9.0 9.0 8.0 8.0 9.0 8.0
1250 9.0 9.0 10.0 9.0 9.0 8.0 10.0 8.0
1251 10.0 9.0 11.0 9.0 10.0 8.0 11.0 8.0
1252 11.0 9.0 12.0 9.0 11.0 8.0 12.0 8.0
1253 12.0 9.0 13.0 9.0 12.0 8.0 13.0 8.0
1254 13.0 9.0 14.0 9.0 13.0 8.0 14.0 8.0
1255 14.0 9.0 15.0 9.0 14.0 8.0 15.0 8.0
1256 15.0 9.0 16.0 9.0 15.0 8.0 16.0 8.0
1257 16.0 9.0 17.0 9.0 16.0 8.0 17.0 8.0
1258 17.0 9.0 18.0 9.0 17.0 8.0 18.0 8.0
1259 18.0 9.0 19.0 9.0 18.0 8.0 19.0 8.0
1260 19.0 9.0 20.0 9.0 19.0 8.0 20.0 8.0
1261 20.0 9.0 21.0 9.0 20.0 8.0 21.0 8.0
1262 21.0 9.0 22.0 9.0 21.0 8.0 22.0 8.0
1263 22.0 9.0 23.0 9.0 22.0 8.0 23.0 8.0
1264 23.0 9.0 24.0 9.0 23.0 8.0 24.0 8.0
1265 24.0 9.0 25.0 9.0 24.0 8.0 25.0 8.0
1266 25.0 9.0 26.0 9.0 25.0 8.0 26.0 8.0
1267 26.0 9.0 27.0 9.0 26.0 8.0 27.0 8.0
1268 27.0 9.0 28.0 9.0 27.0 8.0 28.0 8.0
1269 28.0 9.0 29.0 9.0 28.0 8.0 29.0 8.0
1270 29.0 9.0 30.0 9.0 29.0 8.0 30.0 8.0
1271 30.0 9.0 31.0 9.0 30.0 8.0 31.0 8.0
1272 31.0 9.0 32.0 9.0 31.0 8.0 32.0 8.0
1273 32.0 9.0 33.0 9.0 32.0 8.0 33.0 8.0
1274 33.0 9.0 34.0 9.0 33.0 8.0 34.0 8.0
1275 34.0 9.0 35.0 9.0 34.0 8.0 35.0 8.0
1276 35.0 9.0 36.0 9.0 35.0 8.0 36.0 8.0
1277 36.0 9.0 37.0 9.0 36.0 8.0 37.0 8.0
1278 37.0 9.0 38.0 9.0 37.0 8.0 38.0 8.0
1279 38.0 9.0 39.0 9.0 38.0 8.0 39.0 8.0
1280 39.0 9.0 40.0 9.0 39.0 8.0 40.0 8.0
1281 0.0 8.0 1.0 8.0 0.0 7.0 1.0 7.0
1282 1.0 8.0 2.0 8.0 1.0 7.0 2.0 7.0
1283 2.0 8.0 3.0 8.0 2.0 7.0 3.0 7.0
1284 3.0 8.0 4.0 8.0 3.0 7.0 4.0 7.0
1285 4.0 8.0 5.0 8.0 4.0 7.0 5.0 7.0
1286 5.0 8.0 6.0 8.0 5.0 7.0 6.0 7.0
1287 6.0 8.0 7.0 8.0 6.0 7.0 7.0 7.0
1288 7.0 8.0 8.0 8.0 7.0 7.0 8.0 7.0
1289 8.0 8.0 9.0 8.0 8.0 7.0 9.0 7.0
1290 9.0 8.0 10.0 8.0 9.0 7.0 10.0 7.0
1291 10.0 8.0 11.0 8.0 10.0 7.0 11.0 7.0
1292 11.0 8.0 12.0 8.0 11.0 7.0 12.0 7.0
1293 12.0 8.0 13.0 8.0 12.0 7.0 13.0 7.0
1294 13.0 8.0 14.0 8.0 13.0 7.0 14.0 7.0
1295 14.0 8.0 15.0 8.0 14.0 7.0 15.0 7.0
1296 15.0 8.0 16.0 8.0 15.0 7.0 16.0 7.0
1297 16.0 8.0 17.0 8.0 16.0 7.0 17.0 7.0
1298 17.0 8.0 18.0 8.0 17.0 7.0 18.0 7.0
1299 18.0 8.0 19.0 8.0 18.0 7.0 19.0 7.0
1300 19.0 8.0 20.0 8.0 19.0 7.0 20.0 7.0
1301 20.0 8.0 21.0 8.0 20.0 7.0 21.0 7.0
1302 21.0 8.0 22.0 8.0 21.0 7.0 22.0 7.0
1303 22.0 8.0 23.0 8.0 22.0 7.0 23.0 7.0
1304 23.0 8.0 24.0 8.0 23.0 7.0 24.0 7.0
1305 24.0 8.0 25.0 8.0 24.0 7.0 25.0 7.0
1306 25.0 8.0 26.0 8.0 25.0 7.0 26.0 7.0
1307 26.0 8.0 27.0 8.0 26.0 7.0 27.0 7.0
1308 27.0 8.0 28.0 8.0 27.0 7.0 28.0 7.0
1309 28.0 8.0 29.0 8.0 28.0 7.0 29.0 7.0
1310 29.0 8.0 30.0 8.0 29.0 7.0 30.0 7.0
1311 30.0 8.0 31.0 8.0 30.0 7.0 31.0 7.0
1312 31.0 8.0 32.0 8.0 31.0 7.0 32.0 7.0
1313 32.0 8.0 33.0 8.0 32.0 7.0 33.0 7.0
1314 33.0 8.0 34.0 8.0 33.0 7.0 34.0 7.0
1315 34.0 8.0 35.0 8.0 34.0 7.0 35.0 7.0
1316 35.0 8.0 36.0 8.0 35.0 7.0 36.0 7.0
1317 36.0 8.0 37.0 8.0 36.0 7.0 37.0 7.0
1318 37.0 8.0 38.0 8.0 37.0 7.0 38.0 7.0
1319 38.0 8.0 39.0 8.0 38.0 7.0 39.0 7.0
1320 39.0 8.0 40.0 8.0 39.0 7.0 40.0 7.0
1321 0.0 7.0 1.0 7.0 0.0 6.0 1.0 6.0
1322 1.0 7.0 2.0 7.0 1.0 6.0 2.0 6.0
1323 2.0 7.0 3.0 7.0 2.0 6.0 3.0 6.0
1324 3.0 7.0 4.0 7.0 3.0 6.0 4.0 6.0
1325 4.0 7.0 5.0 7.0 4.0 6.0 5.0 6.0
1326 5.0 7.0 6.0 7.0 5.0 6.0 6.0 6.0
1327 6.0 7.0 7.0 7.0 6.0 6.0 7.0 6.0
1328 7.0 7.0 8.0 7.0 7.0 6.0 8.0 6.0
1329 8.0 7.0 9.0 7.0 8.0 6.0 9.0 6.0
1330 9.0 7.0 10.0 7.0 9.0 6.0 10.0 6.0
1331 10.0 7.0 11.0 7.0 10.0 6.0 11.0 6.0
1332 11.0 7.0 12.0 7.0 11.0 6.0 12.0 6.0
1333 12.0 7.0 13.0 7.0 12.0 6.0 13.0 6.0
1334 13.0 7.0 14.0 7.0 13.0 6.0 14.0 6.0
1335 14.0 7.0 15.0 7.0 14.0 6.0 15.0 6.0
1336 15.0 7.0 16.0 7.0 15.0 6.0 16.0 6.0
1337 16.0 7.0 17.0 7.0 16.0 6.0 17.0 6.0
1338 17.0 7.0 18.0 7.0 17.0 6.0 18.0 6.0
1339 18.0 7.0 19.0 7.0 18.0 6.0 19.0 6.0
1340 19.0 7.0 20.0 7.0 19.0 6.0 20.0 6.0
1341 20.0 7.0 21.0 7.0 20.0 6.0 21.0 6.0
1342 21.0 7.0 22.0 7.0 21.0 6.0 22.0 6.0
1343 22.0 7.0 23.0 7.0 22.0 6.0 23.0 6.0
1344 23.0 7.0 24.0 7.0 23.0 6.0 24.0 6.0
1345 24.0 7.0 25.0 7.0 24.0 6.0 25.0 6.0
1346 25.0 7.0 26.0 7.0 25.0 6.0 26.0 6.0
1347 26.0 7.0 27.0 7.0 26.0 6.0 27.0 6.0
1348 27.0 7.0 28.0 7.0 27.0 6.0 28.0 6.0
1349 28.0 7.0 29.0 7.0 28.0 6.0 29.0 6.0
1350 29.0 7.0 30.0 7.0 29.0 6.0 30.0 6.0
1351 30.0 7.0 31.0 7.0 30.0 6.0 31.0 6.0
1352 31.0 7.0 32.0 7.0 31.0 6.0 32.0 6.0
1353 32.0 7.0 33.0 7.0 32.0 6.0 33.0 6.0
1354 33.0 7.0 34.0 7.0 33.0 6.0 34.0 6.0
1355 34.0 7.0 35.0 7.0 34.0 6.0 35.0 6.0
1356 35.0 7.0 36.0 7.0 35.0 6.0 36.0 6.0
1357 36.0 7.0 37.0 7.0 36.0 6.0 37.0 6.0
1358 37.0 7.0 38.0 7.0 37.0 6.0 38.0 6.0
1359 38.0 7.0 39.0 7.0 38.0 6.0 39.0 6.0
1360 39.0 7.0 40.0 7.0 39.0 6.0 40.0 6.0
1361 0.0 6.0 1.0 6.0 0.0 5.0 1.0 5.0
1362 1.0 6.0 2.0 6.0 1.0 5.0 2.0 5.0
1363 2.0 6.0 3.0 6.0 2.0 5.0 3.0 5.0
1364 3.0 6.0 4.0 6.0 3.0 5.0 4.0 5.0
1365 4.0 6.0 5.0 6.0 4.0 5.0 5.0 5.0
1366 5.0 6.0 6.0 6.0 5.0 5.0 6.0 5.0
1367 6.0 6.0 7.0 6.0 6.0 5.0 7.0 5.0
1368 7.0 6.0 8.0 6.0 7.0 5.0 8.0 5.0
1369 8.0 6.0 9.0 6.0 8.0 5.0 9.0 5.0
1370 9.0 6.0 10.0 6.0 9.0 5.0 10.0 5.0
1371 10.0 6.0 11.0 6.0 10.0 5.0 11.0 5.0
1372 11.0 6.0 12.0 6.0 11.0 5.0 12.0 5.0
1373 12.0 6.0 13.0 6.0 12.0 5.0 13.0 5.0
1374 13.0 6.0 14.0 6.0 13.0 5.0 14.0 5.0
1375 14.0 6.0 15.0 6.0 14.0 5.0 15.0 5.0
1376 15.0 6.0 16.0 6.0 15.0 5.0 16.0 5.0
1377 16.0 6.0 17.0 6.0 16.0 5.0 17.0 5.0
1378 17.0 6.0 18.0 6.0 17.0 5.0 18.0 5.0
1379 18.0 6.0 19.0 6.0 18.0 5.0 19.0 5.0
1380 19.0 6.0 20.0 6.0 19.0 5.0 20.0 5.0
1381 20.0 6.0 21.0 6.0 20.0 5.0 21.0 5.0
1382 21.0 6.0 22.0 6.0 21.0 5.0 22.0 5.0
1383 22.0 6.0 23.0 6.0 22.0 5.0 23.0 5.0
1384 23.0 6.0 24.0 6.0 23.0 5.0 24.0 5.0
1385 24.0 6.0 25.0 6.0 24.0 5.0 25.0 5.0
1386 25.0 6.0 26.0 6.0 25.0 5.0 26.0 5.0
1387 26.0 6.0 27.0 6.0 26.0 5.0 27.0 5.0
1388 27.0 6.0 28.0 6.0 27.0 5.0 28.0 5.0
1389 28.0 6.0 29.0 6.0 28.0 5.0 29.0 5.0
1390 29.0 6.0 30.0 6.0 29.0 5.0 30.0 5.0
1391 30.0 6.0 31.0 6.0 30.0 5.0 31.0 5.0
1392 31.0 6.0 32.0 6.0 31.0 5.0 32.0 5.0
1393 32.0 6.0 33.0 6.0 32.0 5.0 33.0 5.0
1394 33.0 6.0 34.0 6.0 33.0 5.0 34.0 5.0
1395 34.0 6.0 35.0 6.0 34.0 5.0 35.0 5.0
1396 35.0 6.0 36.0 6.0 35.0 5.0 36.0 5.0
1397 36.0 6.0 37.0 6.0 36.0 5.0 37.0 5.0
1398 37.0 6.0 38.0 6.0 37.0 5.0 38.0 5.0
1399 38.0 6.0 39.0 6.0 38.0 5.0 39.0 5.0
1400 39.0 6.0 40.0 6.0 39.0 5.0 40.0 5.0
1401 0.0 5.0 1.0 5.0 0.0 4.0 1.0 4.0
1402 1.0 5.0 2.0 5.0 1.0 4.0 2.0 4.0
1403 2.0 5.0 3.0 5.0 2.0 4.0 3.0 4.0
1404 3.0 5.0 4.0 5.0 3.0 4.0 4.0 4.0
1405 4.0 5.0 5.0 5.0 4.0 4.0 5.0 4.0
1406 5.0 5.0 6.0 5.0 5.0 4.0 6.0 4.0
1407 6.0 5.0 7.0 5.0 6.0 4.0 7.0 4.0
1408 7.0 5.0 8.0 5.0 7.0 4.0 8.0 4.0
1409 8.0 5.0 9.0 5.0 8.0 4.0 9.0 4.0
1410 9.0 5.0 10.0 5.0 9.0 4.0 10.0 4.0
1411 10.0 5.0 11.0 5.0 10.0 4.0 11.0 4.0
1412 11.0 5.0 12.0 5.0 11.0 4.0 12.0 4.0
1413 12.0 5.0 13.0 5.0 12.0 4.0 13.0 4.0
1414 13.0 5.0 14.0 5.0 13.0 4.0 14.0 4.0
1415 14.0 5.0 15.0 5.0 14.0 4.0 15.0 4.0
1416 15.0 5.0 16.0 5.0 15.0 4.0 16.0 4.0
1417 16.0 5.0 17.0 5.0 16.0 4.0 17.0 4.0
1418 17.0 5.0 18.0 5.0 17.0 4.0 18.0 4.0
1419 18.0 5.0 19.0 5.0 18.0 4.0 19.0 4.0
1420 19.0 5.0 20.0 5.0 19.0 4.0 20.0 4.0
1421 20.0 5.0 21.0 5.0 20.0 4.0 21.0 4.0
1422 21.0 5.0 22.0 5.0 21.0 4.0 22.0 4.0
1423 22.0 5.0 23.0 5.0 22.0 4.0 23.0 4.0
1424 23.0 5.0 24.0 5.0 23.0 4.0 24.0 4.0
1425 24.0 5.0 25.0 5.0 24.0 4.0 25.0 4.0
1426 25.0 5.0 26.0 5.0 25.0 4.0 26.0 4.0
1427 26.0 5.0 27.0 5.0 26.0 4.0 27.0 4.0
1428 27.0 5.0 28.0 5.0 27.0 4.0 28.0 4.0
1429 28.0 5.0 29.0 5.0 28.0 4.0 29.0 4.0
1430 29.0 5.0 30.0 5.0 29.0 4.0 30.0 4.0
1431 30.0 5.0 31.0 5.0 30.0 4.0 31.0 4.0
1432 31.0 5.0 32.0 5.0 31.0 4.0 32.0 4.0
1433 32.0 5.0 33.0 5.0 32.0 4.0 33.0 4.0
1434 33.0 5.0 34.0 5.0 33.0 4.0 34.0 4.0
1435 34.0 5.0 35.0 5.0 34.0 4.0 35.0 4.0
1436 35.0 5.0 36.0 5.0 35.0 4.0 36.0 4.0
1437 36.0 5.0 37.0 5.0 36.0 4.0 37.0 4.0
1438 37.0 5.0 38.0 5.0 37.0 4.0 38.0 4.0
1439 38.0 5.0 39.0 5.0 38.0 4.0 39.0 4.0
1440 39.0 5.0 40.0 5.0 39.0 4.0 40.0 4.0
1441 0.0 4.0 1.0 4.0 0.0 3.0 1.0 3.0
1442 1.0 4.0 2.0 4.0 1.0 3.0 2.0 3.0
1443 2.0 4.0 3.0 4.0 2.0 3.0 3.0 3.0
1444 3.0 4.0 4.0 4.0 3.0 3.0 4.0 3.0
1445 4.0 4.0 5.0 4.0 4.0 3.0 5.0 3.0
1446 5.0 4.0 6.0 4.0 5.0 3.0 6.0 3.0
1447 6.0 4.0 7.0 4.0 6.0 3.0 7.0 3.0
1448 7.0 4.0 8.0 4.0 7.0 3.0 8.0 3.0
1449 8.0 4.0 9.0 4.0 8.0 3.0 9.0 3.0
1450 9.0 4.0 10.0 4.0 9.0 3.0 10.0 3.0
1451 10.0 4.0 11.0 4.0 10.0 3.0 11.0 3.0
1452 11.0 4.0 12.0 4.0 11.0 3.0 12.0 3.0
1453 12.0 4.0 13.0 4.0 12.0 3.0 13.0 3.0
1454 13.0 4.0 14.0 4.0 13.0 3.0 14.0 3.0
1455 14.0 4.0 15.0 4.0 14.0 3.0 15.0 3.0
1456 15.0 4.0 16.0 4.0 15.0 3.0 16.0 3.0
1457 16.0 4.0 17.0 4.0 16.0 3.0 17.0 3.0
1458 17.0 4.0 18.0 4.0 17.0 3.0 18.0 3.0
1459 18.0 4.0 19.0 4.0 18.0 3.0 19.0 3.0
1460 19.0 4.0 20.0 4.0 19.0 3.0 20.0 3.0
1461 20.0 4.0 21.0 4.0 20.0 3.0 21.0 3.0
1462 21.0 4.0 22.0 4.0 21.0 3.0 22.0 3.0
1463 22.0 4.0 23.0 4.0 22.0 3.0 23.0 3.0
1464 23.0 4.0 24.0 4.0 23.0 3.0 24.0 3.0
1465 24.0 4.0 25.0 4.0 24.0 3.0 25.0 3.0
1466 25.0 4.0 26.0 4.0 25.0 3.0 26.0 3.0
1467 26.0 4.0 27.0 4.0 26.0 3.0 27.0 3.0
1468 27.0 4.0 28.0 4.0 27.0 3.0 28.0 3.0
1469 28.0 4.0 29.0 4.0 28.0 3.0 29.0 3.0
1470 29.0 4.0 30.0 4.0 29.0 3.0 30.0 3.0
1471 30.0 4.0 31.0 4.0 30.0 3.0 31.0 3.0
1472 31.0 4.0 32.0 4.0 31.0 3.0 32.0 3.0
1473 32.0 4.0 33.0 4.0 32.0 3.0 33.0 3.0
1474 33.0 4.0 34.0 4.0 33.0 3.0 34.0 3.0
1475 34.0 4.0 35.0 4.0 34.0 3.0 35.0 3.0
1476 35.0 4.0 36.0 4.0 35.0 3.0 36.0 3.0
1477 36.0 4.0 37.0 4.0 36.0 3.0 37.0 3.0
1478 37.0 4.0 38.0 4.0 37.0 3.0 38.0 3.0
1479 38.0 4.0 39.0 4.0 38.0 3.0 39.0 3.0
1480 39.0 4.0 40.0 4.0 39.0 3.0 40.0 3.0
1481 0.0 3.0 1.0 3.0 0.0 2.0 1.0 2.0
1482 1.0 3.0 2.0 3.0 1.0 2.0 2.0 2.0
1483 2.0 3.0 3.0 3.0 2.0 2.0 3.0 2.0
1484 3.0 3.0 4.0 3.0 3.0 2.0 4.0 2.0
1485 4.0 3.0 5.0 3.0 4.0 2.0 5.0 2.0
1486 5.0 3.0 6.0 3.0 5.0 2.0 6.0 2.0
1487 6.0 3.0 7.0 3.0 6.0 2.0 7.0 2.0
1488 7.0 3.0 8.0 3.0 7.0 2.0 8.0 2.0
1489 8.0 3.0 9.0 3.0 8.0 2.0 9.0 2.0
1490 9.0 3.0 10.0 3.0 9.0 2.0 10.0 2.0
1491 10.0 3.0 11.0 3.0 10.0 2.0 11.0 2.0
1492 11.0 3.0 12.0 3.0 11.0 2.0 12.0 2.0
1493 12.0 3.0 13.0 3.0 12.0 2.0 13.0 2.0
1494 13.0 3.0 14.0 3.0 13.0 2.0 14.0 2.0
1495 14.0 3.0 15.0 3.0 14.0 2.0 15.0 2.0
1496 15.0 3.0 16.0 3.0 15.0 2.0 16.0 2.0
1497 16.0 3.0 17.0 3.0 16.0 2.0 17.0 2.0
1498 17.0 3.0 18.0 3.0 17.0 2.0 18.0 2.0
1499 18.0 3.0 19.0 3.0 18.0 2.0 19.0 2.0
1500 19.0 3.0 20.0 3.0 19.0 2.0 20.0 2.0
1501 20.0 3.0 21.0 3.0 20.0 2.0 21.0 2.0
1502 21.0 3.0 22.0 3.0 21.0 2.0 22.0 2.0
1503 22.0 3.0 23.0 3.0 22.0 2.0 23.0 2.0
1504 23.0 3.0 24.0 3.0 23.0 2.0 24.0 2.0
1505 24.0 3.0 25.0 3.0 24.0 2.0 25.0 2.0
1506 25.0 3.0 26.0 3.0 25.0 2.0 26.0 2.0
1507 26.0 3.0 27.0 3.0 26.0 2.0 27.0 2.0
1508 27.0 3.0 28.0 3.0 27.0 2.0 28.0 2.0
1509 28.0 3.0 29.0 3.0 28.0 2.0 29.0 2.0
1510 29.0 3.0 30.0 3.0 29.0 2.0 30.0 2.0
1511 30.0 3.0 31.0 3.0 30.0 2.0 31.0 2.0
1512 31.0 3.0 32.0 3.0 31.0 2.0 32.0 2.0
1513 32.0 3.0 33.0 3.0 32.0 2.0 33.0 2.0
1514 33.0 3.0 34.0 3.0 33.0 2.0 34.0 2.0
1515 34.0 3.0 35.0 3.0 34.0 2.0 35.0 2.0
1516 35.0 3.0 36.0 3.0 35.0 2.0 36.0 2.0
1517 36.0 3.0 37.0 3.0 36.0 2.0 37.0 2.0
1518 37.0 3.0 38.0 3.0 37.0 2.0 38.0 2.0
1519 38.0 3.0 39.0 3.0 38.0 2.0 39.0 2.0
1520 39.0 3.0 40.0 3.0 39.0 2.0 40.0 2.0
1521 0.0 2.0 1.0 2.0 0.0 1.0 1.0 1.0
1522 1.0 2.0 2.0 2.0 1.0 1.0 2.0 1.0
1523 2.0 2.0 3.0 2.0 2.0 1.0 3.0 1.0
1524 3.0 2.0 4.0 2.0 3.0 1.0 4.0 1.0
1525 4.0 2.0 5.0 2.0 4.0 1.0 5.0 1.0
1526 5.0 2.0 6.0 2.0 5.0 1.0 6.0 1.0
1527 6.0 2.0 7.0 2.0 6.0 1.0 7.0 1.0
1528 7.0 2.0 8.0 2.0 7.0 1.0 8.0 1.0
1529 8.0 2.0 9.0 2.0 8.0 1.0 9.0 1.0
1530 9.0 2.0 10.0 2.0 9.0 1.0 10.0 1.0
1531 10.0 2.0 11.0 2.0 10.0 1.0 11.0 1.0
1532 11.0 2.0 12.0 2.0 11.0 1.0 12.0 1.0
1533 12.0 2.0 13.0 2.0 12.0 1.0 13.0 1.0
1534 13.0 2.0 14.0 2.0 13.0 1.0 14.0 1.0
1535 14.0 2.0 15.0 2.0 14.0 1.0 15.0 1.0
1536 15.0 2.0 16.0 2.0 15.0 1.0 16.0 1.0
1537 16.0 2.0 17.0 2.0 16.0 1.0 17.0 1.0
1538 17.0 2.0 18.0 2.0 17.0 1.0 18.0 1.0
1539 18.0 2.0 19.0 2.0 18.0 1.0 19.0 1.0
1540 19.0 2.0 20.0 2.0 19.0 1.0 20.0 1.0
1541 20.0 2.0 21.0 2.0 20.0 1.0 21.0 1.0
1542 21.0 2.0 22.0 2.0 21.0 1.0 22.0 1.0
1543 22.0 2.0 23.0 2.0 22.0 1.0 23.0 1.0
1544 23.0 2.0 24.0 2.0 23.0 1.0 24.0 1.0
1545 24.0 2.0 25.0 2.0 24.0 1.0 25.0 1.0
1546 25.0 2.0 26.0 2.0 25.0 1.0 26.0 1.0
1547 26.0 2.0 27.0 2.0 26.0 1.0 27.0 1.0
1548 27.0 2.0 28.0 2.0 27.0 1.0 28.0 1.0
1549 28.0 2.0 29.0 2.0 28.0 1.0 29.0 1.0
1550 29.0 2.0 30.0 2.0 29.0 1.0 30.0 1.0
1551 30.0 2.0 31.0 2.0 30.0 1.0 31.0 1.0
1552 31.0 2.0 32.0 2.0 31.0 1.0 32.0 1.0
1553 32.0 2.0 33.0 2.0 32.0 1.0 33.0 1.0
1554 33.0 2.0 34.0 2.0 33.0 1.0 34.0 1.0
1555 34.0 2.0 35.0 2.0 34.0 1.0 35.0 1.0
1556 35.0 2.0 36.0 2.0 35.0 1.0 36.0 1.0
1557 36.0 2.0 37.0 2.0 36.0 1.0 37.0 1.0
1558 37.0 2.0 38.0 2.0 37.0 1.0 38.0 1.0
1559 38.0 2.0 39.0 2.0 38.0 1.0 39.0 1.0
1560 39.0 2.0 40.0 2.0 39.0 1.0 40.0 1.0
1561 0.0 1.0 1.0 1.0 0.0 0.0 1.0 0.0
1562 1.0 1.0 2.0 1.0 1.0 0.0 2.0 0.0
1563 2.0 1.0 3.0 1.0 2.0 0.0 3.0 0.0
1564 3.0 1.0 4.0 1.0 3.0 0.0 4.0 0.0
1565 4.0 1.0 5.0 1.0 4.0 0.0 5.0 0.0
1566 5.0 1.0 6.0 1.0 5.0 0.0 6.0 0.0
1567 6.0 1.0 7.0 1.0 6.0 0.0 7.0 0.0
1568 7.0 1.0 8.0 1.0 7.0 0.0 8.0 0.0
1569 8.0 1.0 9.0 1.0 8.0 0.0 9.0 0.0
1570 9.0 1.0 10.0 1.0 9.0 0.0 10.0 0.0
1571 10.0 1.0 11.0 1.0 10.0 0.0 11.0 0.0
1572 11.0 1.0 12.0 1.0 11.0 0.0 12.0 0.0
1573 12.0 1.0 13.0 1.0 12.0 0.0 13.0 0.0
1574 13.0 1.0 14.0 1.0 13.0 0.0 14.0 0.0
1575 14.0 1.0 15.0 1.0 14.0 0.0 15.0 0.0
1576 15.0 1.0 16.0 1.0 15.0 0.0 16.0 0.0
1577 16.0 1.0 17.0 1.0 16.0 0.0 17.0 0.0
1578 17.0 1.0 18.0 1.0 17.0 0.0 18.0 0.0
1579 18.0 1.0 19.0 1.0 18.0 0.0 19.0 0.0
1580 19.0 1.0 20.0 1.0 19.0 0.0 20.0 0.0
1581 20.0 1.0 21.0 1.0 20.0 0.0 21.0 0.0
1582 21.0 1.0 22.0 1.0 21.0 0.0 22.0 0.0
1583 22.0 1.0 23.0 1.0 22.0 0.0 23.0 0.0
1584 23.0 1.0 24.0 1.0 23.0 0.0 24.0 0.0
1585 24.0 1.0 25.0 1.0 24.0 0.0 25.0 0.0
1586 25.0 1.0 26.0 1.0 25.0 0.0 26.0 0.0
1587 26.0 1.0 27.0 1.0 26.0 0.0 27.0 0.0
1588 27.0 1.0 28.0 1.0 27.0 0.0 28.0 0.0
1589 28.0 1.0 29.0 1.0 28.0 0.0 29.0 0.0
1590 29.0 1.0 30.0 1.0 29.0 0.0 30.0 0.0
1591 30.0 1.0 31.0 1.0 30.0 0.0 31.0 0.0
1592 31.0 1.0 32.0 1.0 31.0 0.0 32.0 0.0
1593 32.0 1.0 33.0 1.0 32.0 0.0 33.0 0.0
1594 33.0 1.0 34.0 1.0 33.0 0.0 34.0 0.0
1595 34.0 1.0 35.0 1.0 34.0 0.0 35.0 0.0
1596 35.0 1.0 36.0 1.0 35.0 0.0 36.0 0.0
1597 36.0 1.0 37.0 1.0 36.0 0.0 37.0 0.0
1598 37.0 1.0 38.0 1.0 37.0 0.0 38.0 0.0
1599 38.0 1.0 39.0 1.0 38.0 0.0 39.0 0.0
1600 39.0 1.0 40.0 1.0 39.0 0.0 40.0 0.0
