customer weight Xc Yc
1 1.0 0.5 39.5
2 1.0 1.5 39.5
3 1.0 2.5 39.5
4 1.0 3.5 39.5
5 1.043 4.5 39.5
6 1.819 5.5 39.5
7 1.442 6.5 39.5
8 3.116 7.5 39.5
9 3.737 8.5 39.5
10 5.783 9.5 39.5
11 6.0 10.5 39.5
12 5.62 11.5 39.5
13 4.567 12.5 39.5
14 2.667 13.5 39.5
15 2.014 14.5 39.5
16 1.367 15.5 39.5
17 1.294 16.5 39.5
18 1.0 17.5 39.5
19 1.0 18.5 39.5
20 1.0 19.5 39.5
21 1.0 20.5 39.5
22 1.0 21.5 39.5
23 1.0 22.5 39.5
24 1.0 23.5 39.5
25 1.0 24.5 39.5
26 1.0 25.5 39.5
27 1.0 26.5 39.5
28 1.0 27.5 39.5
29 1.0 28.5 39.5
30 1.0 29.5 39.5
31 1.0 30.5 39.5
32 1.0 31.5 39.5
33 1.0 32.5 39.5
34 1.0 33.5 39.5
35 1.0 34.5 39.5
36 1.0 35.5 39.5
37 1.0 36.5 39.5
38 1.0 37.5 39.5
39 1.0 38.5 39.5
40 1.0 39.5 39.5
41 1.0 0.5 38.5
42 1.0 1.5 38.5
43 1.0 2.5 38.5
44 1.195 3.5 38.5
45 1.162 4.5 38.5
46 1.988 5.5 38.5
47 2.429 6.5 38.5
48 2.878 7.5 38.5
49 3.114 8.5 38.5
50 5.423 9.5 38.5
51 5.992 10.5 38.5
52 5.978 11.5 38.5
53 3.928 12.5 38.5
54 2.338 13.5 38.5
55 1.531 14.5 38.5
56 1.507 15.5 38.5
57 1.209 16.5 38.5
58 1.002 17.5 38.5
59 1.0 18.5 38.5
60 1.0 19.5 38.5
61 1.0 20.5 38.5
62 1.0 21.5 38.5
63 1.0 22.5 38.5
64 1.0 23.5 38.5
65 1.0 24.5 38.5
66 1.0 25.5 38.5
67 1.0 26.5 38.5
68 1.0 27.5 38.5
69 1.0 28.5 38.5
70 1.0 29.5 38.5
71 1.0 30.5 38.5
72 1.0 31.5 38.5
73 1.0 32.5 38.5
74 1.0 33.5 38.5
75 1.0 34.5 38.5
76 1.0 35.5 38.5
77 1.0 36.5 38.5
78 1.0 37.5 38.5
79 1.0 38.5 38.5
80 1.0 39.5 38.5
81 1.0 0.5 37.5
82 1.024 1.5 37.5
83 1.0 2.5 37.5
84 1.3 3.5 37.5
85 1.695 4.5 37.5
86 1.753 5.5 37.5
87 2.386 6.5 37.5
88 2.792 7.5 37.5
89 2.965 8.5 37.5
90 5.473 9.5 37.5
91 5.318 10.5 37.5
92 3.67 11.5 37.5
93 4.992 12.5 37.5
94 4.708 13.5 37.5
95 3.131 14.5 37.5
96 2.006 15.5 37.5
97 1.654 16.5 37.5
98 1.388 17.5 37.5
99 1.286 18.5 37.5
100 1.0 19.5 37.5
101 1.0 20.5 37.5
102 1.0 21.5 37.5
103 1.0 22.5 37.5
104 1.0 23.5 37.5
105 1.0 24.5 37.5
106 1.0 25.5 37.5
107 1.0 26.5 37.5
108 1.0 27.5 37.5
109 1.0 28.5 37.5
110 1.0 29.5 37.5
111 1.0 30.5 37.5
112 1.0 31.5 37.5
113 1.0 32.5 37.5
114 1.0 33.5 37.5
115 1.0 34.5 37.5
116 1.0 35.5 37.5
117 1.0 36.5 37.5
118 1.0 37.5 37.5
119 1.0 38.5 37.5
120 1.0 39.5 37.5
121 1.0 0.5 36.5
122 1.0 1.5 36.5
123 1.632 2.5 36.5
124 1.0 3.5 36.5
125 1.373 4.5 36.5
126 1.209 5.5 36.5
127 2.787 6.5 36.5
128 2.017 7.5 36.5
129 3.361 8.5 36.5
130 4.063 9.5 36.5
131 3.463 10.5 36.5
132 4.63 11.5 36.5
133 3.806 12.5 36.5
134 2.642 13.5 36.5
135 4.292 14.5 36.5
136 2.48 15.5 36.5
137 1.928 16.5 36.5
138 1.349 17.5 36.5
139 1.0 18.5 36.5
140 1.239 19.5 36.5
141 1.126 20.5 36.5
142 1.0 21.5 36.5
143 1.0 22.5 36.5
144 1.0 23.5 36.5
145 1.0 24.5 36.5
146 1.0 25.5 36.5
147 1.0 26.5 36.5
148 1.0 27.5 36.5
149 1.0 28.5 36.5
150 1.0 29.5 36.5
151 1.0 30.5 36.5
152 1.0 31.5 36.5
153 1.0 32.5 36.5
154 1.0 33.5 36.5
155 1.0 34.5 36.5
156 1.0 35.5 36.5
157 1.0 36.5 36.5
158 1.0 37.5 36.5
159 1.0 38.5 36.5
160 1.0 39.5 36.5
161 1.0 0.5 35.5
162 1.028 1.5 35.5
163 1.0 2.5 35.5
164 1.749 3.5 35.5
165 1.114 4.5 35.5
166 2.412 5.5 35.5
167 2.14 6.5 35.5
168 2.885 7.5 35.5
169 3.93 8.5 35.5
170 3.111 9.5 35.5
171 2.808 10.5 35.5
172 3.395 11.5 35.5
173 3.836 12.5 35.5
174 3.276 13.5 35.5
175 2.926 14.5 35.5
176 3.371 15.5 35.5
177 2.013 16.5 35.5
178 1.927 17.5 35.5
179 1.015 18.5 35.5
180 1.127 19.5 35.5
181 1.0 20.5 35.5
182 1.0 21.5 35.5
183 1.0 22.5 35.5
184 1.0 23.5 35.5
185 1.0 24.5 35.5
186 1.0 25.5 35.5
187 1.0 26.5 35.5
188 1.0 27.5 35.5
189 1.0 28.5 35.5
190 1.0 29.5 35.5
191 1.0 30.5 35.5
192 1.0 31.5 35.5
193 1.0 32.5 35.5
194 1.0 33.5 35.5
195 1.0 34.5 35.5
196 1.0 35.5 35.5
197 1.0 36.5 35.5
198 1.0 37.5 35.5
199 1.0 38.5 35.5
200 1.0 39.5 35.5
201 1.0 0.5 34.5
202 1.0 1.5 34.5
203 1.197 2.5 34.5
204 1.0 3.5 34.5
205 2.231 4.5 34.5
206 2.378 5.5 34.5
207 2.466 6.5 34.5
208 2.92 7.5 34.5
209 3.01 8.5 34.5
210 3.163 9.5 34.5
211 2.245 10.5 34.5
212 3.359 11.5 34.5
213 2.733 12.5 34.5
214 3.602 13.5 34.5
215 1.903 14.5 34.5
216 2.315 15.5 34.5
217 1.826 16.5 34.5
218 1.431 17.5 34.5
219 1.373 18.5 34.5
220 1.128 19.5 34.5
221 1.0 20.5 34.5
222 1.0 21.5 34.5
223 1.0 22.5 34.5
224 1.0 23.5 34.5
225 1.0 24.5 34.5
226 1.0 25.5 34.5
227 1.0 26.5 34.5
228 1.0 27.5 34.5
229 1.0 28.5 34.5
230 1.0 29.5 34.5
231 1.0 30.5 34.5
232 1.0 31.5 34.5
233 1.0 32.5 34.5
234 1.0 33.5 34.5
235 1.0 34.5 34.5
236 1.0 35.5 34.5
237 1.0 36.5 34.5
238 1.0 37.5 34.5
239 1.0 38.5 34.5
240 1.0 39.5 34.5
241 1.0 0.5 33.5
242 1.0 1.5 33.5
243 1.0 2.5 33.5
244 1.172 3.5 33.5
245 1.813 4.5 33.5
246 1.371 5.5 33.5
247 2.518 6.5 33.5
248 2.586 7.5 33.5
249 2.267 8.5 33.5
250 3.004 9.5 33.5
251 2.83 10.5 33.5
252 2.342 11.5 33.5
253 2.924 12.5 33.5
254 3.576 13.5 33.5
255 2.788 14.5 33.5
256 1.992 15.5 33.5
257 1.912 16.5 33.5
258 1.458 17.5 33.5
259 1.43 18.5 33.5
260 1.169 19.5 33.5
261 1.14 20.5 33.5
262 1.0 21.5 33.5
263 1.0 22.5 33.5
264 1.0 23.5 33.5
265 1.0 24.5 33.5
266 1.0 25.5 33.5
267 1.0 26.5 33.5
268 1.0 27.5 33.5
269 1.0 28.5 33.5
270 1.0 29.5 33.5
271 1.0 30.5 33.5
272 1.0 31.5 33.5
273 1.0 32.5 33.5
274 1.0 33.5 33.5
275 1.0 34.5 33.5
276 1.0 35.5 33.5
277 1.0 36.5 33.5
278 1.0 37.5 33.5
279 1.0 38.5 33.5
280 1.0 39.5 33.5
281 1.0 0.5 32.5
282 1.0 1.5 32.5
283 1.0 2.5 32.5
284 1.0 3.5 32.5
285 1.302 4.5 32.5
286 2.133 5.5 32.5
287 1.697 6.5 32.5
288 2.558 7.5 32.5
289 1.719 8.5 32.5
290 2.646 9.5 32.5
291 2.888 10.5 32.5
292 2.41 11.5 32.5
293 2.595 12.5 32.5
294 2.871 13.5 32.5
295 2.991 14.5 32.5
296 2.435 15.5 32.5
297 1.659 16.5 32.5
298 1.0 17.5 32.5
299 1.052 18.5 32.5
300 1.078 19.5 32.5
301 1.0 20.5 32.5
302 1.096 21.5 32.5
303 1.0 22.5 32.5
304 1.0 23.5 32.5
305 1.0 24.5 32.5
306 1.0 25.5 32.5
307 1.0 26.5 32.5
308 1.0 27.5 32.5
309 1.0 28.5 32.5
310 1.0 29.5 32.5
311 1.0 30.5 32.5
312 1.0 31.5 32.5
313 1.0 32.5 32.5
314 1.0 33.5 32.5
315 1.0 34.5 32.5
316 1.0 35.5 32.5
317 1.0 36.5 32.5
318 1.0 37.5 32.5
319 1.0 38.5 32.5
320 1.0 39.5 32.5
321 1.0 0.5 31.5
322 1.0 1.5 31.5
323 1.0 2.5 31.5
324 1.144 3.5 31.5
325 1.416 4.5 31.5
326 1.226 5.5 31.5
327 1.326 6.5 31.5
328 2.32 7.5 31.5
329 2.519 8.5 31.5
330 2.536 9.5 31.5
331 2.754 10.5 31.5
332 1.808 11.5 31.5
333 2.434 12.5 31.5
334 2.96 13.5 31.5
335 2.98 14.5 31.5
336 1.74 15.5 31.5
337 1.849 16.5 31.5
338 1.718 17.5 31.5
339 1.178 18.5 31.5
340 1.0 19.5 31.5
341 1.052 20.5 31.5
342 1.012 21.5 31.5
343 1.047 22.5 31.5
344 1.013 23.5 31.5
345 1.0 24.5 31.5
346 1.0 25.5 31.5
347 1.0 26.5 31.5
348 1.0 27.5 31.5
349 1.0 28.5 31.5
350 1.0 29.5 31.5
351 1.0 30.5 31.5
352 1.0 31.5 31.5
353 1.0 32.5 31.5
354 1.0 33.5 31.5
355 1.0 34.5 31.5
356 1.0 35.5 31.5
357 1.0 36.5 31.5
358 1.0 37.5 31.5
359 1.0 38.5 31.5
360 1.0 39.5 31.5
361 1.0 0.5 30.5
362 1.0 1.5 30.5
363 1.0 2.5 30.5
364 1.0 3.5 30.5
365 1.0 4.5 30.5
366 1.291 5.5 30.5
367 2.07 6.5 30.5
368 2.495 7.5 30.5
369 2.328 8.5 30.5
370 2.372 9.5 30.5
371 1.615 10.5 30.5
372 2.678 11.5 30.5
373 2.328 12.5 30.5
374 1.764 13.5 30.5
375 2.64 14.5 30.5
376 2.256 15.5 30.5
377 1.978 16.5 30.5
378 1.8 17.5 30.5
379 1.186 18.5 30.5
380 1.022 19.5 30.5
381 1.0 20.5 30.5
382 1.036 21.5 30.5
383 1.0 22.5 30.5
384 1.0 23.5 30.5
385 1.0 24.5 30.5
386 1.0 25.5 30.5
387 1.0 26.5 30.5
388 1.0 27.5 30.5
389 1.0 28.5 30.5
390 1.0 29.5 30.5
391 1.0 30.5 30.5
392 1.0 31.5 30.5
393 1.0 32.5 30.5
394 1.0 33.5 30.5
395 1.0 34.5 30.5
396 1.0 35.5 30.5
397 1.0 36.5 30.5
398 1.0 37.5 30.5
399 1.0 38.5 30.5
400 1.0 39.5 30.5
401 1.0 0.5 29.5
402 1.0 1.5 29.5
403 1.0 2.5 29.5
404 1.0 3.5 29.5
405 1.034 4.5 29.5
406 1.679 5.5 29.5
407 1.624 6.5 29.5
408 2.384 7.5 29.5
409 2.244 8.5 29.5
410 1.212 9.5 29.5
411 2.593 10.5 29.5
412 2.298 11.5 29.5
413 1.471 12.5 29.5
414 2.579 13.5 29.5
415 2.48 14.5 29.5
416 1.599 15.5 29.5
417 1.853 16.5 29.5
418 1.019 17.5 29.5
419 1.334 18.5 29.5
420 1.208 19.5 29.5
421 1.0 20.5 29.5
422 1.0 21.5 29.5
423 1.0 22.5 29.5
424 1.0 23.5 29.5
425 1.0 24.5 29.5
426 1.0 25.5 29.5
427 1.0 26.5 29.5
428 1.0 27.5 29.5
429 1.0 28.5 29.5
430 1.0 29.5 29.5
431 1.0 30.5 29.5
432 1.0 31.5 29.5
433 1.0 32.5 29.5
434 1.0 33.5 29.5
435 1.0 34.5 29.5
436 1.0 35.5 29.5
437 1.0 36.5 29.5
438 1.0 37.5 29.5
439 1.0 38.5 29.5
440 1.0 39.5 29.5
441 1.0 0.5 28.5
442 1.0 1.5 28.5
443 1.0 2.5 28.5
444 1.0 3.5 28.5
445 1.0 4.5 28.5
446 1.603 5.5 28.5
447 1.918 6.5 28.5
448 2.002 7.5 28.5
449 1.372 8.5 28.5
450 2.545 9.5 28.5
451 2.416 10.5 28.5
452 1.955 11.5 28.5
453 2.359 12.5 28.5
454 2.321 13.5 28.5
455 1.355 14.5 28.5
456 2.457 15.5 28.5
457 2.434 16.5 28.5
458 1.365 17.5 28.5
459 1.328 18.5 28.5
460 1.0 19.5 28.5
461 1.0 20.5 28.5
462 1.0 21.5 28.5
463 1.0 22.5 28.5
464 1.0 23.5 28.5
465 1.0 24.5 28.5
466 1.0 25.5 28.5
467 1.0 26.5 28.5
468 1.0 27.5 28.5
469 1.0 28.5 28.5
470 1.0 29.5 28.5
471 1.0 30.5 28.5
472 1.0 31.5 28.5
473 1.0 32.5 28.5
474 1.0 33.5 28.5
475 1.0 34.5 28.5
476 1.0 35.5 28.5
477 1.0 36.5 28.5
478 1.0 37.5 28.5
479 1.0 38.5 28.5
480 1.0 39.5 28.5
481 1.0 0.5 27.5
482 1.0 1.5 27.5
483 1.0 2.5 27.5
484 1.0 3.5 27.5
485 1.089 4.5 27.5
486 1.525 5.5 27.5
487 1.365 6.5 27.5
488 1.418 7.5 27.5
489 2.417 8.5 27.5
490 1.966 9.5 27.5
491 1.292 10.5 27.5
492 1.651 11.5 27.5
493 2.021 12.5 27.5
494 1.611 13.5 27.5
495 1.978 14.5 27.5
496 2.378 15.5 27.5
497 1.705 16.5 27.5
498 1.734 17.5 27.5
499 1.072 18.5 27.5
500 1.319 19.5 27.5
501 1.0 20.5 27.5
502 1.0 21.5 27.5
503 1.0 22.5 27.5
504 1.0 23.5 27.5
505 1.0 24.5 27.5
506 1.0 25.5 27.5
507 1.0 26.5 27.5
508 1.0 27.5 27.5
509 1.0 28.5 27.5
510 1.0 29.5 27.5
511 1.0 30.5 27.5
512 1.0 31.5 27.5
513 1.0 32.5 27.5
514 1.0 33.5 27.5
515 1.0 34.5 27.5
516 1.0 35.5 27.5
517 1.0 36.5 27.5
518 1.0 37.5 27.5
519 1.0 38.5 27.5
520 1.0 39.5 27.5
521 1.0 0.5 26.5
522 1.0 1.5 26.5
523 1.0 2.5 26.5
524 1.0 3.5 26.5
525 1.46 4.5 26.5
526 1.0 5.5 26.5
527 1.408 6.5 26.5
528 2.109 7.5 26.5
529 1.467 8.5 26.5
530 1.782 9.5 26.5
531 1.763 10.5 26.5
532 1.392 11.5 26.5
533 1.419 12.5 26.5
534 1.087 13.5 26.5
535 1.555 14.5 26.5
536 2.048 15.5 26.5
537 1.721 16.5 26.5
538 1.61 17.5 26.5
539 1.073 18.5 26.5
540 1.0 19.5 26.5
541 1.0 20.5 26.5
542 1.0 21.5 26.5
543 1.0 22.5 26.5
544 1.0 23.5 26.5
545 1.0 24.5 26.5
546 1.0 25.5 26.5
547 1.0 26.5 26.5
548 1.0 27.5 26.5
549 1.0 28.5 26.5
550 1.0 29.5 26.5
551 1.0 30.5 26.5
552 1.0 31.5 26.5
553 1.0 32.5 26.5
554 1.0 33.5 26.5
555 1.0 34.5 26.5
556 1.0 35.5 26.5
557 1.0 36.5 26.5
558 1.0 37.5 26.5
559 1.0 38.5 26.5
560 1.0 39.5 26.5
561 1.0 0.5 25.5
562 1.0 1.5 25.5
563 1.0 2.5 25.5
564 1.0 3.5 25.5
565 1.067 4.5 25.5
566 1.011 5.5 25.5
567 1.298 6.5 25.5
568 1.253 7.5 25.5
569 1.511 8.5 25.5
570 1.443 9.5 25.5
571 1.226 10.5 25.5
572 1.527 11.5 25.5
573 1.35 12.5 25.5
574 1.0 13.5 25.5
575 1.026 14.5 25.5
576 1.756 15.5 25.5
577 1.83 16.5 25.5
578 1.395 17.5 25.5
579 1.0 18.5 25.5
580 1.0 19.5 25.5
581 1.0 20.5 25.5
582 1.0 21.5 25.5
583 1.0 22.5 25.5
584 1.0 23.5 25.5
585 1.0 24.5 25.5
586 1.0 25.5 25.5
587 1.0 26.5 25.5
588 1.0 27.5 25.5
589 1.0 28.5 25.5
590 1.0 29.5 25.5
591 1.0 30.5 25.5
592 1.0 31.5 25.5
593 1.0 32.5 25.5
594 1.0 33.5 25.5
595 1.0 34.5 25.5
596 1.0 35.5 25.5
597 1.0 36.5 25.5
598 1.0 37.5 25.5
599 1.0 38.5 25.5
600 1.0 39.5 25.5
601 1.0 0.5 24.5
602 1.0 1.5 24.5
603 1.0 2.5 24.5
604 1.0 3.5 24.5
605 1.0 4.5 24.5
606 1.0 5.5 24.5
607 1.232 6.5 24.5
608 1.306 7.5 24.5
609 1.073 8.5 24.5
610 1.222 9.5 24.5
611 1.485 10.5 24.5
612 1.0 11.5 24.5
613 1.0 12.5 24.5
614 1.032 13.5 24.5
615 1.049 14.5 24.5
616 1.676 15.5 24.5
617 1.348 16.5 24.5
618 1.274 17.5 24.5
619 1.063 18.5 24.5
620 1.0 19.5 24.5
621 1.0 20.5 24.5
622 1.0 21.5 24.5
623 1.0 22.5 24.5
624 1.0 23.5 24.5
625 1.0 24.5 24.5
626 1.0 25.5 24.5
627 1.0 26.5 24.5
628 1.0 27.5 24.5
629 1.0 28.5 24.5
630 1.0 29.5 24.5
631 1.0 30.5 24.5
632 1.0 31.5 24.5
633 1.0 32.5 24.5
634 1.0 33.5 24.5
635 1.0 34.5 24.5
636 1.0 35.5 24.5
637 1.0 36.5 24.5
638 1.0 37.5 24.5
639 1.0 38.5 24.5
640 1.0 39.5 24.5
641 1.0 0.5 23.5
642 1.0 1.5 23.5
643 1.0 2.5 23.5
644 1.0 3.5 23.5
645 1.0 4.5 23.5
646 1.0 5.5 23.5
647 1.0 6.5 23.5
648 1.0 7.5 23.5
649 1.184 8.5 23.5
650 1.0 9.5 23.5
651 1.263 10.5 23.5
652 1.0 11.5 23.5
653 1.026 12.5 23.5
654 1.0 13.5 23.5
655 1.532 14.5 23.5
656 1.152 15.5 23.5
657 1.069 16.5 23.5
658 1.128 17.5 23.5
659 1.0 18.5 23.5
660 1.0 19.5 23.5
661 1.0 20.5 23.5
662 1.0 21.5 23.5
663 1.0 22.5 23.5
664 1.0 23.5 23.5
665 1.0 24.5 23.5
666 1.0 25.5 23.5
667 1.0 26.5 23.5
668 1.0 27.5 23.5
669 1.0 28.5 23.5
670 1.0 29.5 23.5
671 1.0 30.5 23.5
672 1.0 31.5 23.5
673 1.0 32.5 23.5
674 1.0 33.5 23.5
675 1.0 34.5 23.5
676 1.0 35.5 23.5
677 1.0 36.5 23.5
678 1.0 37.5 23.5
679 1.0 38.5 23.5
680 1.0 39.5 23.5
681 1.0 0.5 22.5
682 1.0 1.5 22.5
683 1.0 2.5 22.5
684 1.0 3.5 22.5
685 1.0 4.5 22.5
686 1.0 5.5 22.5
687 1.0 6.5 22.5
688 1.0 7.5 22.5
689 1.0 8.5 22.5
690 1.0 9.5 22.5
691 1.247 10.5 22.5
692 1.148 11.5 22.5
693 1.0 12.5 22.5
694 1.237 13.5 22.5
695 1.0 14.5 22.5
696 1.083 15.5 22.5
697 1.0 16.5 22.5
698 1.0 17.5 22.5
699 1.045 18.5 22.5
700 1.0 19.5 22.5
701 1.0 20.5 22.5
702 1.0 21.5 22.5
703 1.0 22.5 22.5
704 1.0 23.5 22.5
705 1.0 24.5 22.5
706 1.0 25.5 22.5
707 1.0 26.5 22.5
708 1.0 27.5 22.5
709 1.0 28.5 22.5
710 1.0 29.5 22.5
711 1.0 30.5 22.5
712 1.0 31.5 22.5
713 1.0 32.5 22.5
714 1.0 33.5 22.5
715 1.0 34.5 22.5
716 1.0 35.5 22.5
717 1.0 36.5 22.5
718 1.0 37.5 22.5
719 1.0 38.5 22.5
720 1.0 39.5 22.5
721 1.0 0.5 21.5
722 1.0 1.5 21.5
723 1.0 2.5 21.5
724 1.0 3.5 21.5
725 1.0 4.5 21.5
726 1.0 5.5 21.5
727 1.0 6.5 21.5
728 1.0 7.5 21.5
729 1.0 8.5 21.5
730 1.048 9.5 21.5
731 1.06 10.5 21.5
732 1.119 11.5 21.5
733 1.0 12.5 21.5
734 1.232 13.5 21.5
735 1.0 14.5 21.5
736 1.0 15.5 21.5
737 1.0 16.5 21.5
738 1.005 17.5 21.5
739 1.0 18.5 21.5
740 1.0 19.5 21.5
741 1.0 20.5 21.5
742 1.0 21.5 21.5
743 1.0 22.5 21.5
744 1.0 23.5 21.5
745 1.0 24.5 21.5
746 1.0 25.5 21.5
747 1.0 26.5 21.5
748 1.0 27.5 21.5
749 1.0 28.5 21.5
750 1.0 29.5 21.5
751 1.0 30.5 21.5
752 1.0 31.5 21.5
753 1.0 32.5 21.5
754 1.0 33.5 21.5
755 1.0 34.5 21.5
756 1.0 35.5 21.5
757 1.0 36.5 21.5
758 1.0 37.5 21.5
759 1.0 38.5 21.5
760 1.0 39.5 21.5
761 1.0 0.5 20.5
762 1.0 1.5 20.5
763 1.0 2.5 20.5
764 1.0 3.5 20.5
765 1.0 4.5 20.5
766 1.0 5.5 20.5
767 1.0 6.5 20.5
768 1.0 7.5 20.5
769 1.0 8.5 20.5
770 1.0 9.5 20.5
771 1.0 10.5 20.5
772 1.0 11.5 20.5
773 1.0 12.5 20.5
774 1.144 13.5 20.5
775 1.069 14.5 20.5
776 1.0 15.5 20.5
777 1.0 16.5 20.5
778 1.0 17.5 20.5
779 1.0 18.5 20.5
780 1.0 19.5 20.5
781 1.0 20.5 20.5
782 1.0 21.5 20.5
783 1.0 22.5 20.5
784 1.0 23.5 20.5
785 1.0 24.5 20.5
786 1.0 25.5 20.5
787 1.0 26.5 20.5
788 1.0 27.5 20.5
789 1.0 28.5 20.5
790 1.0 29.5 20.5
791 1.0 30.5 20.5
792 1.0 31.5 20.5
793 1.0 32.5 20.5
794 1.0 33.5 20.5
795 1.0 34.5 20.5
796 1.0 35.5 20.5
797 1.0 36.5 20.5
798 1.0 37.5 20.5
799 1.0 38.5 20.5
800 1.0 39.5 20.5
801 1.0 0.5 19.5
802 1.0 1.5 19.5
803 1.0 2.5 19.5
804 1.0 3.5 19.5
805 1.0 4.5 19.5
806 1.0 5.5 19.5
807 1.0 6.5 19.5
808 1.0 7.5 19.5
809 1.0 8.5 19.5
810 1.0 9.5 19.5
811 1.0 10.5 19.5
812 1.0 11.5 19.5
813 1.0 12.5 19.5
814 1.0 13.5 19.5
815 1.136 14.5 19.5
816 1.127 15.5 19.5
817 1.0 16.5 19.5
818 1.0 17.5 19.5
819 1.0 18.5 19.5
820 1.0 19.5 19.5
821 1.0 20.5 19.5
822 1.0 21.5 19.5
823 1.0 22.5 19.5
824 1.0 23.5 19.5
825 1.0 24.5 19.5
826 1.0 25.5 19.5
827 1.0 26.5 19.5
828 1.0 27.5 19.5
829 1.0 28.5 19.5
830 1.0 29.5 19.5
831 1.0 30.5 19.5
832 1.0 31.5 19.5
833 1.0 32.5 19.5
834 1.0 33.5 19.5
835 1.0 34.5 19.5
836 1.0 35.5 19.5
837 1.0 36.5 19.5
838 1.0 37.5 19.5
839 1.0 38.5 19.5
840 1.0 39.5 19.5
841 1.0 0.5 18.5
842 1.0 1.5 18.5
843 1.0 2.5 18.5
844 1.0 3.5 18.5
845 1.0 4.5 18.5
846 1.0 5.5 18.5
847 1.0 6.5 18.5
848 1.0 7.5 18.5
849 1.0 8.5 18.5
850 1.0 9.5 18.5
851 1.0 10.5 18.5
852 1.0 11.5 18.5
853 1.0 12.5 18.5
854 1.0 13.5 18.5
855 1.0 14.5 18.5
856 1.0 15.5 18.5
857 1.0 16.5 18.5
858 1.0 17.5 18.5
859 1.0 18.5 18.5
860 1.0 19.5 18.5
861 1.0 20.5 18.5
862 1.0 21.5 18.5
863 1.0 22.5 18.5
864 1.0 23.5 18.5
865 1.0 24.5 18.5
866 1.0 25.5 18.5
867 1.0 26.5 18.5
868 1.0 27.5 18.5
869 1.0 28.5 18.5
870 1.0 29.5 18.5
871 1.0 30.5 18.5
872 1.0 31.5 18.5
873 1.0 32.5 18.5
874 1.0 33.5 18.5
875 1.0 34.5 18.5
876 1.0 35.5 18.5
877 1.0 36.5 18.5
878 1.0 37.5 18.5
879 1.0 38.5 18.5
880 1.0 39.5 18.5
881 1.0 0.5 17.5
882 1.0 1.5 17.5
883 1.0 2.5 17.5
884 1.0 3.5 17.5
885 1.0 4.5 17.5
886 1.0 5.5 17.5
887 1.0 6.5 17.5
888 1.0 7.5 17.5
889 1.0 8.5 17.5
890 1.0 9.5 17.5
891 1.0 10.5 17.5
892 1.0 11.5 17.5
893 1.0 12.5 17.5
894 1.0 13.5 17.5
895 1.0 14.5 17.5
896 1.0 15.5 17.5
897 1.0 16.5 17.5
898 1.0 17.5 17.5
899 1.0 18.5 17.5
900 1.0 19.5 17.5
901 1.0 20.5 17.5
902 1.0 21.5 17.5
903 1.0 22.5 17.5
904 1.0 23.5 17.5
905 1.0 24.5 17.5
906 1.0 25.5 17.5
907 1.0 26.5 17.5
908 1.0 27.5 17.5
909 1.0 28.5 17.5
910 1.0 29.5 17.5
911 1.0 30.5 17.5
912 1.0 31.5 17.5
913 1.0 32.5 17.5
914 1.0 33.5 17.5
915 1.0 34.5 17.5
916 1.0 35.5 17.5
917 1.0 36.5 17.5
918 1.0 37.5 17.5
919 1.0 38.5 17.5
920 1.0 39.5 17.5
921 1.0 0.5 16.5
922 1.0 1.5 16.5
923 1.0 2.5 16.5
924 1.0 3.5 16.5
925 1.0 4.5 16.5
926 1.0 5.5 16.5
927 1.0 6.5 16.5
928 1.0 7.5 16.5
929 1.0 8.5 16.5
930 1.0 9.5 16.5
931 1.0 10.5 16.5
932 1.0 11.5 16.5
933 1.0 12.5 16.5
934 1.0 13.5 16.5
935 1.0 14.5 16.5
936 1.0 15.5 16.5
937 1.0 16.5 16.5
938 1.0 17.5 16.5
939 1.0 18.5 16.5
940 1.0 19.5 16.5
941 1.0 20.5 16.5
942 1.0 21.5 16.5
943 1.0 22.5 16.5
944 1.0 23.5 16.5
945 1.0 24.5 16.5
946 1.0 25.5 16.5
947 1.0 26.5 16.5
948 1.0 27.5 16.5
949 1.0 28.5 16.5
950 1.0 29.5 16.5
951 1.0 30.5 16.5
952 1.0 31.5 16.5
953 1.0 32.5 16.5
954 1.0 33.5 16.5
955 1.0 34.5 16.5
956 1.0 35.5 16.5
957 1.0 36.5 16.5
958 1.0 37.5 16.5
959 1.0 38.5 16.5
960 1.0 39.5 16.5
961 1.0 0.5 15.5
962 1.0 1.5 15.5
963 1.0 2.5 15.5
964 1.0 3.5 15.5
965 1.0 4.5 15.5
966 1.0 5.5 15.5
967 1.0 6.5 15.5
968 1.0 7.5 15.5
969 1.0 8.5 15.5
970 1.0 9.5 15.5
971 1.0 10.5 15.5
972 1.0 11.5 15.5
973 1.0 12.5 15.5
974 1.0 13.5 15.5
975 1.0 14.5 15.5
976 1.0 15.5 15.5
977 1.0 16.5 15.5
978 1.0 17.5 15.5
979 1.0 18.5 15.5
980 1.0 19.5 15.5
981 1.0 20.5 15.5
982 1.0 21.5 15.5
983 1.0 22.5 15.5
984 1.0 23.5 15.5
985 1.0 24.5 15.5
986 1.0 25.5 15.5
987 1.0 26.5 15.5
988 1.0 27.5 15.5
989 1.0 28.5 15.5
990 1.0 29.5 15.5
991 1.0 30.5 15.5
992 1.0 31.5 15.5
993 1.0 32.5 15.5
994 1.0 33.5 15.5
995 1.0 34.5 15.5
996 1.0 35.5 15.5
997 1.0 36.5 15.5
998 1.0 37.5 15.5
999 1.0 38.5 15.5
1000 1.0 39.5 15.5
1001 1.0 0.5 14.5
1002 1.0 1.5 14.5
1003 1.0 2.5 14.5
1004 1.0 3.5 14.5
1005 1.0 4.5 14.5
1006 1.0 5.5 14.5
1007 1.0 6.5 14.5
1008 1.0 7.5 14.5
1009 1.0 8.5 14.5
1010 1.0 9.5 14.5
1011 1.0 10.5 14.5
1012 1.0 11.5 14.5
1013 1.0 12.5 14.5
1014 1.0 13.5 14.5
1015 1.0 14.5 14.5
1016 1.0 15.5 14.5
1017 1.0 16.5 14.5
1018 1.0 17.5 14.5
1019 1.0 18.5 14.5
1020 1.0 19.5 14.5
1021 1.0 20.5 14.5
1022 1.0 21.5 14.5
1023 1.0 22.5 14.5
1024 1.0 23.5 14.5
1025 1.0 24.5 14.5
1026 1.0 25.5 14.5
1027 1.0 26.5 14.5
1028 1.0 27.5 14.5
1029 1.0 28.5 14.5
1030 1.0 29.5 14.5
1031 1.0 30.5 14.5
1032 1.0 31.5 14.5
1033 1.0 32.5 14.5
1034 1.0 33.5 14.5
1035 1.0 34.5 14.5
1036 1.0 35.5 14.5
1037 1.0 36.5 14.5
1038 1.0 37.5 14.5
1039 1.0 38.5 14.5
1040 1.0 39.5 14.5
1041 1.0 0.5 13.5
1042 1.0 1.5 13.5
1043 1.0 2.5 13.5
1044 1.0 3.5 13.5
1045 1.0 4.5 13.5
1046 1.0 5.5 13.5
1047 1.0 6.5 13.5
1048 1.0 7.5 13.5
1049 1.0 8.5 13.5
1050 1.0 9.5 13.5
1051 1.0 10.5 13.5
1052 1.0 11.5 13.5
1053 1.0 12.5 13.5
1054 1.0 13.5 13.5
1055 1.0 14.5 13.5
1056 1.0 15.5 13.5
1057 1.0 16.5 13.5
1058 1.0 17.5 13.5
1059 1.0 18.5 13.5
1060 1.0 19.5 13.5
1061 1.0 20.5 13.5
1062 1.0 21.5 13.5
1063 1.0 22.5 13.5
1064 1.0 23.5 13.5
1065 1.0 24.5 13.5
1066 1.0 25.5 13.5
1067 1.0 26.5 13.5
1068 1.0 27.5 13.5
1069 1.0 28.5 13.5
1070 1.0 29.5 13.5
1071 1.0 30.5 13.5
1072 1.0 31.5 13.5
1073 1.0 32.5 13.5
1074 1.0 33.5 13.5
1075 1.0 34.5 13.5
1076 1.0 35.5 13.5
1077 1.0 36.5 13.5
1078 1.0 37.5 13.5
1079 1.0 38.5 13.5
1080 1.0 39.5 13.5
1081 1.0 0.5 12.5
1082 1.0 1.5 12.5
1083 1.0 2.5 12.5
1084 1.0 3.5 12.5
1085 1.0 4.5 12.5
1086 1.0 5.5 12.5
1087 1.0 6.5 12.5
1088 1.0 7.5 12.5
1089 1.0 8.5 12.5
1090 1.0 9.5 12.5
1091 1.0 10.5 12.5
1092 1.0 11.5 12.5
1093 1.0 12.5 12.5
1094 1.0 13.5 12.5
1095 1.0 14.5 12.5
1096 1.0 15.5 12.5
1097 1.0 16.5 12.5
1098 1.0 17.5 12.5
1099 1.0 18.5 12.5
1100 1.0 19.5 12.5
1101 1.0 20.5 12.5
1102 1.0 21.5 12.5
1103 1.0 22.5 12.5
1104 1.0 23.5 12.5
1105 1.0 24.5 12.5
1106 1.0 25.5 12.5
1107 1.0 26.5 12.5
1108 1.0 27.5 12.5
1109 1.0 28.5 12.5
1110 1.0 29.5 12.5
1111 1.0 30.5 12.5
1112 1.0 31.5 12.5
1113 1.0 32.5 12.5
1114 1.0 33.5 12.5
1115 1.0 34.5 12.5
1116 1.0 35.5 12.5
1117 1.0 36.5 12.5
1118 1.0 37.5 12.5
1119 1.0 38.5 12.5
1120 1.0 39.5 12.5
1121 1.0 0.5 11.5
1122 1.0 1.5 11.5
1123 1.0 2.5 11.5
1124 1.0 3.5 11.5
1125 1.0 4.5 11.5
1126 1.0 5.5 11.5
1127 1.0 6.5 11.5
1128 1.0 7.5 11.5
1129 1.0 8.5 11.5
1130 1.0 9.5 11.5
1131 1.0 10.5 11.5
1132 1.0 11.5 11.5
1133 1.0 12.5 11.5
1134 1.0 13.5 11.5
1135 1.0 14.5 11.5
1136 1.0 15.5 11.5
1137 1.0 16.5 11.5
1138 1.0 17.5 11.5
1139 1.0 18.5 11.5
1140 1.0 19.5 11.5
1141 1.0 20.5 11.5
1142 1.0 21.5 11.5
1143 1.0 22.5 11.5
1144 1.0 23.5 11.5
1145 1.0 24.5 11.5
1146 1.0 25.5 11.5
1147 1.0 26.5 11.5
1148 1.0 27.5 11.5
1149 1.0 28.5 11.5
1150 1.0 29.5 11.5
1151 1.0 30.5 11.5
1152 1.0 31.5 11.5
1153 1.0 32.5 11.5
1154 1.0 33.5 11.5
1155 1.0 34.5 11.5
1156 1.0 35.5 11.5
1157 1.0 36.5 11.5
1158 1.0 37.5 11.5
1159 1.0 38.5 11.5
1160 1.0 39.5 11.5
1161 1.0 0.5 10.5
1162 1.0 1.5 10.5
1163 1.0 2.5 10.5
1164 1.0 3.5 10.5
1165 1.0 4.5 10.5
1166 1.0 5.5 10.5
1167 1.0 6.5 10.5
1168 1.0 7.5 10.5
1169 1.0 8.5 10.5
1170 1.0 9.5 10.5
1171 1.0 10.5 10.5
1172 1.0 11.5 10.5
1173 1.0 12.5 10.5
1174 1.0 13.5 10.5
1175 1.0 14.5 10.5
1176 1.0 15.5 10.5
1177 1.0 16.5 10.5
1178 1.0 17.5 10.5
1179 1.0 18.5 10.5
1180 1.0 19.5 10.5
1181 1.0 20.5 10.5
1182 1.0 21.5 10.5
1183 1.0 22.5 10.5
1184 1.0 23.5 10.5
1185 1.0 24.5 10.5
1186 1.0 25.5 10.5
1187 1.0 26.5 10.5
1188 1.0 27.5 10.5
1189 1.0 28.5 10.5
1190 1.0 29.5 10.5
1191 1.0 30.5 10.5
1192 1.0 31.5 10.5
1193 1.0 32.5 10.5
1194 1.0 33.5 10.5
1195 1.0 34.5 10.5
1196 1.0 35.5 10.5
1197 1.0 36.5 10.5
1198 1.0 37.5 10.5
1199 1.0 38.5 10.5
1200 1.0 39.5 10.5
1201 1.0 0.5 9.5
1202 1.0 1.5 9.5
1203 1.0 2.5 9.5
1204 1.0 3.5 9.5
1205 1.0 4.5 9.5
1206 1.0 5.5 9.5
1207 1.0 6.5 9.5
1208 1.0 7.5 9.5
1209 1.0 8.5 9.5
1210 1.0 9.5 9.5
1211 1.0 10.5 9.5
1212 1.0 11.5 9.5
1213 1.0 12.5 9.5
1214 1.0 13.5 9.5
1215 1.0 14.5 9.5
1216 1.0 15.5 9.5
1217 1.0 16.5 9.5
1218 1.0 17.5 9.5
1219 1.0 18.5 9.5
1220 1.0 19.5 9.5
1221 1.0 20.5 9.5
1222 1.0 21.5 9.5
1223 1.0 22.5 9.5
1224 1.0 23.5 9.5
1225 1.0 24.5 9.5
1226 1.0 25.5 9.5
1227 1.0 26.5 9.5
1228 1.0 27.5 9.5
1229 1.0 28.5 9.5
1230 1.0 29.5 9.5
1231 1.0 30.5 9.5
1232 1.0 31.5 9.5
1233 1.0 32.5 9.5
1234 1.0 33.5 9.5
1235 1.0 34.5 9.5
1236 1.0 35.5 9.5
1237 1.0 36.5 9.5
1238 1.0 37.5 9.5
1239 1.0 38.5 9.5
1240 1.0 39.5 9.5
1241 1.0 0.5 8.5
1242 1.0 1.5 8.5
1243 1.0 2.5 8.5
1244 1.0 3.5 8.5
1245 1.0 4.5 8.5
1246 1.0 5.5 8.5
1247 1.0 6.5 8.5
1248 1.0 7.5 8.5
1249 1.0 8.5 8.5
1250 1.0 9.5 8.5
1251 1.0 10.5 8.5
1252 1.0 11.5 8.5
1253 1.0 12.5 8.5
1254 1.0 13.5 8.5
1255 1.0 14.5 8.5
1256 1.0 15.5 8.5
1257 1.0 16.5 8.5
1258 1.0 17.5 8.5
1259 1.0 18.5 8.5
1260 1.0 19.5 8.5
1261 1.0 20.5 8.5
1262 1.0 21.5 8.5
1263 1.0 22.5 8.5
1264 1.0 23.5 8.5
1265 1.0 24.5 8.5
1266 1.0 25.5 8.5
1267 1.0 26.5 8.5
1268 1.0 27.5 8.5
1269 1.0 28.5 8.5
1270 1.0 29.5 8.5
1271 1.0 30.5 8.5
1272 1.0 31.5 8.5
1273 1.0 32.5 8.5
1274 1.0 33.5 8.5
1275 1.0 34.5 8.5
1276 1.0 35.5 8.5
1277 1.0 36.5 8.5
1278 1.0 37.5 8.5
1279 1.0 38.5 8.5
1280 1.0 39.5 8.5
1281 1.0 0.5 7.5
1282 1.0 1.5 7.5
1283 1.0 2.5 7.5
1284 1.0 3.5 7.5
1285 1.0 4.5 7.5
1286 1.0 5.5 7.5
1287 1.0 6.5 7.5
1288 1.0 7.5 7.5
1289 1.0 8.5 7.5
1290 1.0 9.5 7.5
1291 1.0 10.5 7.5
1292 1.0 11.5 7.5
1293 1.0 12.5 7.5
1294 1.0 13.5 7.5
1295 1.0 14.5 7.5
1296 1.0 15.5 7.5
1297 1.0 16.5 7.5
1298 1.0 17.5 7.5
1299 1.0 18.5 7.5
1300 1.0 19.5 7.5
1301 1.0 20.5 7.5
1302 1.0 21.5 7.5
1303 1.0 22.5 7.5
1304 1.0 23.5 7.5
1305 1.0 24.5 7.5
1306 1.0 25.5 7.5
1307 1.0 26.5 7.5
1308 1.0 27.5 7.5
1309 1.0 28.5 7.5
1310 1.0 29.5 7.5
1311 1.0 30.5 7.5
1312 1.0 31.5 7.5
1313 1.0 32.5 7.5
1314 1.0 33.5 7.5
1315 1.0 34.5 7.5
1316 1.0 35.5 7.5
1317 1.0 36.5 7.5
1318 1.0 37.5 7.5
1319 1.0 38.5 7.5
1320 1.0 39.5 7.5
1321 1.0 0.5 6.5
1322 1.0 1.5 6.5
1323 1.0 2.5 6.5
1324 1.0 3.5 6.5
1325 1.0 4.5 6.5
1326 1.0 5.5 6.5
1327 1.0 6.5 6.5
1328 1.0 7.5 6.5
1329 1.0 8.5 6.5
1330 1.0 9.5 6.5
1331 1.0 10.5 6.5
1332 1.0 11.5 6.5
1333 1.0 12.5 6.5
1334 1.0 13.5 6.5
1335 1.0 14.5 6.5
1336 1.0 15.5 6.5
1337 1.0 16.5 6.5
1338 1.0 17.5 6.5
1339 1.0 18.5 6.5
1340 5.751 19.5 6.5
1341 3.464 20.5 6.5
1342 3.975 21.5 6.5
1343 4.41 22.5 6.5
1344 4.832 23.5 6.5
1345 4.308 24.5 6.5
1346 3.545 25.5 6.5
1347 3.438 26.5 6.5
1348 3.239 27.5 6.5
1349 2.162 28.5 6.5
1350 1.445 29.5 6.5
1351 1.174 30.5 6.5
1352 1.0 31.5 6.5
1353 1.0 32.5 6.5
1354 1.0 33.5 6.5
1355 1.0 34.5 6.5
1356 1.0 35.5 6.5
1357 1.0 36.5 6.5
1358 1.0 37.5 6.5
1359 1.0 38.5 6.5
1360 1.0 39.5 6.5
1361 1.0 0.5 5.5
1362 1.0 1.5 5.5
1363 1.0 2.5 5.5
1364 1.0 3.5 5.5
1365 1.0 4.5 5.5
1366 1.0 5.5 5.5
1367 1.0 6.5 5.5
1368 1.0 7.5 5.5
1369 1.0 8.5 5.5
1370 1.0 9.5 5.5
1371 1.0 10.5 5.5
1372 1.0 11.5 5.5
1373 1.0 12.5 5.5
1374 1.0 13.5 5.5
1375 1.0 14.5 5.5
1376 1.0 15.5 5.5
1377 1.0 16.5 5.5
1378 1.0 17.5 5.5
1379 4.452 18.5 5.5
1380 5.1 19.5 5.5
1381 5.773 20.5 5.5
1382 5.865 21.5 5.5
1383 5.922 22.5 5.5
1384 3.503 23.5 5.5
1385 3.408 24.5 5.5
1386 3.089 25.5 5.5
1387 3.048 26.5 5.5
1388 1.869 27.5 5.5
1389 2.987 28.5 5.5
1390 2.846 29.5 5.5
1391 2.603 30.5 5.5
1392 2.125 31.5 5.5
1393 1.278 32.5 5.5
1394 1.0 33.5 5.5
1395 1.0 34.5 5.5
1396 1.0 35.5 5.5
1397 1.0 36.5 5.5
1398 1.0 37.5 5.5
1399 1.0 38.5 5.5
1400 1.0 39.5 5.5
1401 1.0 0.5 4.5
1402 1.0 1.5 4.5
1403 1.0 2.5 4.5
1404 1.0 3.5 4.5
1405 1.0 4.5 4.5
1406 1.0 5.5 4.5
1407 1.0 6.5 4.5
1408 1.0 7.5 4.5
1409 1.0 8.5 4.5
1410 1.0 9.5 4.5
1411 1.0 10.5 4.5
1412 1.0 11.5 4.5
1413 5.158 12.5 4.5
1414 3.864 13.5 4.5
1415 4.53 14.5 4.5
1416 3.076 15.5 4.5
1417 4.395 16.5 4.5
1418 3.823 17.5 4.5
1419 3.756 18.5 4.5
1420 5.056 19.5 4.5
1421 5.745 20.5 4.5
1422 6.0 21.5 4.5
1423 5.28 22.5 4.5
1424 3.134 23.5 4.5
1425 1.923 24.5 4.5
1426 1.909 25.5 4.5
1427 2.643 26.5 4.5
1428 2.632 27.5 4.5
1429 2.293 28.5 4.5
1430 2.453 29.5 4.5
1431 2.038 30.5 4.5
1432 1.478 31.5 4.5
1433 1.569 32.5 4.5
1434 1.323 33.5 4.5
1435 1.094 34.5 4.5
1436 1.0 35.5 4.5
1437 1.0 36.5 4.5
1438 1.0 37.5 4.5
1439 1.0 38.5 4.5
1440 1.0 39.5 4.5
1441 1.0 0.5 3.5
1442 1.0 1.5 3.5
1443 1.0 2.5 3.5
1444 1.0 3.5 3.5
1445 1.0 4.5 3.5
1446 1.0 5.5 3.5
1447 1.0 6.5 3.5
1448 1.0 7.5 3.5
1449 1.0 8.5 3.5
1450 1.0 9.5 3.5
1451 1.0 10.5 3.5
1452 4.754 11.5 3.5
1453 4.142 12.5 3.5
1454 5.71 13.5 3.5
1455 5.498 14.5 3.5
1456 5.567 15.5 3.5
1457 3.325 16.5 3.5
1458 2.543 17.5 3.5
1459 5.0 18.5 3.5
1460 2.928 19.5 3.5
1461 5.209 20.5 3.5
1462 5.024 21.5 3.5
1463 5.799 22.5 3.5
1464 5.55 23.5 3.5
1465 5.296 24.5 3.5
1466 3.364 25.5 3.5
1467 2.665 26.5 3.5
1468 1.694 27.5 3.5
1469 1.593 28.5 3.5
1470 2.405 29.5 3.5
1471 1.313 30.5 3.5
1472 1.15 31.5 3.5
1473 1.531 32.5 3.5
1474 1.261 33.5 3.5
1475 1.174 34.5 3.5
1476 1.0 35.5 3.5
1477 1.0 36.5 3.5
1478 1.0 37.5 3.5
1479 1.0 38.5 3.5
1480 1.0 39.5 3.5
1481 1.0 0.5 2.5
1482 1.0 1.5 2.5
1483 1.0 2.5 2.5
1484 1.0 3.5 2.5
1485 1.0 4.5 2.5
1486 1.0 5.5 2.5
1487 1.0 6.5 2.5
1488 1.0 7.5 2.5
1489 1.0 8.5 2.5
1490 1.0 9.5 2.5
1491 2.545 10.5 2.5
1492 3.591 11.5 2.5
1493 2.953 12.5 2.5
1494 5.888 13.5 2.5
1495 6.0 14.5 2.5
1496 5.705 15.5 2.5
1497 5.41 16.5 2.5
1498 4.646 17.5 2.5
1499 4.527 18.5 2.5
1500 2.806 19.5 2.5
1501 5.1 20.5 2.5
1502 5.407 21.5 2.5
1503 5.051 22.5 2.5
1504 3.205 23.5 2.5
1505 4.66 24.5 2.5
1506 2.863 25.5 2.5
1507 2.058 26.5 2.5
1508 2.443 27.5 2.5
1509 2.167 28.5 2.5
1510 1.744 29.5 2.5
1511 1.256 30.5 2.5
1512 1.0 31.5 2.5
1513 1.395 32.5 2.5
1514 1.338 33.5 2.5
1515 1.0 34.5 2.5
1516 1.0 35.5 2.5
1517 1.0 36.5 2.5
1518 1.0 37.5 2.5
1519 1.0 38.5 2.5
1520 1.0 39.5 2.5
1521 1.0 0.5 1.5
1522 1.0 1.5 1.5
1523 1.0 2.5 1.5
1524 1.0 3.5 1.5
1525 1.0 4.5 1.5
1526 1.0 5.5 1.5
1527 1.0 6.5 1.5
1528 1.0 7.5 1.5
1529 1.0 8.5 1.5
1530 1.732 9.5 1.5
1531 3.578 10.5 1.5
1532 2.338 11.5 1.5
1533 5.852 12.5 1.5
1534 5.383 13.5 1.5
1535 5.315 14.5 1.5
1536 5.994 15.5 1.5
1537 5.896 16.5 1.5
1538 3.499 17.5 1.5
1539 3.377 18.5 1.5
1540 3.938 19.5 1.5
1541 4.028 20.5 1.5
1542 3.3 21.5 1.5
1543 2.703 22.5 1.5
1544 3.03 23.5 1.5
1545 3.561 24.5 1.5
1546 3.386 25.5 1.5
1547 3.248 26.5 1.5
1548 2.06 27.5 1.5
1549 2.235 28.5 1.5
1550 2.197 29.5 1.5
1551 1.26 30.5 1.5
1552 1.299 31.5 1.5
1553 1.0 32.5 1.5
1554 1.0 33.5 1.5
1555 1.0 34.5 1.5
1556 1.0 35.5 1.5
1557 1.0 36.5 1.5
1558 1.0 37.5 1.5
1559 1.0 38.5 1.5
1560 1.0 39.5 1.5
1561 1.0 0.5 0.5
1562 1.0 1.5 0.5
1563 1.0 2.5 0.5
1564 1.0 3.5 0.5
1565 1.0 4.5 0.5
1566 1.0 5.5 0.5
1567 1.0 6.5 0.5
1568 1.0 7.5 0.5
1569 1.667 8.5 0.5
1570 2.678 9.5 0.5
1571 3.362 10.5 0.5
1572 3.919 11.5 0.5
1573 3.917 12.5 0.5
1574 4.762 13.5 0.5
1575 4.476 14.5 0.5
1576 3.755 15.5 0.5
1577 5.658 16.5 0.5
1578 5.135 17.5 0.5
1579 4.66 18.5 0.5
1580 3.936 19.5 0.5
1581 3.517 20.5 0.5
1582 2.708 21.5 0.5
1583 2.375 22.5 0.5
1584 2.458 23.5 0.5
1585 2.148 24.5 0.5
1586 3.488 25.5 0.5
1587 3.439 26.5 0.5
1588 1.923 27.5 0.5
1589 1.459 28.5 0.5
1590 1.647 29.5 0.5
1591 1.557 30.5 0.5
1592 1.229 31.5 0.5
1593 1.0 32.5 0.5
1594 1.0 33.5 0.5
1595 1.0 34.5 0.5
1596 1.0 35.5 0.5
1597 1.0 36.5 0.5
1598 1.0 37.5 0.5
1599 1.0 38.5 0.5
1600 1.0 39.5 0.5
