location subarea
1 3
2 94
3 78
4 5
5 96
6 19
7 60
8 5
9 28
10 63
11 62
12 21
13 50
14 7
15 26
16 99
17 70
18 46
19 37
20 88
21 34
22 76
23 46
24 35
25 4
26 63
27 7
28 63
29 21
30 35
31 24
32 46
33 71
34 49
35 16
36 14
37 94
38 39
39 37
40 53
41 63
42 90
43 29
44 36
45 67
46 73
47 93
48 23
49 33
50 100
51 46
52 6
53 31
54 47
55 17
56 53
57 94
58 30
59 54
60 100
61 40
62 71
63 33
64 82
65 65
66 8
67 74
68 86
69 31
70 98
71 14
72 47
73 85
74 68
75 92
76 3
77 19
78 72
79 68
80 37
81 66
82 4
83 59
84 18
85 76
86 82
87 46
88 93
89 48
90 58
91 86
92 80
93 88
94 59
95 52
96 19
97 79
98 14
99 44
100 47
101 74
102 34
103 47
104 96
105 43
106 72
107 24
108 88
109 60
110 84
111 80
112 77
113 70
114 67
115 96
116 50
117 27
118 16
119 28
120 42
121 37
122 98
123 19
124 92
125 46
126 14
127 98
128 48
129 77
130 41
131 8
132 50
133 74
134 5
135 85
136 80
137 53
138 38
139 59
140 66
141 20
142 48
143 87
144 20
145 37
146 100
147 93
148 18
149 55
150 27
151 2
152 33
153 65
154 32
155 15
156 6
157 2
158 47
159 94
160 43
161 97
162 81
163 76
164 18
165 89
166 15
167 57
168 8
169 18
170 55
171 100
172 3
173 78
174 43
175 17
176 75
177 41
178 15
179 2
180 48
181 98
182 46
183 76
184 63
185 94
186 56
187 43
188 79
189 26
190 26
191 31
192 43
193 64
194 48
195 80
196 24
197 57
198 66
199 40
200 81
201 84
202 27
203 30
204 18
205 12
206 26
207 34
208 50
209 7
210 4
211 37
212 31
213 70
214 18
215 79
216 98
217 57
218 14
219 73
220 42
221 50
222 31
223 44
224 4
225 10
226 53
227 87
228 83
229 89
230 61
231 90
232 59
233 75
234 92
235 85
236 12
237 40
238 43
239 17
240 15
241 53
242 66
243 29
244 97
245 26
246 62
247 43
248 34
249 35
250 66
251 2
252 30
253 34
254 89
255 57
256 33
257 4
258 46
259 54
260 78
261 8
262 48
263 60
264 33
265 95
266 67
267 52
268 55
269 34
270 56
271 64
272 48
273 98
274 36
275 22
276 92
277 74
278 96
279 48
280 87
281 16
282 16
283 44
284 42
285 48
286 27
287 32
288 9
289 2
290 72
291 7
292 39
293 9
294 74
295 1
296 39
297 27
298 92
299 32
300 40
301 27
302 75
303 65
304 43
305 55
306 1
307 55
308 85
309 61
310 43
311 97
312 14
313 69
314 78
315 17
316 94
317 71
318 23
319 78
320 90
321 90
322 12
323 89
324 11
325 49
326 1
327 45
328 86
329 48
330 18
331 88
332 61
333 59
334 12
335 42
336 28
337 16
338 83
339 99
340 6
341 12
342 86
343 54
344 56
345 81
346 37
347 55
348 44
349 41
350 80
351 10
352 82
353 90
354 97
355 46
356 72
357 86
358 7
359 81
360 23
361 99
362 67
363 44
364 71
365 87
366 8
367 50
368 76
369 44
370 81
371 61
372 8
373 61
374 36
375 82
376 82
377 94
378 77
379 87
380 98
381 62
382 78
383 88
384 41
385 23
386 30
387 67
388 77
389 11
390 55
391 4
392 86
393 2
394 81
395 81
396 60
397 68
398 78
399 17
400 18
401 80
402 80
403 40
404 1
405 38
406 17
407 92
408 82
409 64
410 54
411 20
412 72
413 23
414 6
415 66
416 24
417 12
418 85
419 8
420 47
421 35
422 69
423 82
424 74
425 66
426 37
427 1
428 78
429 33
430 36
431 58
432 12
433 25
434 7
435 40
436 52
437 89
438 69
439 85
440 30
441 60
442 42
443 56
444 22
445 53
446 72
447 15
448 14
449 44
450 84
451 59
452 55
453 51
454 71
455 82
456 45
457 27
458 72
459 58
460 96
461 90
462 52
463 40
464 48
465 95
466 14
467 86
468 86
469 93
470 76
471 53
472 62
473 76
474 12
475 18
476 16
477 53
478 91
479 9
480 46
481 35
482 6
483 53
484 19
485 62
486 88
487 83
488 42
489 33
490 35
491 98
492 2
493 94
494 8
495 100
496 100
497 57
498 69
499 65
500 41
501 51
502 14
503 74
504 97
505 57
506 97
507 62
508 30
509 29
510 44
511 28
512 4
513 65
514 60
515 42
516 73
517 92
518 33
519 71
520 45
521 60
522 63
523 21
524 64
525 12
526 52
527 38
528 51
529 9
530 97
531 76
532 4
533 38
534 16
535 42
536 41
537 60
538 93
539 24
540 33
541 51
542 23
543 10
544 19
545 63
546 28
547 77
548 41
549 40
550 41
551 11
552 80
553 3
554 79
555 15
556 75
557 69
558 7
559 54
560 92
561 65
562 41
563 84
564 23
565 77
566 74
567 41
568 41
569 83
570 35
571 29
572 80
573 85
574 86
575 32
576 80
577 87
578 99
579 16
580 39
581 19
582 30
583 57
584 71
585 15
586 64
587 4
588 41
589 65
590 12
591 24
592 62
593 16
594 26
595 94
596 96
597 7
598 86
599 2
600 25
601 48
602 26
603 86
604 91
605 55
606 83
607 88
608 94
609 93
610 16
611 49
612 9
613 1
614 79
615 72
616 79
617 5
618 57
619 8
620 96
621 12
622 75
623 71
624 54
625 62
626 86
627 73
628 23
629 84
630 8
631 31
632 48
633 84
634 42
635 26
636 73
637 87
638 83
639 25
640 9
641 80
642 51
643 17
644 59
645 38
646 83
647 9
648 17
649 40
650 53
651 18
652 29
653 73
654 99
655 38
656 32
657 30
658 5
659 18
660 80
661 65
662 75
663 74
664 86
665 76
666 27
667 74
668 34
669 8
670 6
671 14
672 23
673 64
674 77
675 94
676 74
677 66
678 83
679 5
680 82
681 23
682 98
683 88
684 87
685 88
686 40
687 48
688 93
689 93
690 42
691 54
692 99
693 26
694 33
695 75
696 100
697 51
698 99
699 33
700 21
701 82
702 29
703 32
704 9
705 10
706 82
707 79
708 85
709 49
710 26
711 16
712 38
713 36
714 84
715 69
716 90
717 30
718 37
719 25
720 19
721 19
722 96
723 71
724 57
725 91
726 67
727 2
728 70
729 1
730 41
731 11
732 11
733 57
734 31
735 29
736 54
737 35
738 26
739 98
740 19
741 37
742 84
743 52
744 38
745 17
746 9
747 93
748 4
749 9
750 8
751 7
752 100
753 87
754 8
755 75
756 93
757 98
758 52
759 21
760 37
761 32
762 82
763 81
764 46
765 21
766 76
767 36
768 56
769 10
770 77
771 35
772 33
773 92
774 15
775 23
776 40
777 92
778 82
779 99
780 96
781 99
782 14
783 5
784 2
785 31
786 74
787 24
788 84
789 64
790 69
791 42
792 18
793 71
794 51
795 5
796 83
797 20
798 98
799 55
800 24
801 62
802 90
803 45
804 10
805 15
806 62
807 5
808 10
809 80
810 49
811 13
812 28
813 93
814 28
815 69
816 100
817 85
818 69
819 22
820 73
821 39
822 74
823 37
824 14
825 91
826 49
827 3
828 29
829 75
830 28
831 71
832 81
833 33
834 65
835 50
836 12
837 91
838 85
839 49
840 20
841 39
842 17
843 52
844 32
845 66
846 82
847 88
848 8
849 43
850 81
851 17
852 3
853 32
854 59
855 11
856 12
857 31
858 90
859 8
860 36
861 32
862 42
863 41
864 93
865 95
866 56
867 66
868 35
869 57
870 58
871 18
872 28
873 99
874 14
875 19
876 16
877 53
878 39
879 94
880 6
881 47
882 98
883 92
884 97
885 47
886 76
887 87
888 70
889 71
890 53
891 40
892 11
893 68
894 4
895 27
896 81
897 69
898 16
899 23
900 30
901 19
902 23
903 14
904 69
905 53
906 43
907 93
908 31
909 65
910 13
911 51
912 13
913 88
914 92
915 100
916 62
917 5
918 6
919 46
920 47
921 52
922 18
923 47
924 50
925 13
926 77
927 33
928 53
929 93
930 45
931 45
932 19
933 97
934 41
935 47
936 39
937 8
938 36
939 49
940 63
941 68
942 17
943 3
944 44
945 89
946 68
947 7
948 43
949 49
950 20
951 62
952 3
953 28
954 70
955 95
956 72
957 59
958 100
959 28
960 80
961 18
962 81
963 7
964 70
965 76
966 82
967 53
968 94
969 5
970 2
971 20
972 66
973 50
974 30
975 46
976 18
977 23
978 98
979 17
980 12
981 56
982 61
983 20
984 28
985 78
986 91
987 94
988 4
989 8
990 1
991 7
992 70
993 81
994 74
995 54
996 39
997 31
998 60
999 44
1000 78
1001 49
1002 87
1003 38
1004 61
1005 9
1006 45
1007 70
1008 88
1009 67
1010 74
1011 65
1012 50
1013 25
1014 97
1015 42
1016 44
1017 59
1018 82
1019 84
1020 52
1021 94
1022 23
1023 31
1024 23
1025 60
1026 41
1027 85
1028 99
1029 45
1030 61
1031 63
1032 22
1033 17
1034 85
1035 43
1036 49
1037 89
1038 76
1039 20
1040 56
1041 25
1042 87
1043 58
1044 30
1045 88
1046 67
1047 73
1048 99
1049 13
1050 12
1051 39
1052 15
1053 47
1054 37
1055 73
1056 53
1057 97
1058 59
1059 58
1060 67
1061 32
1062 72
1063 94
1064 14
1065 41
1066 56
1067 7
1068 79
1069 79
1070 19
1071 75
1072 41
1073 49
1074 85
1075 18
1076 48
1077 54
1078 84
1079 71
1080 75
1081 14
1082 54
1083 13
1084 52
1085 90
1086 70
1087 75
1088 90
1089 31
1090 22
1091 3
1092 85
1093 66
1094 93
1095 74
1096 48
1097 51
1098 58
1099 58
1100 47
1101 55
1102 71
1103 73
1104 44
1105 56
1106 3
1107 94
1108 91
1109 55
1110 29
1111 19
1112 40
1113 26
1114 84
1115 11
1116 59
1117 38
1118 84
1119 56
1120 5
1121 74
1122 35
1123 43
1124 72
1125 99
1126 51
1127 40
1128 90
1129 51
1130 71
1131 74
1132 32
1133 90
1134 49
1135 50
1136 23
1137 19
1138 58
1139 1
1140 6
1141 13
1142 33
1143 5
1144 70
1145 55
1146 83
1147 69
1148 43
1149 49
1150 52
1151 20
1152 14
1153 27
1154 95
1155 21
1156 53
1157 28
1158 91
1159 71
1160 86
1161 71
1162 14
1163 62
1164 81
1165 32
1166 4
1167 54
1168 49
1169 45
1170 35
1171 64
1172 73
1173 62
1174 18
1175 70
1176 63
1177 70
1178 36
1179 80
1180 95
1181 83
1182 2
1183 8
1184 73
1185 34
1186 47
1187 14
1188 36
1189 32
1190 99
1191 21
1192 97
1193 83
1194 43
1195 52
1196 3
1197 42
1198 42
1199 20
1200 20
1201 25
1202 9
1203 11
1204 37
1205 77
1206 19
1207 97
1208 57
1209 30
1210 25
1211 44
1212 51
1213 53
1214 5
1215 34
1216 97
1217 39
1218 98
1219 44
1220 47
1221 88
1222 38
1223 99
1224 13
1225 85
1226 84
1227 17
1228 56
1229 49
1230 62
1231 79
1232 71
1233 24
1234 41
1235 95
1236 60
1237 26
1238 28
1239 64
1240 28
1241 12
1242 7
1243 44
1244 7
1245 34
1246 28
1247 23
1248 66
1249 3
1250 41
1251 57
1252 60
1253 36
1254 32
1255 29
1256 26
1257 41
1258 22
1259 84
1260 56
1261 34
1262 15
1263 19
1264 12
1265 99
1266 35
1267 87
1268 32
1269 43
1270 94
1271 69
1272 96
1273 34
1274 7
1275 53
1276 13
1277 43
1278 59
1279 77
1280 33
1281 73
1282 40
1283 43
1284 69
1285 34
1286 36
1287 67
1288 20
1289 64
1290 54
1291 15
1292 99
1293 73
1294 96
1295 64
1296 85
1297 76
1298 77
1299 17
1300 77
1301 26
1302 5
1303 85
1304 69
1305 56
1306 19
1307 14
1308 49
1309 39
1310 85
1311 19
1312 11
1313 33
1314 63
1315 31
1316 17
1317 23
1318 56
1319 56
1320 67
1321 26
1322 34
1323 58
1324 64
1325 22
1326 84
1327 72
1328 43
1329 92
1330 97
1331 52
1332 73
1333 100
1334 95
1335 34
1336 47
1337 8
1338 83
1339 4
1340 7
1341 81
1342 45
1343 58
1344 98
1345 64
1346 57
1347 74
1348 95
1349 36
1350 98
1351 6
1352 59
1353 59
1354 82
1355 35
1356 29
1357 7
1358 85
1359 65
1360 93
1361 50
1362 35
1363 55
1364 57
1365 26
1366 88
1367 88
1368 82
1369 45
1370 49
1371 71
1372 59
1373 32
1374 53
1375 27
1376 9
1377 5
1378 99
1379 12
1380 61
1381 22
1382 50
1383 86
1384 60
1385 61
1386 59
1387 15
1388 34
1389 66
1390 82
1391 47
1392 40
1393 8
1394 43
1395 10
1396 1
1397 46
1398 48
1399 78
1400 28
1401 45
1402 85
1403 45
1404 1
1405 83
1406 31
1407 71
1408 53
1409 77
1410 6
1411 54
1412 68
1413 98
1414 98
1415 69
1416 89
1417 91
1418 85
1419 39
1420 45
1421 47
1422 57
1423 51
1424 54
1425 10
1426 26
1427 80
1428 25
1429 66
1430 19
1431 47
1432 12
1433 10
1434 65
1435 84
1436 9
1437 71
1438 11
1439 78
1440 72
1441 28
1442 23
1443 51
1444 1
1445 18
1446 80
1447 23
1448 81
1449 44
1450 69
1451 27
1452 87
1453 39
1454 29
1455 82
1456 7
1457 42
1458 80
1459 72
1460 22
1461 46
1462 93
1463 35
1464 55
1465 1
1466 10
1467 99
1468 4
1469 66
1470 59
1471 37
1472 89
1473 54
1474 24
1475 51
1476 96
1477 51
1478 28
1479 60
1480 25
1481 53
1482 9
1483 5
1484 13
1485 9
1486 67
1487 12
1488 11
1489 79
1490 79
1491 51
1492 97
1493 2
1494 68
1495 88
1496 50
1497 95
1498 96
1499 49
1500 94
1501 35
1502 9
1503 77
1504 50
1505 12
1506 74
1507 10
1508 56
1509 92
1510 27
1511 5
1512 13
1513 23
1514 97
1515 6
1516 61
1517 10
1518 47
1519 50
1520 12
1521 83
1522 10
1523 61
1524 67
1525 63
1526 99
1527 41
1528 70
1529 85
1530 44
1531 68
1532 47
1533 81
1534 10
1535 97
1536 31
1537 90
1538 75
1539 98
1540 42
1541 66
1542 91
1543 61
1544 99
1545 83
1546 21
1547 93
1548 73
1549 83
1550 42
1551 75
1552 88
1553 91
1554 3
1555 97
1556 12
1557 6
1558 59
1559 90
1560 50
1561 22
1562 37
1563 59
1564 5
1565 10
1566 56
1567 80
1568 60
1569 7
1570 79
1571 26
1572 51
1573 64
1574 60
1575 91
1576 80
1577 31
1578 13
1579 61
1580 24
1581 57
1582 57
1583 43
1584 39
1585 23
1586 61
1587 16
1588 76
1589 10
1590 58
1591 30
1592 40
1593 82
1594 37
1595 2
1596 74
1597 25
1598 15
1599 71
1600 5
1601 25
1602 70
1603 34
1604 56
1605 30
1606 89
1607 24
1608 19
1609 91
1610 81
1611 81
1612 71
1613 35
1614 60
1615 74
1616 32
1617 50
1618 96
1619 51
1620 32
1621 77
1622 33
1623 36
1624 1
1625 89
1626 48
1627 16
1628 64
1629 74
1630 49
1631 24
1632 27
1633 34
1634 85
1635 22
1636 63
1637 97
1638 88
1639 71
1640 47
1641 44
1642 36
1643 94
1644 8
1645 60
1646 36
1647 71
1648 28
1649 34
1650 23
1651 4
1652 97
1653 1
1654 13
1655 85
1656 17
1657 70
1658 80
1659 2
1660 57
1661 95
1662 79
1663 33
1664 68
1665 55
1666 75
1667 82
1668 57
1669 48
1670 61
1671 77
1672 23
1673 81
1674 100
1675 93
1676 44
1677 25
1678 18
1679 89
1680 19
1681 72
1682 15
1683 35
1684 29
1685 25
1686 65
1687 16
1688 12
1689 50
1690 51
1691 95
1692 96
1693 8
1694 21
1695 13
1696 55
1697 72
1698 93
1699 93
1700 69
1701 67
1702 67
1703 75
1704 25
1705 33
1706 45
1707 76
1708 43
1709 79
1710 71
1711 18
1712 24
1713 91
1714 82
1715 85
1716 99
1717 98
1718 12
1719 33
1720 10
1721 32
1722 22
1723 13
1724 94
1725 9
1726 93
1727 5
1728 56
1729 64
1730 47
1731 21
1732 14
1733 74
1734 4
1735 98
1736 32
1737 95
1738 58
1739 39
1740 80
1741 49
1742 17
1743 73
1744 66
1745 11
1746 87
1747 57
1748 17
1749 98
1750 68
1751 63
1752 39
1753 59
1754 9
1755 18
1756 20
1757 6
1758 38
1759 36
1760 43
1761 71
1762 49
1763 67
1764 68
1765 81
1766 92
1767 53
1768 61
1769 86
1770 28
1771 26
1772 81
1773 11
1774 61
1775 7
1776 93
1777 68
1778 83
1779 48
1780 4
1781 27
1782 8
1783 91
1784 20
1785 50
1786 24
1787 84
1788 6
1789 36
1790 36
1791 86
1792 73
1793 17
1794 2
1795 38
1796 80
1797 89
1798 61
1799 33
1800 92
1801 78
1802 38
1803 70
1804 41
1805 88
1806 24
1807 4
1808 100
1809 3
1810 87
1811 8
1812 79
1813 76
1814 71
1815 60
1816 14
1817 6
1818 69
1819 97
1820 65
1821 89
1822 95
1823 89
1824 98
1825 47
1826 85
1827 50
1828 35
1829 54
1830 65
1831 75
1832 29
1833 8
1834 83
1835 20
1836 34
1837 56
1838 41
1839 86
1840 77
1841 52
1842 33
1843 49
1844 18
1845 94
1846 57
1847 39
1848 73
1849 97
1850 91
1851 3
1852 49
1853 69
1854 89
1855 62
1856 38
1857 96
1858 1
1859 34
1860 8
1861 19
1862 56
1863 37
1864 51
1865 22
1866 99
1867 1
1868 7
1869 37
1870 11
1871 99
1872 19
1873 47
1874 92
1875 47
1876 66
1877 82
1878 100
1879 11
1880 83
1881 54
1882 19
1883 57
1884 55
1885 64
1886 22
1887 97
1888 22
1889 20
1890 11
1891 73
1892 52
1893 6
1894 21
1895 48
1896 6
1897 21
1898 92
1899 3
1900 34
1901 98
1902 40
1903 97
1904 95
1905 40
1906 11
1907 31
1908 30
1909 12
1910 32
1911 19
1912 26
1913 5
1914 38
1915 50
1916 100
1917 76
1918 25
1919 57
1920 13
1921 81
1922 67
1923 54
1924 100
1925 88
1926 18
1927 94
1928 55
1929 90
1930 63
1931 64
1932 62
1933 5
1934 61
1935 21
1936 34
1937 86
1938 22
1939 78
1940 23
1941 22
1942 20
1943 37
1944 85
1945 79
1946 51
1947 68
1948 26
1949 72
1950 1
1951 98
1952 58
1953 100
1954 16
1955 100
1956 79
1957 2
1958 93
1959 81
1960 77
1961 43
1962 55
1963 28
1964 24
1965 2
1966 17
1967 99
1968 33
1969 94
1970 38
1971 73
1972 37
1973 24
1974 12
1975 61
1976 63
1977 31
1978 14
1979 50
1980 66
1981 92
1982 63
1983 57
1984 39
1985 5
1986 36
1987 43
1988 38
1989 78
1990 78
1991 57
1992 9
1993 79
1994 92
1995 26
1996 42
1997 85
1998 89
1999 69
2000 68
2001 64
2002 1
2003 83
2004 54
2005 38
2006 62
2007 25
2008 78
2009 70
2010 84
2011 46
2012 24
2013 50
2014 1
2015 14
2016 47
2017 24
2018 99
2019 18
2020 12
2021 10
2022 86
2023 52
2024 49
2025 70
2026 30
2027 21
2028 81
2029 100
2030 33
2031 1
2032 38
2033 49
2034 45
2035 97
2036 77
2037 42
2038 27
2039 12
2040 17
2041 33
2042 5
2043 25
2044 20
2045 5
2046 93
2047 45
2048 93
2049 34
2050 11
2051 82
2052 12
2053 68
2054 80
2055 26
2056 7
2057 30
2058 17
2059 92
2060 73
2061 71
2062 3
2063 23
2064 80
2065 13
2066 47
2067 71
2068 58
2069 23
2070 61
2071 70
2072 23
2073 93
2074 11
2075 46
2076 41
2077 61
2078 44
2079 22
2080 60
2081 10
2082 26
2083 51
2084 89
2085 9
2086 79
2087 66
2088 10
2089 17
2090 90
2091 43
2092 50
2093 93
2094 87
2095 66
2096 28
2097 15
2098 23
2099 82
2100 58
2101 77
2102 98
2103 49
2104 82
2105 58
2106 27
2107 16
2108 32
2109 70
2110 37
2111 21
2112 51
2113 62
2114 73
2115 21
2116 51
2117 57
2118 53
2119 6
2120 46
2121 25
2122 44
2123 71
2124 49
2125 84
2126 52
2127 10
2128 55
2129 5
2130 68
2131 73
2132 54
2133 88
2134 97
2135 8
2136 18
2137 56
2138 28
2139 50
2140 83
2141 79
2142 42
2143 89
2144 53
2145 33
2146 57
2147 8
2148 40
2149 95
2150 69
2151 77
2152 32
2153 40
2154 39
2155 58
2156 84
2157 66
2158 15
2159 7
2160 21
2161 27
2162 14
2163 51
2164 54
2165 24
2166 56
2167 72
2168 72
2169 43
2170 81
2171 54
2172 37
2173 81
2174 20
2175 49
2176 73
2177 13
2178 89
2179 21
2180 35
2181 8
2182 3
2183 93
2184 81
2185 99
2186 43
2187 39
2188 53
2189 82
2190 9
2191 16
2192 26
2193 47
2194 46
2195 88
2196 36
2197 62
2198 28
2199 9
2200 35
2201 82
2202 10
2203 35
2204 41
2205 8
2206 20
2207 70
2208 40
2209 16
2210 85
2211 92
2212 80
2213 3
2214 34
2215 67
2216 68
2217 59
2218 83
2219 68
2220 34
2221 17
2222 68
2223 99
2224 98
2225 89
2226 52
2227 72
2228 55
2229 17
2230 76
2231 13
2232 23
2233 47
2234 7
2235 89
2236 45
2237 30
2238 39
2239 88
2240 82
2241 6
2242 31
2243 58
2244 3
2245 82
2246 11
2247 53
2248 52
2249 2
2250 24
2251 47
2252 98
2253 30
2254 4
2255 27
2256 25
2257 42
2258 65
2259 99
2260 18
2261 20
2262 86
2263 50
2264 24
2265 60
2266 18
2267 99
2268 12
2269 81
2270 18
2271 38
2272 64
2273 79
2274 19
2275 84
2276 87
2277 52
2278 26
2279 27
2280 59
2281 38
2282 9
2283 78
2284 97
2285 2
2286 72
2287 94
2288 77
2289 62
2290 34
2291 25
2292 42
2293 55
2294 90
2295 9
2296 55
2297 98
2298 58
2299 26
2300 61
2301 29
2302 62
2303 28
2304 16
2305 77
2306 28
2307 63
2308 3
2309 97
2310 34
2311 96
2312 86
2313 31
2314 68
2315 69
2316 58
2317 88
2318 91
2319 55
2320 41
2321 61
2322 18
2323 84
2324 63
2325 27
2326 80
2327 16
2328 81
2329 87
2330 93
2331 29
2332 35
2333 70
2334 91
2335 30
2336 84
2337 57
2338 61
2339 32
2340 49
2341 26
2342 84
2343 83
2344 61
2345 66
2346 24
2347 65
2348 79
2349 55
2350 3
2351 64
2352 95
2353 65
2354 18
2355 90
2356 24
2357 74
2358 26
2359 52
2360 75
2361 70
2362 37
2363 83
2364 36
2365 80
2366 55
2367 75
2368 41
2369 68
2370 44
2371 27
2372 19
2373 57
2374 64
2375 85
2376 39
2377 60
2378 6
2379 92
2380 42
2381 85
2382 85
2383 55
2384 5
2385 4
2386 33
2387 30
2388 62
2389 23
2390 70
2391 75
2392 32
2393 74
2394 58
2395 69
2396 50
2397 5
2398 57
2399 23
2400 69
