location capacity Xf Yf
1 8.072 9.815 37.462
2 7.232 15.478 2.759
3 7.146 30.882 8.366
4 6.79 16.26 38.096
5 6.418 20.196 0.909
6 8.977 35.593 32.023
7 2.609 39.678 16.521
8 8.816 16.249 38.638
9 7.101 30.203 30.629
10 5.713 8.207 13.318
11 4.489 5.898 13.084
12 2.132 0.998 31.094
13 3.956 36.838 20.816
14 9.292 27.667 38.347
15 5.586 22.406 30.691
16 2.367 32.334 3.958
17 9.262 36.916 12.219
18 5.077 23.067 23.343
19 9.071 24.328 26.819
20 7.653 31.426 7.64
21 3.588 15.025 24.86
22 8.254 22.57 10.99
23 4.879 22.295 23.211
24 6.196 17.04 26.922
25 3.975 14.645 38.023
26 4.026 8.572 15.897
27 2.803 26.356 36.601
28 2.596 11.64 12.566
29 4.239 2.719 28.174
30 6.699 16.395 26.174
31 3.557 14.268 31.507
32 7.843 20.94 22.478
33 4.515 0.907 11.477
34 6.686 32.556 20.123
35 2.339 23.08 32.857
36 4.482 13.411 34.855
37 9.052 15.04 2.56
38 5.771 34.935 24.464
39 5.718 26.48 25.471
40 5.928 9.449 18.155
41 7.762 10.027 12.413
42 5.998 36.041 6.976
43 4.624 35.685 31.263
44 3.516 23.865 25.403
45 8.269 26.022 12.729
46 3.089 11.989 9.597
47 8.21 9.089 2.057
48 6.691 11.81 28.135
49 6.818 9.683 24.698
50 8.081 36.253 1.109
51 2.017 20.568 22.324
52 3.772 22.562 38.258
53 8.379 3.97 25.928
54 7.275 27.648 22.722
55 6.85 24.779 35.248
56 2.564 8.462 16.487
57 2.58 14.932 3.811
58 2.758 37.058 31.456
59 5.738 12.644 18.264
60 6.398 39.477 2.54
61 6.816 39.341 25.602
62 6.035 3.593 11.472
63 8.678 9.483 24.305
64 6.874 5.119 6.21
65 4.675 16.775 15.114
66 4.492 28.792 36.314
67 5.345 14.07 11.862
68 3.129 23.94 5.067
69 2.887 3.967 27.216
70 8.541 31.429 0.641
71 8.367 14.812 34.695
72 9.165 24.788 22.946
73 7.233 16.127 6.924
74 5.324 29.052 15.265
75 6.739 6.649 3.276
76 7.248 8.547 39.36
77 4.557 32.574 32.446
78 3.525 4.975 11.625
79 4.618 30.703 12.271
80 5.102 26.005 24.194
81 2.153 23.595 14.571
82 3.486 12.774 36.605
83 4.646 35.774 18.831
84 1.915 31.845 32.789
85 2.571 20.324 9.925
86 8.663 6.998 5.722
87 7.899 22.822 23.001
88 7.923 9.477 0.86
89 4.706 31.258 20.518
90 6.147 31.488 18.948
91 4.839 21.963 7.005
92 3.092 36.763 8.19
93 3.754 28.776 7.815
94 5.273 34.383 16.432
95 7.985 6.495 19.872
96 3.528 35.943 34.228
97 3.951 34.378 10.477
98 7.875 12.144 32.093
99 5.155 13.049 21.713
100 4.735 27.54 22.098
101 2.975 14.33 9.484
102 6.253 14.426 24.861
103 8.444 24.84 20.824
104 4.242 20.304 0.397
105 7.507 9.637 20.919
106 7.638 6.845 8.278
107 7.475 14.236 29.293
108 5.958 29.915 4.203
109 6.96 37.797 16.145
110 5.021 13.647 5.481
111 2.99 36.083 9.567
112 2.344 25.488 8.604
113 4.096 38.877 12.961
114 9.032 25.1 15.239
115 4.459 23.769 0.481
116 3.817 38.629 22.637
117 8.421 25.017 28.544
118 2.254 21.045 33.472
119 6.733 28.86 29.285
120 8.166 6.522 22.014
121 6.602 24.422 25.425
122 8.252 30.739 0.57
123 3.958 34.671 32.03
124 8.801 7.416 3.676
125 7.927 21.39 20.85
126 7.724 15.045 34.284
127 2.576 31.039 2.65
128 5.787 30.439 20.014
129 3.438 25.154 10.237
130 8.025 3.76 21.198
131 4.001 29.92 38.562
132 4.189 39.565 23.394
133 6.607 13.744 11.388
134 8.275 16.405 36.94
135 6.571 16.715 4.969
136 7.492 36.782 11.025
137 3.688 10.46 18.529
138 8.045 29.559 26.618
139 8.239 35.624 19.648
140 5.925 20.844 14.63
141 7.862 37.583 32.872
142 8.828 28.245 23.714
143 2.824 27.048 4.745
144 6.877 37.073 32.859
145 4.36 27.12 26.978
146 2.324 36.306 1.812
147 2.024 11.128 3.489
148 9.232 30.915 34.971
149 5.938 16.358 17.049
150 9.236 24.854 30.592
151 7.176 4.582 37.015
152 7.416 11.37 24.954
153 8.262 16.303 15.091
154 9.023 5.612 26.166
155 2.509 19.675 35.576
156 8.551 22.968 38.786
157 4.405 6.478 36.924
158 5.438 25.499 23.262
159 2.302 12.378 0.387
160 7.963 10.499 21.4
161 7.698 24.534 2.199
162 2.039 2.727 7.609
163 4.61 22.302 10.536
164 7.437 30.719 35.511
165 6.459 32.743 5.562
166 8.745 18.66 32.242
167 2.127 26.514 16.77
168 2.885 31.8 38.222
169 4.144 30.756 35.238
170 2.225 19.907 16.93
171 8.587 36.25 1.346
172 3.971 9.384 38.473
173 5.335 31.21 9.667
174 2.739 10.546 23.446
175 4.24 24.267 35.939
176 9.247 19.799 8.633
177 2.718 1.058 23.439
178 2.235 19.227 33.603
179 6.055 7.404 39.24
180 4.745 28.457 20.771
181 6.972 28.644 3.011
182 5.521 20.446 23.281
183 2.823 22.027 8.502
184 2.299 10.192 13.385
185 8.097 15.503 1.669
186 6.815 22.426 18.668
187 4.792 9.628 20.386
188 2.621 32.61 8.934
189 8.466 21.847 29.756
190 5.122 22.4 29.628
191 5.639 3.564 27.184
192 3.592 9.744 21.934
193 2.644 14.347 15.633
194 5.458 28.054 20.287
195 8.166 37.349 9.5
196 3.116 12.334 30.508
197 8.863 25.772 18.253
198 4.129 21.694 13.123
199 2.783 36.44 24.944
200 6.326 0.383 7.959
201 5.033 13.237 6.175
202 8.766 26.664 31.551
203 6.862 37.057 30.114
204 5.046 28.892 34.558
205 5.439 4.037 34.937
206 3.871 21.957 28.072
207 6.242 15.304 24.556
208 6.114 36.549 22.607
209 3.655 25.69 36.206
210 8.598 12.981 37.387
211 7.166 24.602 24.957
212 5.167 0.831 25.557
213 7.339 38.594 13.749
214 8.029 28.19 33.605
215 6.065 33.865 9.542
216 2.955 28.211 3.707
217 7.29 26.243 17.723
218 1.921 12.99 33.301
219 4.444 8.724 10.812
220 4.018 6.59 22.241
221 8.428 39.644 22.8
222 4.177 2.849 26.041
223 3.215 15.522 20.921
224 5.944 14.822 38.135
225 4.694 37.413 37.663
226 8.719 10.379 16.364
227 8.82 26.431 5.344
228 6.034 10.858 7.511
229 5.958 32.326 7.438
230 7.453 1.681 14.596
231 6.139 38.136 6.949
232 6.002 34.688 18.95
233 6.819 19.496 9.894
234 6.037 4.11 3.897
235 3.508 16.357 4.469
236 4.682 5.36 33.608
237 7.688 38.442 27.264
238 3.291 10.717 21.003
239 3.706 25.642 35.589
240 6.848 18.543 33.074
241 1.979 11.953 18.38
242 8.473 20.324 12.443
243 4.245 35.566 31.099
244 8.032 24.168 1.904
245 8.422 20.921 30.468
246 7.525 5.798 14.992
247 7.355 10.628 22.228
248 4.901 14.164 25.652
249 5.35 18.13 27.279
250 7.249 22.358 15.135
251 8.144 6.572 38.526
252 9.043 38.549 28.759
253 8.481 12.304 27.754
254 6.967 32.833 4.459
255 4.227 26.924 18.593
256 7.967 8.898 27.118
257 5.212 13.374 39.51
258 2.08 20.397 20.848
259 8.616 12.761 18.758
260 3.166 30.515 10.939
261 7.641 30.962 38.567
262 3.502 30.623 22.322
263 8.598 39.583 17.699
264 6.312 10.274 24.92
265 5.984 19.864 0.645
266 6.919 24.914 15.501
267 8.678 6.53 17.932
268 4.274 19.531 18.736
269 3.997 13.311 24.252
270 3.012 22.931 18.26
271 5.393 13.162 15.947
272 7.13 29.361 22.903
273 1.879 29.58 3.976
274 7.612 23.069 26.523
275 9.236 7.164 30.788
276 2.988 7.682 1.752
277 7.091 13.768 11.178
278 6.618 20.057 1.894
279 7.641 31.303 20.628
280 3.058 26.564 7.934
281 3.396 20.145 34.672
282 3.9 23.535 34.672
283 3.858 12.712 20.221
284 3.614 4.116 21.293
285 5.157 28.686 23.832
286 6.894 26.646 29.638
287 9.188 5.107 25.869
288 7.194 34.742 39.79
289 7.884 6.476 37.998
290 3.02 6.507 11.029
291 4.614 24.079 38.159
292 4.248 32.453 24.71
293 6.764 32.526 36.219
294 5.359 14.706 8.663
295 9.272 2.244 39.613
296 6.486 34.881 26.941
297 6.623 26.08 30.246
298 6.009 6.925 0.262
299 2.983 5.717 27.944
300 6.201 36.134 26.074
301 2.65 25.031 30.487
302 5.373 19.242 9.524
303 3.691 18.179 15.951
304 6.038 9.057 22.438
305 1.949 17.761 16.306
306 2.266 3.384 39.032
307 2.317 18.702 18.55
308 5.724 18.558 7.066
309 6.927 0.985 15.957
310 4.592 9.752 20.451
311 4.094 27.504 2.738
312 3.371 13.281 34.066
313 8.143 35.689 14.951
314 2.393 31.054 8.002
315 7.907 24.245 32.849
316 8.247 14.275 3.179
317 4.866 2.485 10.513
318 8.762 9.599 28.8
319 7.848 28.001 10.474
320 2.921 39.273 4.778
321 2.934 36.351 7.274
322 3.743 7.661 33.779
323 4.041 33.023 6.155
324 7.109 3.36 33.8
325 3.38 33.033 23.8
326 2.444 2.031 37.456
327 4.163 16.097 20.653
328 3.096 23.761 6.788
329 2.01 31.412 20.095
330 2.39 30.388 34.251
331 3.712 31.144 4.48
332 5.865 3.845 12.288
333 4.315 34.66 17.857
334 2.434 4.342 33.356
335 7.27 5.875 23.1
336 2.112 29.322 28.11
337 3.658 23.341 33.374
338 6.864 8.465 4.51
339 6.814 32.585 0.804
340 7.028 21.45 36.437
341 4.448 6.649 34.955
342 3.483 22.596 7.107
343 2.173 14.323 19.548
344 6.596 23.27 17.099
345 2.893 3.453 6.402
346 5.166 26.906 24.743
347 5.93 16.225 17.882
348 4.643 12.683 21.353
349 5.977 1.971 20.526
350 4.697 37.611 11.573
351 4.176 37.76 36.212
352 3.571 4.55 4.121
353 7.81 39.273 6.709
354 6.809 27.159 2.792
355 8.231 20.476 23.87
356 3.642 4.501 9.461
357 7.443 23.615 5.394
358 4.622 26.913 38.356
359 2.663 3.34 4.685
360 9.076 8.879 28.446
361 8.234 35.809 2.464
362 6.439 27.888 14.527
363 2.324 14.043 22.166
364 9.161 3.273 11.552
365 7.466 27.906 4.8
366 4.432 28.799 36.331
367 6.89 36.362 21.223
368 4.023 20.419 11.931
369 6.951 15.906 21.5
370 8.441 3.372 5.381
371 6.175 2.125 15.644
372 6.12 31.393 38.719
373 4.447 0.474 14.829
374 6.489 20.812 24.508
375 4.592 6.062 7.768
376 2.701 6.332 6.889
377 6.067 15.771 0.471
378 2.122 25.887 11.519
379 1.954 27.134 7.495
380 7.915 31.374 2.029
381 4.261 4.57 14.531
382 2.866 28.065 9.466
383 3.698 29.93 6.223
384 7.408 1.941 21.163
385 2.649 11.614 30.21
386 3.436 38.583 30.467
387 6.392 24.961 12.798
388 8.094 24.258 11.831
389 6.553 3.272 35.295
390 4.871 16.939 19.389
391 2.524 14.262 39.312
392 2.769 20.859 7.322
393 6.417 5.044 36.863
394 3.692 1.177 4.464
395 5.7 1.058 4.352
396 3.226 37.924 19.302
397 6.342 28.599 12.566
398 4.788 30.881 8.312
399 1.878 26.639 35.252
400 4.839 31.167 32.567
401 6.982 39.152 10.873
402 9.015 36.61 11.668
403 6.744 37.485 24.179
404 6.358 0.766 38.046
405 2.878 29.574 25.574
406 8.244 24.656 32.46
407 4.234 4.84 0.292
408 4.104 7.244 7.046
409 3.795 13.453 15.423
410 6.444 13.987 19.11
411 3.819 36.405 33.054
412 4.742 7.873 11.437
413 3.24 11.841 30.126
414 6.423 23.475 38.13
415 6.277 21.197 15.968
416 2.425 13.386 28.529
417 2.608 4.733 34.486
418 2.042 18.795 5.358
419 4.276 28.667 36.553
420 6.07 24.748 21.594
421 4.556 19.855 25.248
422 8.158 34.401 15.726
423 3.133 4.043 7.069
424 9.008 12.259 11.412
425 5.206 21.555 13.907
426 4.635 27.647 26.985
427 4.908 3.608 38.535
428 5.218 29.229 9.718
429 5.25 11.89 24.688
430 7.436 21.96 27.057
431 8.595 30.779 17.353
432 6.878 5.15 32.468
433 8.967 16.358 30.383
434 2.631 26.384 39.705
435 7.65 37.809 26.742
436 7.955 4.41 17.982
437 3.175 34.997 7.684
438 7.752 32.316 12.54
439 6.259 17.85 6.664
440 8.941 37.251 31.749
441 4.892 38.549 19.013
442 3.594 4.608 22.029
443 5.632 20.713 18.165
444 4.534 4.655 29.381
445 5.843 10.444 19.783
446 5.013 6.937 9.269
447 3.922 19.538 35.63
448 2.069 12.808 35.6
449 3.185 12.898 20.859
450 2.109 13.564 6.181
451 6.741 33.57 17.853
452 4.796 18.936 19.022
453 5.345 1.318 16.849
454 6.031 3.741 8.251
455 2.613 7.631 7.94
456 4.811 19.599 22.341
457 7.504 26.979 29.789
458 5.291 4.184 8.894
459 8.458 29.825 19.07
460 6.194 21.776 3.425
461 5.981 36.184 5.585
462 5.999 4.799 19.895
463 2.458 37.204 24.586
464 7.63 28.192 22.393
465 4.415 19.578 0.247
466 7.853 14.817 34.091
467 8.913 22.84 6.577
468 3.202 20.149 6.231
469 4.996 8.087 3.501
470 7.6 21.687 8.494
471 4.372 10.251 17.413
472 8.087 7.771 15.897
473 5.899 23.246 8.86
474 6.823 7.121 33.042
475 9.1 29.006 32.928
476 4.062 20.222 33.736
477 3.753 11.83 16.504
478 5.212 1.159 3.113
479 2.062 34.137 37.556
480 6.737 22.425 23.504
481 3.555 17.749 26.093
482 5.268 21.305 38.73
483 7.627 10.328 17.398
484 7.513 35.927 34.947
485 9.264 4.317 15.64
486 8.149 30.946 6.118
487 8.234 10.092 7.03
488 7.001 5.304 20.008
489 5.018 10.982 26.389
490 8.866 19.435 26.92
491 4.281 31.877 1.077
492 7.363 4.349 37.188
493 4.572 12.105 3.047
494 5.085 30.835 37.901
495 2.382 37.557 1.302
496 5.83 36.797 3.691
497 9.074 25.997 18.361
498 6.753 32.583 14.332
499 7.929 16.146 15.537
500 2.477 1.344 20.546
501 2.271 1.836 19.469
502 2.681 12.903 34.903
503 4.089 12.401 8.505
504 8.282 27.565 2.875
505 6.215 26.0 19.521
506 4.241 25.119 0.482
507 5.363 7.22 12.843
508 3.647 38.973 31.351
509 8.544 32.024 28.684
510 7.51 14.914 23.39
511 5.519 28.851 29.151
512 8.641 15.009 39.325
513 7.161 16.219 15.316
514 3.531 37.233 18.716
515 3.004 7.969 20.605
516 5.305 9.552 11.254
517 6.104 6.655 2.953
518 2.933 11.535 27.482
519 2.345 2.0 11.024
520 5.072 16.292 23.872
521 3.794 39.235 16.448
522 2.851 10.708 13.016
523 7.589 2.524 31.087
524 2.248 13.759 15.385
525 5.44 6.314 35.705
526 6.552 7.995 16.66
527 7.26 31.926 25.522
528 3.705 3.772 16.032
529 4.947 32.519 37.674
530 4.326 27.258 0.821
531 1.87 20.126 8.241
532 6.802 15.434 39.253
533 6.691 31.877 27.952
534 2.924 20.998 34.559
535 8.215 5.545 23.749
536 3.718 3.055 20.044
537 2.804 36.376 18.714
538 5.581 9.68 2.797
539 4.035 12.868 28.547
540 1.97 11.686 25.693
541 3.808 3.642 17.049
542 9.093 8.059 29.554
543 5.793 36.654 36.025
544 2.324 32.958 34.899
545 5.974 10.928 14.267
546 4.67 29.666 31.542
547 4.908 24.628 9.959
548 7.651 2.849 23.266
549 8.282 39.372 26.124
550 8.118 0.406 22.898
551 5.917 2.325 35.151
552 7.056 37.663 9.044
553 7.967 8.203 37.661
554 4.159 32.112 8.414
555 3.113 19.02 34.532
556 5.61 17.865 8.354
557 6.028 32.106 12.661
558 6.82 27.976 39.179
559 2.071 15.226 17.359
560 2.133 6.8 0.487
561 7.565 17.493 15.597
562 5.14 0.491 23.407
563 2.883 13.099 7.354
564 7.98 9.325 29.142
565 2.786 27.234 9.942
566 2.63 15.955 10.724
567 6.284 0.458 21.104
568 7.345 3.109 20.469
569 4.088 11.168 6.312
570 9.297 18.675 27.224
571 3.511 34.759 28.769
572 2.456 38.277 10.205
573 4.943 18.183 7.569
574 7.148 22.282 5.334
575 1.991 4.585 25.455
576 8.153 39.2 10.521
577 6.881 26.154 4.209
578 6.223 34.985 0.759
579 7.197 20.925 32.714
580 7.753 35.687 24.85
581 3.518 33.272 35.205
582 4.483 36.73 29.412
583 4.503 27.155 16.812
584 2.833 1.42 9.943
585 8.065 16.139 35.589
586 7.837 15.966 14.803
587 9.091 15.654 37.141
588 1.955 2.931 22.317
589 2.008 18.184 12.425
590 4.108 7.555 32.732
591 7.893 12.141 30.013
592 7.17 4.263 13.137
593 8.991 23.952 32.341
594 4.728 23.367 31.146
595 3.696 15.191 1.721
596 5.592 22.013 3.151
597 6.805 26.356 36.345
598 8.491 22.811 4.312
599 7.711 7.426 38.527
600 6.267 18.109 28.044
601 8.662 30.175 20.007
602 4.628 22.334 28.097
603 9.224 22.703 5.785
604 7.094 2.995 2.712
605 4.401 18.215 18.61
606 5.128 8.54 7.988
607 1.976 29.833 4.414
608 5.061 14.301 1.494
609 9.106 8.113 3.351
610 8.06 20.48 35.393
611 2.442 33.782 20.455
612 4.536 35.527 38.81
613 5.99 2.971 36.67
614 4.91 32.48 8.473
615 3.499 5.185 10.328
616 4.541 32.786 9.029
617 2.556 17.701 39.217
618 8.859 25.173 19.312
619 3.71 28.797 38.482
620 5.682 21.508 0.498
621 7.006 7.689 35.124
622 2.464 19.391 8.149
623 5.829 3.184 11.237
624 7.112 14.255 17.193
625 4.438 5.69 13.659
626 5.311 23.039 7.997
627 1.936 10.766 10.824
628 1.986 11.669 31.338
629 4.844 13.482 6.334
630 7.594 29.118 39.709
631 4.528 3.988 25.583
632 9.254 28.106 23.424
633 8.642 14.106 5.118
634 8.36 5.122 21.615
635 6.488 22.373 30.976
636 7.781 11.971 8.472
637 3.093 27.637 4.139
638 6.927 8.894 4.385
639 3.235 18.39 30.04
640 9.21 34.167 37.652
641 6.093 36.37 11.579
642 4.376 2.054 16.918
643 6.662 26.365 35.027
644 3.566 32.842 19.392
645 5.377 28.022 25.265
646 6.176 10.598 5.122
647 3.18 34.857 38.646
648 3.851 26.619 33.619
649 7.236 36.35 26.949
650 8.901 10.79 19.723
651 4.757 30.268 33.8
652 6.386 34.546 29.439
653 6.149 11.171 10.833
654 7.74 35.609 1.972
655 2.265 28.199 24.212
656 8.765 6.124 26.345
657 5.518 36.085 30.056
658 7.989 17.312 36.292
659 8.431 28.708 32.663
660 9.252 36.924 9.597
661 5.763 19.576 14.543
662 6.443 18.524 9.17
663 4.75 15.283 8.823
664 6.259 23.397 7.671
665 2.366 22.273 8.822
666 9.031 27.78 30.846
667 3.536 12.309 11.324
668 2.496 13.209 25.28
669 6.932 31.681 37.157
670 7.44 23.021 37.714
671 4.085 12.78 33.911
672 5.66 10.597 31.147
673 4.71 13.547 15.689
674 8.855 25.933 11.072
675 4.587 15.45 2.739
676 8.598 13.399 11.599
677 9.09 22.657 12.396
678 2.018 8.014 5.827
679 2.269 18.236 37.531
680 6.058 6.543 7.48
681 3.657 9.647 28.044
682 5.488 31.748 1.383
683 8.401 31.074 5.296
684 3.537 24.819 7.87
685 8.33 31.339 7.084
686 4.14 39.274 24.084
687 2.747 30.912 22.371
688 9.074 10.846 1.005
689 3.19 9.374 2.042
690 2.192 6.123 20.193
691 6.66 13.946 18.323
692 5.893 34.809 2.553
693 7.029 22.391 28.095
694 7.537 10.594 26.647
695 5.675 17.731 11.136
696 3.435 36.72 0.986
697 2.129 0.966 16.524
698 4.198 33.74 1.349
699 3.184 9.678 25.309
700 2.965 2.876 28.597
701 5.347 6.334 4.827
702 2.791 32.504 28.244
703 3.762 5.791 26.632
704 3.77 34.313 36.611
705 7.917 39.365 37.863
706 6.511 4.65 5.531
707 5.163 35.856 10.222
708 7.496 17.637 7.038
709 4.424 33.258 23.743
710 3.079 21.069 29.747
711 4.987 21.303 34.835
712 7.473 30.856 27.308
713 5.27 20.481 24.343
714 1.869 13.717 4.356
715 7.606 34.318 13.635
716 5.376 38.96 6.354
717 4.77 38.199 31.74
718 6.482 26.526 24.105
719 7.827 19.412 28.308
720 2.912 35.661 32.062
721 3.091 32.292 35.687
722 7.85 23.374 2.651
723 8.915 0.726 9.239
724 5.66 24.17 18.807
725 3.095 1.687 2.167
726 7.086 27.403 12.615
727 5.199 4.927 39.207
728 3.606 39.098 13.824
729 6.268 3.562 36.107
730 2.711 0.999 22.652
731 7.673 2.692 35.033
732 3.322 0.696 33.629
733 2.678 27.352 19.309
734 6.128 3.608 25.8
735 3.698 34.343 31.88
736 6.211 12.115 19.099
737 4.745 17.828 24.615
738 8.178 21.096 29.613
739 6.804 29.634 3.228
740 6.869 35.395 35.775
741 5.257 26.228 26.633
742 5.889 12.741 4.763
743 6.93 4.051 17.924
744 3.302 29.814 26.645
745 5.639 27.185 32.815
746 7.939 33.435 37.052
747 8.853 10.957 2.561
748 6.308 12.664 38.902
749 4.829 34.053 39.61
750 6.435 30.111 39.768
751 3.367 26.334 38.971
752 6.628 38.585 2.105
753 8.742 25.072 5.751
754 6.805 30.421 37.03
755 6.716 17.067 8.828
756 7.822 10.531 1.954
757 9.02 29.981 0.781
758 4.164 6.874 16.065
759 8.655 3.643 30.83
760 5.47 27.764 26.492
761 6.275 5.521 25.263
762 2.532 5.748 6.912
763 9.09 3.676 6.307
764 3.858 22.551 20.53
765 2.763 0.51 30.673
766 5.371 23.463 9.991
767 8.964 21.888 24.046
768 3.449 22.226 19.959
769 2.585 38.673 36.225
770 8.911 25.586 10.851
771 7.642 19.973 25.084
772 7.352 9.954 26.033
773 8.532 6.235 0.394
774 4.771 16.713 32.784
775 6.724 11.156 28.566
776 5.763 39.514 25.482
777 3.682 6.062 3.061
778 3.479 7.216 7.964
779 5.824 33.085 3.065
780 6.172 23.071 3.925
781 6.798 35.239 0.955
782 3.216 15.294 35.475
783 5.172 17.124 37.468
784 8.07 5.207 37.147
785 9.253 2.982 25.804
786 2.066 14.336 10.909
787 8.11 12.431 29.549
788 9.194 13.556 7.969
789 3.928 14.629 13.176
790 6.367 33.112 14.39
791 4.363 6.676 20.941
792 8.327 28.231 34.107
793 7.551 1.396 8.538
794 4.292 3.97 18.677
795 2.875 18.501 39.148
796 7.62 11.609 5.732
797 9.286 36.466 34.9
798 7.042 29.966 1.751
799 4.455 17.823 16.927
800 4.126 13.68 29.478
801 4.07 6.366 15.675
802 7.729 37.142 5.115
803 4.926 18.1 21.168
804 2.423 36.194 39.441
805 7.211 17.558 34.205
806 7.606 6.785 13.849
807 6.924 19.696 36.019
808 6.946 39.594 36.242
809 2.622 38.894 8.407
810 4.699 34.167 21.074
811 8.556 11.972 35.851
812 7.187 31.857 29.486
813 5.854 9.337 0.459
814 8.397 30.765 28.709
815 8.483 33.682 12.484
816 9.253 36.474 3.329
817 5.756 19.687 7.388
818 3.775 32.633 13.132
819 7.034 4.254 31.824
820 6.084 10.454 11.809
821 2.864 34.264 24.01
822 8.567 14.269 9.63
823 5.297 25.948 24.643
824 6.418 13.901 35.368
825 2.917 3.062 1.003
826 6.365 34.077 21.116
827 3.789 10.434 37.219
828 7.601 35.889 30.7
829 7.469 17.806 9.708
830 7.112 28.525 29.447
831 4.161 3.639 8.676
832 2.868 0.266 7.919
833 8.352 11.171 25.702
834 6.121 19.016 13.316
835 4.709 36.772 22.892
836 8.735 4.381 33.724
837 6.609 2.309 0.566
838 5.674 19.163 4.858
839 6.325 35.534 22.142
840 4.732 38.476 33.297
841 5.148 34.681 24.144
842 6.387 24.46 34.989
843 4.552 6.217 18.089
844 5.561 7.121 25.99
845 2.203 22.923 13.597
846 6.661 4.52 7.138
847 3.348 30.184 5.118
848 3.421 30.61 38.19
849 5.157 10.867 22.6
850 6.853 2.012 6.929
851 9.127 25.565 33.458
852 6.12 9.318 36.432
853 5.023 6.478 24.363
854 4.222 34.986 18.706
855 2.64 2.297 33.482
856 7.41 4.117 35.663
857 3.348 3.721 27.636
858 4.17 36.932 6.284
859 3.45 28.331 36.301
860 5.648 20.029 26.126
861 3.475 5.277 24.463
862 3.103 4.312 20.081
863 9.088 2.355 21.275
864 7.133 9.381 0.262
865 7.971 16.995 1.681
866 2.999 20.596 16.65
867 2.957 20.284 13.139
868 4.913 17.346 26.815
869 4.335 25.155 16.264
870 4.056 30.586 19.409
871 6.392 30.135 34.525
872 5.559 31.856 28.297
873 1.985 33.072 1.523
874 7.937 13.653 34.781
875 8.339 32.567 33.105
876 9.054 23.123 32.629
877 3.455 10.926 18.147
878 5.26 34.661 24.832
879 4.495 13.859 2.677
880 4.434 22.371 38.738
881 8.646 26.267 21.66
882 8.661 29.135 0.607
883 7.823 4.115 1.642
884 8.081 25.07 1.036
885 5.675 27.156 21.186
886 3.293 23.731 10.41
887 6.599 27.468 4.81
888 6.688 36.548 12.675
889 7.855 1.184 9.544
890 6.071 10.743 16.742
891 6.054 39.397 27.829
892 5.718 0.751 35.2
893 2.713 28.068 13.899
894 2.435 15.065 38.122
895 8.391 26.099 29.694
896 9.242 2.866 5.127
897 8.627 32.574 12.566
898 4.035 23.707 34.555
899 6.709 11.35 28.106
900 6.247 37.734 31.746
901 3.946 33.699 35.316
902 1.995 8.059 28.977
903 4.717 15.638 33.611
904 5.419 33.178 12.672
905 3.173 10.166 17.169
906 5.397 9.021 23.148
907 8.94 11.131 2.478
908 7.411 3.428 25.886
909 7.548 17.425 15.371
910 6.841 9.176 33.902
911 2.628 1.252 18.461
912 6.728 9.281 32.42
913 3.255 30.583 4.361
914 5.506 6.183 2.291
915 4.056 36.235 0.214
916 4.913 5.52 13.116
917 6.985 16.542 39.424
918 8.365 21.101 36.758
919 7.86 22.541 23.816
920 8.764 27.702 22.049
921 7.104 4.622 16.474
922 2.962 30.119 33.754
923 8.971 27.605 20.149
924 7.339 38.586 22.028
925 9.038 11.905 32.51
926 8.614 25.125 10.182
927 2.983 9.137 27.512
928 8.478 9.912 17.916
929 5.103 11.348 3.879
930 5.392 19.934 20.371
931 7.605 18.101 23.611
932 7.647 35.813 33.307
933 4.425 26.609 1.641
934 7.352 1.351 20.296
935 8.149 24.746 20.564
936 7.979 35.191 25.716
937 2.703 28.165 38.338
938 7.697 22.463 27.646
939 8.53 32.454 23.606
940 5.112 8.939 15.576
941 8.305 28.38 14.2
942 3.684 26.904 33.075
943 3.503 11.728 39.082
944 2.994 14.371 21.898
945 2.322 33.844 6.791
946 7.684 28.997 15.1
947 3.865 25.346 37.167
948 9.212 8.325 23.642
949 8.519 33.581 22.813
950 6.192 39.526 35.998
951 5.541 4.988 14.518
952 3.704 10.856 38.553
953 2.873 30.582 29.944
954 6.916 38.367 14.455
955 8.124 16.325 2.863
956 5.075 5.683 9.97
957 5.839 35.49 18.74
958 7.692 38.802 3.882
959 7.713 28.884 29.481
960 8.861 38.044 10.112
961 4.078 29.64 34.79
962 5.513 2.218 5.794
963 5.822 24.646 38.898
964 3.767 38.924 14.193
965 8.959 22.411 8.435
966 6.393 5.155 7.152
967 5.781 9.272 17.214
968 9.017 13.096 2.62
969 5.944 19.186 39.249
970 5.674 5.502 38.557
971 6.99 39.675 32.541
972 4.01 20.161 13.865
973 5.441 38.079 22.458
974 8.191 39.23 30.838
975 8.291 23.729 20.13
976 5.074 29.799 32.37
977 5.591 11.617 28.181
978 7.341 28.975 3.345
979 3.546 24.968 32.41
980 8.946 7.347 32.319
981 7.04 22.208 19.279
982 6.146 1.533 15.032
983 8.691 39.182 35.192
984 3.494 30.605 30.155
985 5.329 31.0 11.422
986 8.143 1.148 3.421
987 2.877 13.687 2.821
988 2.849 15.719 37.321
989 8.284 31.735 36.094
990 8.848 1.847 39.779
991 7.026 25.524 37.823
992 6.668 39.641 13.949
993 6.71 3.53 5.049
994 2.888 12.018 9.173
995 8.567 12.786 19.715
996 8.728 32.878 24.223
997 6.287 3.938 25.769
998 2.627 39.311 16.103
999 3.642 14.437 22.511
1000 3.113 30.305 9.841
1001 5.629 33.988 23.37
1002 4.606 24.229 6.383
1003 4.371 28.941 26.39
1004 3.678 1.696 14.685
1005 5.35 33.412 36.185
1006 8.11 19.044 20.381
1007 4.935 38.525 13.347
1008 8.412 29.778 5.094
1009 2.903 27.641 15.847
1010 5.308 14.836 11.304
1011 8.03 18.893 12.674
1012 6.638 39.442 22.851
1013 8.123 19.499 29.76
1014 3.493 26.842 0.491
1015 3.278 5.033 22.046
1016 8.053 14.02 23.025
1017 5.935 33.178 18.771
1018 9.054 5.532 6.622
1019 6.003 14.197 4.978
1020 8.851 4.595 19.303
1021 1.903 13.788 1.018
1022 8.062 10.378 29.505
1023 7.09 3.031 24.376
1024 7.043 9.967 30.746
1025 3.553 37.584 17.629
1026 6.941 1.082 23.568
1027 7.799 18.579 7.74
1028 4.803 32.833 2.307
1029 8.267 19.895 23.368
1030 2.513 2.69 14.381
1031 6.882 10.656 13.992
1032 4.675 6.446 29.129
1033 9.249 27.272 35.799
1034 2.172 17.428 6.282
1035 4.437 10.22 21.92
1036 5.656 35.007 21.845
1037 7.986 35.494 5.538
1038 3.673 21.179 9.229
1039 4.835 38.556 34.114
1040 2.256 21.45 19.347
1041 7.946 19.64 31.812
1042 3.032 26.885 7.022
1043 7.758 30.362 16.252
1044 4.975 36.902 30.706
1045 3.317 30.259 6.306
1046 2.902 24.11 14.893
1047 6.289 8.632 8.006
1048 4.807 35.564 0.267
1049 6.772 9.049 35.211
1050 7.27 7.167 33.448
1051 4.033 32.364 26.188
1052 2.449 16.143 35.869
1053 3.943 26.426 21.713
1054 7.098 24.905 25.462
1055 2.881 8.685 9.903
1056 4.143 10.096 16.494
1057 2.001 24.633 3.327
1058 2.113 35.489 18.556
1059 8.939 29.458 18.58
1060 5.988 25.021 13.56
1061 8.066 6.503 24.182
1062 4.099 5.595 10.064
1063 7.557 13.773 3.194
1064 9.183 15.564 35.791
1065 7.89 2.838 23.994
1066 5.15 23.41 19.432
1067 8.54 25.624 36.229
1068 7.553 33.065 11.983
1069 4.689 34.047 10.229
1070 4.536 34.669 34.894
1071 5.174 19.917 8.222
1072 9.215 0.853 22.704
1073 6.342 32.13 23.551
1074 6.016 19.671 4.291
1075 4.366 29.68 33.228
1076 5.891 31.182 23.274
1077 7.626 15.496 16.615
1078 3.05 15.011 5.865
1079 4.817 3.09 8.748
1080 7.834 18.383 11.773
1081 2.816 12.951 35.132
1082 4.701 12.608 16.034
1083 8.524 8.929 35.999
1084 4.086 5.055 16.703
1085 8.336 38.636 4.864
1086 9.218 39.403 14.481
1087 8.917 18.464 8.89
1088 6.834 38.283 7.742
1089 8.775 2.576 27.309
1090 8.9 7.098 29.333
1091 7.471 8.287 38.782
1092 6.436 16.578 5.816
1093 8.547 21.448 13.05
1094 5.906 10.778 1.638
1095 2.25 12.295 8.716
1096 6.291 29.659 22.265
1097 7.603 1.334 18.252
1098 5.54 30.668 19.792
1099 5.976 28.071 19.45
1100 4.804 24.283 22.081
1101 8.462 18.436 16.785
1102 4.681 1.561 9.296
1103 4.026 11.54 9.576
1104 3.753 14.115 20.013
1105 3.629 20.851 19.752
1106 6.394 10.765 36.017
1107 4.717 12.19 1.172
1108 7.778 1.608 3.016
1109 4.805 18.805 19.525
1110 1.891 35.801 28.605
1111 5.46 35.223 35.987
1112 8.985 38.79 25.861
1113 5.433 23.444 30.845
1114 2.971 15.044 4.27
1115 4.741 3.237 34.491
1116 2.58 34.57 17.357
1117 6.513 31.488 25.973
1118 5.474 14.314 6.494
1119 2.507 20.135 19.337
1120 3.875 17.372 38.407
1121 2.167 13.944 8.74
1122 3.523 17.665 24.959
1123 7.1 9.43 23.646
1124 4.481 4.232 9.977
1125 3.761 34.767 2.729
1126 3.747 2.161 19.405
1127 7.212 36.806 25.93
1128 4.961 36.133 6.37
1129 7.378 0.981 18.108
1130 8.842 3.907 8.934
1131 2.225 12.168 11.423
1132 3.133 5.788 25.393
1133 6.06 39.381 4.806
1134 6.96 33.842 22.046
1135 6.528 39.015 20.727
1136 4.301 10.209 30.305
1137 5.271 35.674 35.221
1138 5.14 28.296 18.728
1139 4.434 2.516 38.292
1140 6.7 22.773 39.06
1141 8.415 8.165 34.554
1142 7.032 10.046 24.128
1143 9.137 16.216 36.769
1144 9.213 39.221 15.97
1145 5.902 17.739 18.985
1146 6.617 11.638 4.769
1147 5.515 34.589 15.338
1148 2.375 8.217 20.285
1149 2.004 32.118 21.658
1150 7.842 5.186 18.998
1151 8.541 39.573 32.362
1152 2.007 13.392 32.99
1153 4.308 25.755 31.754
1154 4.508 18.281 0.754
1155 8.518 1.953 29.67
1156 3.093 8.945 19.51
1157 6.477 30.688 31.876
1158 7.801 2.477 2.419
1159 8.474 0.204 8.12
1160 6.408 21.823 6.916
1161 6.833 2.057 9.589
1162 2.968 15.31 35.65
1163 6.692 5.992 13.436
1164 5.51 2.99 6.515
1165 5.501 6.324 27.501
1166 3.445 13.865 36.835
1167 6.152 13.507 19.029
1168 8.675 34.303 20.911
1169 7.012 19.586 20.449
1170 7.294 16.611 25.247
1171 8.099 14.168 13.04
1172 6.696 10.985 11.78
1173 4.514 7.922 15.688
1174 7.371 31.881 32.845
1175 5.955 36.318 13.357
1176 9.263 9.892 14.395
1177 7.784 39.251 13.58
1178 5.759 21.333 27.276
1179 3.639 39.031 10.845
1180 5.305 18.666 3.018
1181 5.933 9.422 7.486
1182 8.485 4.366 37.834
1183 2.125 28.212 36.51
1184 7.886 11.632 8.126
1185 5.86 15.574 25.979
1186 7.122 26.726 20.051
1187 7.397 14.316 33.523
1188 6.792 23.716 25.975
1189 2.335 4.033 24.604
1190 6.625 33.282 1.781
1191 7.261 3.63 29.817
1192 4.873 27.748 3.51
1193 5.022 10.192 4.085
1194 5.975 8.294 23.445
1195 5.005 4.162 17.549
1196 3.093 11.206 39.467
1197 4.882 6.173 23.477
1198 8.783 7.418 23.556
1199 8.489 37.189 35.556
1200 3.166 37.02 32.571
1201 4.067 18.11 28.577
1202 7.237 34.604 36.562
1203 2.903 2.739 34.317
1204 3.993 25.236 25.993
1205 3.376 26.311 11.984
1206 4.586 34.751 34.429
1207 3.262 27.137 3.093
1208 3.436 27.4 18.036
1209 3.285 36.323 28.716
1210 8.431 19.846 30.997
1211 8.75 14.074 21.821
1212 5.874 3.411 17.176
1213 4.571 8.463 19.229
1214 4.43 17.0 36.608
1215 4.561 13.154 24.972
1216 1.892 24.102 3.23
1217 8.872 34.022 27.435
1218 7.229 30.611 2.387
1219 1.998 13.728 21.824
1220 6.645 26.202 23.28
1221 8.736 31.51 4.301
1222 5.954 30.799 26.186
1223 4.285 33.693 3.525
1224 5.762 11.486 32.863
1225 5.845 19.129 7.468
1226 7.502 13.086 4.667
1227 2.127 25.459 34.157
1228 3.401 21.895 18.541
1229 5.865 35.23 22.613
1230 8.011 7.276 12.724
1231 5.767 35.984 9.174
1232 7.676 0.359 11.526
1233 5.03 14.787 30.364
1234 6.511 2.656 20.891
1235 7.466 16.766 2.421
1236 7.018 36.1 16.527
1237 7.78 20.094 29.598
1238 5.417 28.874 31.468
1239 3.597 13.822 12.478
1240 6.174 28.893 30.6
1241 9.095 4.058 33.631
1242 3.416 24.068 36.636
1243 9.19 13.617 21.187
1244 5.043 25.644 38.33
1245 2.502 13.599 24.722
1246 6.998 28.327 29.737
1247 4.15 8.165 30.502
1248 7.892 20.138 14.595
1249 7.186 8.997 37.839
1250 1.944 2.975 23.214
1251 3.509 26.582 17.995
1252 5.847 38.116 17.766
1253 7.888 20.7 26.303
1254 8.462 6.827 26.097
1255 2.776 35.39 29.423
1256 4.783 21.823 29.803
1257 3.714 2.858 20.649
1258 3.841 6.908 30.741
1259 6.176 13.873 7.992
1260 7.803 21.765 19.863
1261 2.439 14.162 26.696
1262 7.711 19.956 35.09
1263 8.599 35.461 34.271
1264 7.905 4.703 35.981
1265 5.963 34.915 3.76
1266 4.953 18.802 24.638
1267 5.14 24.767 5.742
1268 4.244 6.101 26.899
1269 4.167 11.981 20.133
1270 6.736 14.597 3.546
1271 6.927 34.427 15.174
1272 6.745 23.377 2.737
1273 2.769 12.238 25.075
1274 4.602 25.562 39.565
1275 4.054 9.67 17.415
1276 4.149 9.871 32.23
1277 5.847 9.865 23.301
1278 2.533 32.784 16.864
1279 4.393 26.102 11.969
1280 5.227 9.085 27.786
1281 4.329 9.468 9.582
1282 2.263 39.575 24.781
1283 9.047 10.293 22.554
1284 1.873 33.643 13.968
1285 8.934 13.42 25.915
1286 4.534 22.078 25.013
1287 7.399 24.662 15.467
1288 3.334 36.6 34.638
1289 5.906 14.754 14.555
1290 4.472 15.952 17.657
1291 7.829 16.261 35.347
1292 3.057 32.044 1.979
1293 1.978 11.337 11.356
1294 8.33 23.304 3.81
1295 6.555 15.049 13.84
1296 7.904 19.387 4.523
1297 2.82 22.752 11.989
1298 8.692 25.885 8.415
1299 3.224 24.301 35.433
1300 4.008 24.085 9.499
1301 3.714 23.582 31.066
1302 2.623 18.635 38.878
1303 5.413 19.515 4.12
1304 4.192 33.551 14.388
1305 7.324 20.512 17.268
1306 5.673 32.814 32.202
1307 2.371 13.092 34.028
1308 1.983 34.222 21.442
1309 4.527 35.907 27.834
1310 7.323 16.771 5.771
1311 3.365 32.342 33.289
1312 5.292 0.526 35.493
1313 3.861 9.81 27.735
1314 5.338 10.891 15.042
1315 3.375 2.317 26.635
1316 2.67 24.961 33.36
1317 7.416 9.813 30.552
1318 6.508 20.94 19.441
1319 5.357 22.135 16.086
1320 5.108 27.513 13.763
1321 2.685 22.347 31.255
1322 8.901 13.881 24.986
1323 8.251 29.547 16.204
1324 1.915 12.345 13.252
1325 2.551 4.021 28.422
1326 7.328 14.355 6.398
1327 5.851 4.517 10.309
1328 2.761 8.68 20.158
1329 6.077 5.622 3.872
1330 3.169 27.255 2.192
1331 8.061 7.715 17.533
1332 5.748 8.261 9.573
1333 2.246 39.445 0.409
1334 8.354 16.009 1.538
1335 2.417 15.913 27.909
1336 7.1 27.863 22.3
1337 8.819 28.399 36.204
1338 6.663 10.388 7.627
1339 5.325 14.499 38.137
1340 2.065 25.101 37.005
1341 5.735 3.201 4.77
1342 3.163 18.853 23.673
1343 2.516 29.594 16.247
1344 4.658 28.9 0.963
1345 3.647 12.139 12.902
1346 2.674 25.453 16.871
1347 7.686 15.796 8.711
1348 6.917 17.598 0.633
1349 5.221 21.203 24.427
1350 3.998 29.33 3.62
1351 3.98 22.611 38.17
1352 6.68 33.945 19.221
1353 4.233 33.956 18.266
1354 6.426 4.948 4.836
1355 4.127 19.787 27.928
1356 8.481 33.881 28.944
1357 8.267 24.783 38.344
1358 2.761 16.813 5.665
1359 4.831 18.862 15.416
1360 3.79 8.53 1.628
1361 4.115 37.989 20.622
1362 2.015 19.611 25.332
1363 4.499 17.579 17.633
1364 3.853 27.611 18.196
1365 1.943 22.559 28.565
1366 6.085 28.88 5.865
1367 2.42 28.922 5.939
1368 2.611 5.88 4.652
1369 7.942 16.138 20.054
1370 7.13 35.414 23.188
1371 8.686 2.237 10.815
1372 3.36 33.578 19.728
1373 8.539 5.237 27.912
1374 5.791 8.599 18.345
1375 2.227 27.009 29.768
1376 5.501 32.009 39.069
1377 8.316 19.817 37.971
1378 2.576 34.027 1.31
1379 8.952 7.32 35.936
1380 8.201 0.434 15.303
1381 3.487 6.651 30.147
1382 8.141 36.961 23.18
1383 7.291 23.535 6.933
1384 2.557 37.632 18.784
1385 5.007 2.986 13.609
1386 4.695 34.056 16.141
1387 8.435 18.457 34.239
1388 8.365 12.051 25.184
1389 4.435 23.12 15.019
1390 2.265 5.15 7.791
1391 7.679 25.173 20.755
1392 4.357 37.474 25.022
1393 7.478 30.196 39.706
1394 3.577 9.761 21.53
1395 6.411 38.987 36.053
1396 6.553 3.961 36.585
1397 4.315 23.844 23.982
1398 7.206 28.939 21.426
1399 3.033 28.568 9.97
1400 6.563 30.553 30.544
1401 3.258 18.247 23.867
1402 5.211 19.301 6.974
1403 2.229 19.618 22.549
1404 5.974 3.753 39.71
1405 2.514 9.588 6.808
1406 3.13 3.46 26.775
1407 8.396 1.257 11.257
1408 7.179 10.929 18.417
1409 9.243 25.261 10.464
1410 4.391 23.375 38.904
1411 3.315 13.346 19.585
1412 6.927 31.905 15.014
1413 3.074 28.72 0.67
1414 8.643 28.485 3.042
1415 4.919 35.965 13.412
1416 3.475 33.566 6.402
1417 3.126 1.486 2.518
1418 5.69 19.374 4.645
1419 2.577 35.447 25.75
1420 2.57 17.552 22.384
1421 4.701 24.015 22.031
1422 8.738 27.113 19.259
1423 7.109 0.54 19.818
1424 7.548 12.15 16.102
1425 4.143 37.188 38.886
1426 5.218 23.837 29.181
1427 5.995 37.001 11.134
1428 5.788 19.005 28.428
1429 6.073 20.343 14.956
1430 6.498 33.051 34.295
1431 8.138 24.521 21.803
1432 2.326 5.804 33.017
1433 6.632 37.908 36.91
1434 8.55 19.783 13.189
1435 5.747 15.056 6.648
1436 2.269 33.522 37.635
1437 7.245 1.925 11.456
1438 6.478 2.329 33.25
1439 7.866 28.986 10.998
1440 6.838 4.955 10.586
1441 5.991 30.295 31.023
1442 4.247 11.792 31.361
1443 2.892 1.97 19.466
1444 3.439 0.848 38.676
1445 4.393 31.514 35.268
1446 6.869 37.502 11.63
1447 2.31 11.725 29.29
1448 4.214 2.541 6.36
1449 4.378 12.647 21.348
1450 9.03 33.345 15.313
1451 2.346 24.184 31.181
1452 5.14 24.842 5.197
1453 6.367 32.738 24.804
1454 8.293 35.65 31.989
1455 5.806 6.145 7.3
1456 6.76 27.951 37.352
1457 6.876 4.037 23.576
1458 4.984 39.224 10.01
1459 4.132 5.681 10.0
1460 9.057 5.926 29.974
1461 2.446 21.289 22.192
1462 5.541 10.263 2.418
1463 5.136 17.764 25.752
1464 1.861 18.747 16.46
1465 8.224 0.867 39.309
1466 6.999 37.969 38.534
1467 7.468 33.444 3.716
1468 8.689 12.108 38.185
1469 2.18 21.205 12.62
1470 2.651 33.74 17.311
1471 3.966 27.432 26.831
1472 4.796 34.864 4.009
1473 7.848 12.527 18.079
1474 5.654 14.188 30.309
1475 7.144 0.69 16.913
1476 8.465 22.596 3.177
1477 7.333 2.308 18.576
1478 6.071 30.623 28.922
1479 7.512 37.408 16.605
1480 4.701 19.554 31.271
1481 8.838 11.307 17.455
1482 8.395 34.231 37.889
1483 7.695 16.017 36.432
1484 6.764 10.26 32.427
1485 7.789 35.769 39.08
1486 8.034 27.263 12.782
1487 2.571 6.848 35.748
1488 4.382 0.858 33.265
1489 8.736 32.659 9.819
1490 5.599 32.097 11.622
1491 3.469 2.16 18.836
1492 6.025 26.384 0.42
1493 5.863 7.436 36.669
1494 8.083 30.012 14.994
1495 4.143 30.016 5.657
1496 8.541 38.967 20.791
1497 6.47 18.77 2.368
1498 3.294 23.317 1.362
1499 5.624 35.701 20.264
1500 6.952 13.708 2.218
1501 7.121 17.145 25.937
1502 6.854 33.761 36.487
1503 6.473 27.765 11.669
1504 4.713 38.181 23.612
1505 6.367 5.404 33.447
1506 7.477 12.675 8.948
1507 8.137 37.792 37.763
1508 8.548 20.166 19.759
1509 2.905 6.871 1.506
1510 3.779 25.567 31.967
1511 4.006 18.39 37.913
1512 8.327 11.868 33.385
1513 5.491 8.599 28.627
1514 8.46 24.73 0.344
1515 7.595 20.652 37.646
1516 4.19 0.75 15.239
1517 3.678 37.495 37.541
1518 7.319 27.491 21.036
1519 4.706 36.234 21.908
1520 2.363 5.816 35.249
1521 3.559 10.498 6.426
1522 2.994 39.709 38.565
1523 3.509 2.631 12.237
1524 2.026 26.922 13.133
1525 3.338 10.51 14.045
1526 6.004 34.031 1.715
1527 3.802 3.391 21.144
1528 4.274 38.172 14.784
1529 7.784 17.28 4.04
1530 5.56 14.974 23.872
1531 9.009 28.412 15.694
1532 6.438 26.35 20.06
1533 8.201 1.154 5.979
1534 8.158 38.114 38.225
1535 2.556 25.873 3.47
1536 4.659 1.383 26.692
1537 8.371 39.735 6.827
1538 9.005 19.578 11.276
1539 4.84 28.552 3.766
1540 2.567 5.298 20.189
1541 4.133 22.206 12.238
1542 5.714 2.182 0.322
1543 7.851 2.194 12.762
1544 7.097 32.888 2.654
1545 5.58 10.669 7.25
1546 3.584 3.01 30.317
1547 5.822 8.793 2.262
1548 2.507 9.568 8.333
1549 2.96 9.533 6.728
1550 5.816 7.368 23.475
1551 7.088 16.507 10.274
1552 4.025 31.189 5.841
1553 9.1 0.863 0.675
1554 3.142 9.492 39.293
1555 8.354 26.461 0.786
1556 8.111 7.851 33.562
1557 5.602 21.364 37.866
1558 8.31 33.145 18.739
1559 2.903 37.477 4.678
1560 7.66 37.342 20.163
1561 7.793 5.736 28.808
1562 6.283 24.768 26.058
1563 8.532 32.861 17.329
1564 3.464 18.331 38.765
1565 6.258 38.569 36.047
1566 9.299 23.427 17.45
1567 7.814 39.256 9.491
1568 7.654 37.815 16.168
1569 2.533 24.317 36.873
1570 7.589 33.887 11.5
1571 4.299 22.258 28.398
1572 5.278 2.916 16.522
1573 5.942 14.48 15.195
1574 7.784 39.061 18.279
1575 8.65 0.706 0.233
1576 3.783 37.747 11.058
1577 3.767 0.381 27.924
1578 6.995 8.847 32.339
1579 6.993 2.754 14.39
1580 4.76 12.618 31.197
1581 6.025 26.02 18.06
1582 3.958 24.884 17.54
1583 3.812 8.502 21.838
1584 4.092 35.971 25.026
1585 7.46 9.789 29.84
1586 5.687 0.277 14.98
1587 6.698 21.991 34.169
1588 6.68 22.687 11.77
1589 3.558 39.227 39.584
1590 8.103 29.279 17.642
1591 2.931 36.146 30.066
1592 2.805 39.786 27.429
1593 2.895 7.126 4.697
1594 6.967 24.039 25.754
1595 2.168 7.329 36.978
1596 3.514 12.349 8.826
1597 4.969 17.873 29.738
1598 3.486 16.079 35.395
1599 5.536 2.407 10.852
1600 8.069 18.444 37.304
1601 3.874 16.971 29.664
1602 5.508 38.904 13.086
1603 7.941 15.239 25.084
1604 9.14 23.096 17.419
1605 3.678 38.6 28.664
1606 4.948 35.167 4.483
1607 7.974 15.894 29.229
1608 9.173 34.594 33.417
1609 3.804 2.731 3.6
1610 4.285 3.367 5.958
1611 6.014 1.428 6.02
1612 6.774 1.308 11.121
1613 6.731 19.776 24.791
1614 7.302 38.879 18.259
1615 2.823 13.301 10.893
1616 3.223 7.177 26.179
1617 9.267 38.671 20.319
1618 3.721 21.088 2.161
1619 2.239 2.563 16.118
1620 5.786 5.165 24.628
1621 6.963 25.615 10.551
1622 5.766 11.73 24.609
1623 3.707 22.928 26.454
1624 7.217 2.161 37.799
1625 3.107 33.535 4.013
1626 7.993 30.519 20.764
1627 6.926 21.163 32.294
1628 5.268 14.091 12.438
1629 3.619 13.586 8.64
1630 3.088 32.188 22.25
1631 2.703 14.783 29.689
1632 3.492 26.555 29.995
1633 8.888 13.044 24.48
1634 6.062 16.502 6.819
1635 9.094 6.45 30.676
1636 3.723 11.181 15.623
1637 5.432 25.728 3.417
1638 8.944 30.771 6.87
1639 6.039 3.639 8.272
1640 5.747 25.227 22.581
1641 7.17 14.132 20.862
1642 8.779 23.594 25.956
1643 9.066 14.762 1.722
1644 2.883 28.819 39.274
1645 9.277 36.875 18.371
1646 3.384 21.439 26.351
1647 6.424 1.633 10.803
1648 8.428 29.437 30.077
1649 7.816 14.157 26.129
1650 2.628 10.901 28.813
1651 7.711 15.893 36.118
1652 3.734 27.752 3.44
1653 3.458 0.812 36.622
1654 6.554 9.052 33.598
1655 2.403 18.933 4.119
1656 4.322 26.134 34.269
1657 3.831 37.13 12.651
1658 3.97 38.451 9.26
1659 6.5 4.271 36.933
1660 2.633 25.592 19.927
1661 5.143 19.271 3.698
1662 3.608 34.564 11.184
1663 3.462 9.481 24.98
1664 4.519 29.781 15.299
1665 7.212 19.015 18.055
1666 3.683 19.08 11.456
1667 2.265 4.177 5.774
1668 9.159 26.948 19.114
1669 7.492 28.268 21.142
1670 8.152 2.256 12.443
1671 3.825 25.405 9.26
1672 4.843 11.154 31.067
1673 9.098 2.612 5.566
1674 5.777 36.87 2.98
1675 4.214 10.258 2.121
1676 2.206 13.796 21.571
1677 4.399 16.152 28.666
1678 2.0 30.633 35.058
1679 4.16 34.454 7.052
1680 5.055 35.766 34.656
1681 4.172 7.772 8.314
1682 3.695 17.497 34.155
1683 5.022 16.323 27.954
1684 9.069 33.278 31.542
1685 8.577 18.593 30.337
1686 9.22 18.938 12.204
1687 3.62 22.632 32.62
1688 7.508 5.453 32.341
1689 8.18 39.118 21.398
1690 8.377 2.353 19.762
1691 2.245 18.739 3.059
1692 3.383 22.181 3.945
1693 4.163 31.128 38.119
1694 6.161 3.746 30.885
1695 2.788 8.163 34.244
1696 2.591 17.97 19.188
1697 2.914 5.743 11.652
1698 7.967 10.906 2.051
1699 8.954 11.506 1.757
1700 5.932 32.862 15.158
1701 4.73 26.67 13.144
1702 2.412 25.983 12.978
1703 4.595 19.406 8.975
1704 8.019 19.633 29.336
1705 4.68 9.146 25.44
1706 2.96 18.238 20.342
1707 4.598 20.674 10.026
1708 1.911 11.831 20.733
1709 2.518 34.246 11.066
1710 6.056 2.249 8.834
1711 6.17 29.503 34.413
1712 7.473 15.9 30.694
1713 8.013 0.552 2.883
1714 2.435 4.645 7.702
1715 7.245 18.935 4.258
1716 3.945 33.403 1.698
1717 2.685 29.614 2.459
1718 1.984 5.205 35.938
1719 1.989 11.896 27.143
1720 7.85 38.165 39.305
1721 3.321 6.628 27.747
1722 7.349 7.106 28.103
1723 5.222 11.279 32.072
1724 8.904 14.437 1.897
1725 8.34 32.182 36.903
1726 2.1 8.832 2.097
1727 3.75 19.531 38.809
1728 4.925 22.446 18.283
1729 6.384 12.019 13.442
1730 6.007 27.14 23.552
1731 8.159 2.422 28.778
1732 8.554 13.88 34.947
1733 4.18 12.123 9.078
1734 6.315 12.362 39.174
1735 6.691 29.297 1.569
1736 6.22 6.01 26.506
1737 4.444 18.696 1.503
1738 5.705 28.717 19.539
1739 2.248 33.421 27.439
1740 2.003 36.096 8.303
1741 7.088 33.721 20.349
1742 5.289 27.699 33.162
1743 4.809 9.225 9.527
1744 7.058 20.574 14.456
1745 7.182 2.543 33.783
1746 8.804 25.171 7.869
1747 4.726 24.438 16.196
1748 3.522 27.821 32.145
1749 6.896 28.011 0.287
1750 4.384 28.321 15.816
1751 1.99 9.915 13.633
1752 5.474 34.898 25.318
1753 3.193 32.218 16.478
1754 2.864 34.622 36.567
1755 8.595 28.962 34.984
1756 3.082 37.245 32.966
1757 5.615 20.089 37.108
1758 5.805 31.628 25.845
1759 3.807 23.787 26.436
1760 1.925 9.034 20.754
1761 8.883 0.703 9.501
1762 8.311 34.445 23.935
1763 8.29 25.626 14.597
1764 5.072 28.065 14.032
1765 3.656 3.866 4.149
1766 5.919 7.372 2.67
1767 3.976 10.037 16.59
1768 5.313 0.25 15.878
1769 2.284 20.555 4.324
1770 9.19 29.493 29.738
1771 7.286 20.185 30.687
1772 7.559 3.364 6.321
1773 5.602 2.891 32.287
1774 6.708 3.74 12.125
1775 8.43 25.037 36.53
1776 3.223 8.881 2.054
1777 3.522 28.535 13.244
1778 3.815 9.947 6.543
1779 5.375 30.144 21.755
1780 3.573 15.026 39.085
1781 5.317 26.933 29.59
1782 3.69 29.334 37.973
1783 4.035 1.436 0.25
1784 5.45 39.298 33.082
1785 4.901 38.561 20.216
1786 6.483 15.427 28.58
1787 3.293 14.07 6.173
1788 6.612 23.907 39.044
1789 3.169 20.859 24.293
1790 4.693 21.92 25.113
1791 3.888 22.975 6.341
1792 2.142 8.192 9.781
1793 7.938 26.959 35.387
1794 7.038 6.156 37.317
1795 6.872 30.252 26.084
1796 5.34 38.58 10.361
1797 2.717 32.072 6.646
1798 3.038 2.957 13.35
1799 2.665 8.16 26.801
1800 5.741 5.332 2.853
1801 6.755 31.504 8.855
1802 7.513 28.023 24.424
1803 5.979 37.745 13.366
1804 1.911 2.785 23.965
1805 7.236 28.352 7.469
1806 2.593 12.014 30.453
1807 5.773 15.855 39.688
1808 2.971 39.317 2.586
1809 5.815 8.647 38.424
1810 1.958 25.828 4.772
1811 5.263 29.32 38.625
1812 9.122 35.951 9.246
1813 5.496 21.288 9.157
1814 4.938 3.164 11.226
1815 5.47 37.743 18.188
1816 3.769 14.244 33.425
1817 4.1 22.042 38.142
1818 8.16 33.37 12.344
1819 2.754 26.878 2.656
1820 6.403 19.733 12.569
1821 8.041 33.832 6.314
1822 7.466 19.674 2.164
1823 2.215 35.368 7.997
1824 5.153 29.98 1.802
1825 6.616 24.357 21.437
1826 7.607 17.659 5.519
1827 3.459 37.356 20.664
1828 2.591 16.26 26.307
1829 5.205 14.728 16.925
1830 4.102 19.117 14.461
1831 4.079 18.87 11.516
1832 9.009 33.859 28.575
1833 2.22 28.886 39.241
1834 7.277 10.147 4.432
1835 8.752 38.669 32.07
1836 2.567 13.119 25.525
1837 8.099 22.093 16.779
1838 2.119 1.172 20.166
1839 7.369 22.521 7.278
1840 8.096 24.794 8.895
1841 3.474 4.754 19.863
1842 6.803 9.122 26.356
1843 4.793 35.102 21.163
1844 4.65 29.937 32.817
1845 6.805 13.779 2.883
1846 5.414 26.252 16.989
1847 4.732 32.383 27.235
1848 5.515 11.265 11.636
1849 8.157 27.788 2.676
1850 2.132 2.404 0.475
1851 7.367 11.136 37.74
1852 7.704 35.906 23.431
1853 5.942 33.056 14.416
1854 2.772 35.945 4.547
1855 4.92 4.186 12.251
1856 3.049 31.573 25.086
1857 2.031 23.171 0.413
1858 3.041 0.561 37.213
1859 5.747 15.148 25.123
1860 4.247 28.05 38.043
1861 4.231 33.046 34.847
1862 7.761 23.261 19.898
1863 4.88 26.991 24.223
1864 2.845 0.531 17.63
1865 6.17 6.584 28.255
1866 8.86 33.241 2.82
1867 4.568 0.211 38.552
1868 4.834 26.693 37.832
1869 2.639 25.752 27.02
1870 4.052 3.329 34.427
1871 5.329 32.174 1.552
1872 4.222 35.173 33.662
1873 5.072 25.264 22.066
1874 7.416 6.681 3.842
1875 7.694 27.419 22.895
1876 2.151 23.565 14.02
1877 8.474 5.439 4.976
1878 8.367 37.803 0.24
1879 2.074 0.683 35.896
1880 3.547 8.161 6.97
1881 2.79 13.91 19.092
1882 5.567 33.364 34.919
1883 9.108 24.924 18.995
1884 5.857 18.5 17.711
1885 5.719 15.016 12.618
1886 3.36 5.65 31.096
1887 4.791 25.75 3.278
1888 3.146 7.375 29.353
1889 2.947 39.17 35.582
1890 7.991 2.049 32.798
1891 4.09 11.863 8.018
1892 8.364 7.3 19.681
1893 5.45 22.556 37.805
1894 2.593 0.554 28.711
1895 6.359 30.481 20.043
1896 6.731 20.81 39.73
1897 4.054 2.193 31.92
1898 4.137 4.063 1.067
1899 6.267 8.042 37.072
1900 7.255 13.537 27.221
1901 2.464 31.316 3.44
1902 6.721 38.267 25.514
1903 5.227 25.792 2.556
1904 7.479 18.123 0.451
1905 7.422 38.732 25.105
1906 2.323 2.943 34.526
1907 3.743 1.47 26.865
1908 3.14 36.423 29.118
1909 8.363 5.901 35.904
1910 8.616 5.463 25.471
1911 7.962 35.706 34.958
1912 4.263 23.798 28.467
1913 3.171 19.474 39.772
1914 3.752 29.529 27.865
1915 7.693 38.632 22.023
1916 7.76 37.822 3.177
1917 9.297 20.652 9.138
1918 3.994 17.614 29.027
1919 3.1 25.721 19.701
1920 3.484 11.419 34.093
1921 3.457 2.951 4.992
1922 8.181 26.145 12.152
1923 4.663 14.179 16.369
1924 3.67 38.939 1.21
1925 6.499 31.591 4.4
1926 2.748 30.769 34.465
1927 2.861 12.364 3.36
1928 3.951 17.173 18.99
1929 7.746 36.019 7.003
1930 2.34 8.566 14.157
1931 3.217 13.228 14.242
1932 4.929 5.264 15.405
1933 2.315 16.343 39.459
1934 6.73 0.407 12.276
1935 5.736 0.337 30.27
1936 4.045 14.708 25.858
1937 3.51 20.565 7.327
1938 5.669 4.394 29.064
1939 6.754 29.422 8.654
1940 2.112 8.204 30.099
1941 3.28 7.929 30.702
1942 7.896 36.472 35.055
1943 7.279 26.848 26.108
1944 3.088 19.238 5.907
1945 3.756 32.811 8.828
1946 1.958 3.337 18.81
1947 2.539 30.756 13.63
1948 6.907 20.664 30.499
1949 3.766 5.64 11.809
1950 2.257 1.234 37.206
1951 6.901 29.495 2.106
1952 6.771 28.5 16.199
1953 2.341 37.07 3.577
1954 7.542 21.034 34.032
1955 3.923 38.513 3.893
1956 7.064 33.217 10.307
1957 9.031 4.974 37.365
1958 2.837 11.418 2.616
1959 9.052 1.744 5.952
1960 8.407 25.527 11.922
1961 3.569 10.34 20.023
1962 7.052 18.084 18.757
1963 3.937 29.378 31.147
1964 7.068 12.48 29.783
1965 7.485 4.246 37.774
1966 9.236 24.634 33.74
1967 1.944 32.365 0.864
1968 8.546 11.16 27.051
1969 4.042 12.276 0.559
1970 5.023 29.874 24.461
1971 3.416 11.365 11.361
1972 7.266 25.508 25.249
1973 7.768 15.419 29.512
1974 5.203 4.774 33.982
1975 5.765 2.275 14.915
1976 4.852 10.466 12.188
1977 9.103 0.465 26.925
1978 7.757 13.786 33.073
1979 6.738 38.586 22.781
1980 5.791 23.632 15.996
1981 6.567 5.506 1.665
1982 5.821 8.961 15.99
1983 7.182 24.626 17.178
1984 3.742 35.082 27.713
1985 2.135 16.719 37.314
1986 6.648 20.431 25.189
1987 4.455 8.005 23.575
1988 8.634 29.622 25.901
1989 2.506 28.551 9.771
1990 2.165 29.228 10.615
1991 3.853 26.453 17.449
1992 6.103 34.208 36.591
1993 8.766 35.261 8.458
1994 7.174 6.605 0.299
1995 6.331 20.936 30.034
1996 8.812 6.836 23.847
1997 5.872 19.357 4.198
1998 3.483 35.664 5.423
1999 2.99 33.01 15.064
2000 4.656 31.111 13.224
2001 3.555 14.402 12.61
2002 8.42 3.076 39.438
2003 8.505 9.799 4.822
2004 2.296 14.956 19.718
2005 2.028 28.328 25.836
2006 5.073 4.92 13.423
2007 7.271 18.735 30.027
2008 3.536 30.711 8.994
2009 6.728 38.191 12.785
2010 7.687 14.225 4.293
2011 5.561 22.498 21.678
2012 6.809 13.683 31.979
2013 2.239 36.682 22.989
2014 3.958 3.197 38.744
2015 5.117 15.292 35.22
2016 4.765 26.029 20.182
2017 3.02 13.088 29.717
2018 5.734 32.856 0.491
2019 8.374 30.703 32.851
2020 3.187 7.405 35.383
2021 3.07 36.667 38.066
2022 2.135 23.825 7.293
2023 8.096 6.209 16.063
2024 5.707 35.083 22.638
2025 3.26 37.632 14.851
2026 7.465 38.521 29.554
2027 5.484 2.331 30.066
2028 6.787 0.478 7.08
2029 8.385 38.299 2.353
2030 3.756 10.59 27.594
2031 2.288 2.769 37.951
2032 7.675 31.624 24.005
2033 3.044 34.759 20.042
2034 2.729 16.361 23.171
2035 4.644 24.366 0.493
2036 3.512 25.837 10.701
2037 4.277 4.389 22.501
2038 2.427 27.097 28.588
2039 3.822 4.265 33.809
2040 6.306 24.448 33.328
2041 5.01 8.623 27.037
2042 9.174 17.59 39.009
2043 6.136 19.07 28.581
2044 3.945 39.216 35.399
2045 4.048 19.456 36.672
2046 8.917 9.844 1.987
2047 7.14 16.558 20.224
2048 7.5 11.091 2.5
2049 9.122 15.11 25.632
2050 6.301 3.062 33.507
2051 9.036 6.731 5.621
2052 3.965 7.743 34.826
2053 4.247 31.178 13.159
2054 4.434 39.45 11.423
2055 7.378 20.132 31.825
2056 2.586 25.293 38.096
2057 3.04 36.991 30.192
2058 8.468 25.685 34.201
2059 3.662 6.924 0.256
2060 5.237 10.206 9.883
2061 5.918 0.731 9.403
2062 6.829 10.614 39.479
2063 2.827 12.0 28.111
2064 5.462 39.416 9.084
2065 3.825 8.693 32.992
2066 6.555 27.357 21.126
2067 8.633 0.457 9.132
2068 7.71 28.627 17.031
2069 6.917 8.936 30.574
2070 6.175 1.479 12.918
2071 2.814 37.089 15.686
2072 4.03 11.335 31.976
2073 9.075 9.27 1.041
2074 7.953 3.318 32.826
2075 7.199 21.677 20.141
2076 3.616 2.069 21.217
2077 5.253 0.603 15.239
2078 2.07 13.162 20.352
2079 7.015 7.637 29.925
2080 7.572 36.335 16.827
2081 7.765 38.4 38.662
2082 6.756 22.739 30.721
2083 7.838 1.373 19.358
2084 7.655 35.362 4.217
2085 1.863 32.086 36.611
2086 8.769 32.53 8.388
2087 8.921 20.256 15.436
2088 2.149 36.929 37.457
2089 4.025 24.297 34.357
2090 5.12 38.268 7.373
2091 2.64 8.857 21.119
2092 3.04 38.151 20.328
2093 6.672 8.343 0.576
2094 3.614 27.271 7.701
2095 3.283 23.026 14.927
2096 2.463 31.937 28.472
2097 7.962 16.601 34.242
2098 8.001 10.798 31.782
2099 6.382 5.117 5.653
2100 6.145 29.372 16.762
2101 6.65 26.19 10.263
2102 2.231 29.933 1.998
2103 5.28 32.819 21.139
2104 5.029 4.471 6.353
2105 6.704 29.137 19.356
2106 8.483 26.301 29.932
2107 7.788 21.106 33.946
2108 6.335 7.367 24.296
2109 3.389 37.064 12.579
2110 3.94 25.327 27.576
2111 3.94 1.48 29.583
2112 3.643 0.34 19.178
2113 9.243 6.821 14.282
2114 2.627 10.804 8.63
2115 6.629 2.187 28.03
2116 5.185 0.26 18.237
2117 5.942 25.715 17.281
2118 5.639 8.724 19.607
2119 6.678 21.163 39.251
2120 3.198 20.51 22.37
2121 6.519 17.89 29.14
2122 2.721 13.725 22.091
2123 4.797 2.14 9.452
2124 4.161 34.267 20.049
2125 3.089 15.902 5.564
2126 8.466 7.564 18.317
2127 3.51 36.629 36.421
2128 6.207 17.517 17.48
2129 3.103 16.998 37.155
2130 4.432 30.214 12.332
2131 4.816 11.831 11.546
2132 6.468 13.063 16.427
2133 6.728 31.574 5.622
2134 8.705 27.68 0.254
2135 5.871 31.447 39.463
2136 4.163 29.31 32.286
2137 3.158 20.801 18.807
2138 4.215 29.387 29.794
2139 3.197 37.551 20.997
2140 2.257 8.83 4.741
2141 3.167 35.577 8.336
2142 8.45 7.432 22.257
2143 6.874 34.767 6.909
2144 4.368 9.825 16.237
2145 3.241 8.245 25.811
2146 7.423 27.672 19.896
2147 4.647 30.808 38.426
2148 3.964 37.854 24.942
2149 4.062 18.361 3.371
2150 8.597 32.945 12.555
2151 4.959 26.215 8.906
2152 2.993 5.863 24.005
2153 4.557 38.463 24.315
2154 7.393 32.181 24.243
2155 3.426 31.545 19.742
2156 6.515 14.571 4.774
2157 7.523 22.634 14.1
2158 3.438 19.082 34.942
2159 6.916 27.462 39.174
2160 4.656 2.103 30.184
2161 5.113 27.665 28.516
2162 2.89 14.307 32.668
2163 4.677 1.776 18.293
2164 5.428 12.866 19.083
2165 7.871 14.468 31.269
2166 6.578 21.832 18.24
2167 6.538 7.832 11.854
2168 6.584 4.323 11.139
2169 8.15 10.255 20.3
2170 4.62 3.585 7.065
2171 6.018 15.835 16.059
2172 7.175 27.224 27.107
2173 3.481 2.33 6.057
2174 7.956 39.76 34.493
2175 6.716 32.925 20.303
2176 5.657 11.083 9.828
2177 7.66 10.812 33.4
2178 8.955 35.061 4.115
2179 2.244 0.975 31.237
2180 4.196 16.048 26.489
2181 7.103 29.614 39.678
2182 2.912 8.168 36.68
2183 9.266 11.006 3.811
2184 6.673 2.699 7.718
2185 8.708 33.153 0.373
2186 5.28 9.599 22.75
2187 6.141 35.393 27.827
2188 2.523 8.827 19.488
2189 5.187 6.668 5.217
2190 8.013 33.071 38.415
2191 3.953 23.924 32.092
2192 3.13 21.371 31.055
2193 5.549 25.125 23.29
2194 5.382 20.28 20.626
2195 2.284 30.774 6.656
2196 6.98 21.806 27.609
2197 5.863 4.471 14.331
2198 2.6 29.362 31.154
2199 2.983 35.858 38.834
2200 8.576 19.371 27.317
2201 6.848 4.342 5.272
2202 5.089 36.183 37.57
2203 2.751 19.399 25.525
2204 8.853 3.19 23.581
2205 5.936 29.809 36.816
2206 4.938 37.154 33.331
2207 5.825 38.717 13.968
2208 7.169 39.104 26.554
2209 3.373 21.083 35.012
2210 9.173 17.616 4.194
2211 3.511 4.647 2.434
2212 5.619 38.439 8.544
2213 8.364 8.388 38.69
2214 8.248 15.993 24.021
2215 4.123 24.712 15.82
2216 7.689 30.17 15.308
2217 5.905 32.863 16.386
2218 5.514 8.63 5.736
2219 7.994 31.533 13.887
2220 7.869 15.25 26.976
2221 7.096 26.405 34.811
2222 2.395 28.587 15.324
2223 8.957 32.576 1.741
2224 8.079 30.318 1.591
2225 8.805 34.161 6.703
2226 4.284 5.799 16.84
2227 2.252 7.376 10.605
2228 6.856 18.786 16.639
2229 5.346 27.288 35.867
2230 4.507 21.561 8.787
2231 4.346 8.704 33.072
2232 9.083 9.117 29.316
2233 3.962 27.971 22.703
2234 4.606 27.461 36.048
2235 8.923 33.428 6.122
2236 6.779 17.249 21.228
2237 4.582 38.646 29.637
2238 3.965 33.496 25.996
2239 8.572 28.502 4.376
2240 3.497 4.543 5.97
2241 8.451 23.498 37.882
2242 4.015 0.568 27.928
2243 7.633 31.22 17.894
2244 5.742 11.616 39.551
2245 3.338 5.701 5.373
2246 5.92 2.439 35.904
2247 4.18 10.024 17.818
2248 8.17 6.081 18.803
2249 6.347 4.301 39.642
2250 8.668 15.686 29.795
2251 9.085 25.846 20.05
2252 3.163 29.346 2.539
2253 2.707 36.101 28.288
2254 6.231 12.414 36.014
2255 6.488 25.443 30.006
2256 1.933 19.768 30.718
2257 2.72 7.828 22.403
2258 9.173 18.058 12.755
2259 9.276 35.213 1.021
2260 8.06 30.462 35.102
2261 4.216 39.748 34.022
2262 7.387 22.3 7.791
2263 5.664 39.786 23.419
2264 4.606 12.003 29.865
2265 3.713 36.968 18.254
2266 9.083 31.938 35.229
2267 2.358 32.026 0.59
2268 5.581 7.556 35.028
2269 9.043 3.555 5.123
2270 4.279 28.002 34.566
2271 7.104 28.812 24.822
2272 3.881 15.728 13.077
2273 8.061 34.86 11.396
2274 6.347 34.574 33.818
2275 5.654 12.278 7.955
2276 8.587 24.632 7.612
2277 7.014 7.472 17.678
2278 9.113 20.08 31.012
2279 3.505 26.025 31.521
2280 5.248 34.687 17.375
2281 5.9 28.5 25.194
2282 6.0 32.032 36.69
2283 4.185 31.372 9.937
2284 8.367 24.328 3.348
2285 4.127 4.767 36.533
2286 2.059 4.57 11.657
2287 8.329 15.498 2.271
2288 5.401 26.347 10.764
2289 9.176 6.577 14.442
2290 3.314 13.503 25.796
2291 2.255 18.935 31.578
2292 4.906 7.444 23.606
2293 3.534 18.64 19.0
2294 8.029 38.574 4.489
2295 5.864 33.058 36.201
2296 5.728 19.42 17.57
2297 4.287 29.614 3.46
2298 8.53 28.868 16.894
2299 6.844 22.577 31.06
2300 5.439 3.697 12.423
2301 9.056 35.445 31.97
2302 6.126 6.46 12.981
2303 8.26 30.783 29.203
2304 4.178 21.052 35.532
2305 4.271 24.918 9.37
2306 8.597 28.11 31.665
2307 7.18 8.092 14.804
2308 3.247 8.281 37.689
2309 4.657 27.378 2.13
2310 8.065 14.607 27.741
2311 6.736 21.532 1.946
2312 2.678 21.981 7.056
2313 5.764 1.539 27.531
2314 8.148 31.966 12.359
2315 5.477 34.66 12.88
2316 2.038 28.126 19.466
2317 4.058 28.054 7.778
2318 3.655 0.987 2.551
2319 2.513 18.306 16.382
2320 7.343 2.593 22.38
2321 4.189 0.295 14.427
2322 4.756 31.578 33.275
2323 9.259 15.643 6.262
2324 3.054 9.787 12.629
2325 5.205 26.229 29.611
2326 3.52 36.373 8.811
2327 6.292 21.235 34.834
2328 9.194 1.81 6.358
2329 3.862 25.111 4.99
2330 4.295 9.197 1.123
2331 7.748 35.421 31.219
2332 3.862 16.78 25.874
2333 2.028 37.203 15.858
2334 2.879 2.14 3.567
2335 6.078 37.367 29.565
2336 6.574 12.547 4.415
2337 7.468 26.83 19.125
2338 7.73 2.542 14.451
2339 5.219 6.898 26.055
2340 3.667 32.926 21.77
2341 7.476 22.171 28.464
2342 7.8 12.385 6.438
2343 8.442 10.691 5.303
2344 4.395 1.071 13.342
2345 7.15 20.524 13.048
2346 5.718 12.282 28.065
2347 3.698 18.435 15.858
2348 3.824 34.499 10.22
2349 9.077 16.85 18.407
2350 6.475 8.793 37.173
2351 8.054 13.539 13.857
2352 4.693 17.639 1.702
2353 4.437 19.459 14.969
2354 7.835 28.888 33.347
2355 7.674 38.17 6.267
2356 2.1 12.029 28.594
2357 2.359 13.26 11.981
2358 4.701 20.806 28.31
2359 5.912 7.767 17.784
2360 6.682 17.836 8.26
2361 3.386 36.987 14.59
2362 6.345 27.484 26.881
2363 3.045 9.565 5.279
2364 8.963 20.606 24.628
2365 5.473 36.362 9.621
2366 4.001 18.264 16.804
2367 2.178 19.478 8.215
2368 2.343 2.093 20.217
2369 2.039 28.401 12.966
2370 6.859 12.505 23.315
2371 4.546 26.16 29.652
2372 4.824 32.689 33.221
2373 5.786 26.538 19.176
2374 2.483 14.164 14.64
2375 2.214 16.01 4.237
2376 3.893 33.563 27.699
2377 2.23 39.572 16.861
2378 8.587 20.697 39.373
2379 9.117 5.714 1.866
2380 6.505 4.583 20.744
2381 8.428 16.85 6.951
2382 7.849 16.756 6.38
2383 2.707 18.746 18.512
2384 9.06 18.084 38.129
2385 8.109 15.543 36.569
2386 3.676 9.297 25.83
2387 8.609 38.976 31.561
2388 3.352 6.824 15.869
2389 3.21 9.32 29.605
2390 1.961 36.332 15.512
2391 6.768 16.544 10.018
2392 7.392 7.954 27.043
2393 2.621 14.826 8.514
2394 2.405 29.666 19.948
2395 6.727 34.51 14.933
2396 2.833 39.651 22.125
2397 2.774 18.263 37.232
2398 4.829 27.737 18.737
2399 6.914 11.047 30.603
2400 7.753 32.347 12.224
