location capacity Xf Yf
1 27.874 9.815 37.462
2 10.683 15.478 2.759
3 9.255 30.882 8.366
4 10.975 16.26 38.096
5 21.763 20.196 0.909
6 35.982 35.593 32.023
7 35.141 39.678 16.521
8 22.366 16.249 38.638
9 31.563 30.203 30.629
10 20.292 8.207 13.318
11 29.215 5.898 13.084
12 33.508 0.998 31.094
13 13.406 36.838 20.816
14 37.021 27.667 38.347
15 27.485 22.406 30.691
16 28.007 32.334 3.958
17 10.222 36.916 12.219
18 14.644 23.067 23.343
19 30.755 24.328 26.819
20 37.166 31.426 7.64
21 17.482 15.025 24.86
22 8.676 22.57 10.99
23 8.647 22.295 23.211
24 18.163 17.04 26.922
25 14.784 14.645 38.023
26 27.949 8.572 15.897
27 23.584 26.356 36.601
28 24.943 11.64 12.566
29 19.581 2.719 28.174
30 29.721 16.395 26.174
31 26.439 14.268 31.507
32 30.958 20.94 22.478
33 16.115 0.907 11.477
34 20.036 32.556 20.123
35 25.583 23.08 32.857
36 37.167 13.411 34.855
37 7.931 15.04 2.56
38 15.742 34.935 24.464
39 31.667 26.48 25.471
40 14.381 9.449 18.155
41 21.458 10.027 12.413
42 26.002 36.041 6.976
43 8.629 35.685 31.263
44 22.993 23.865 25.403
45 37.168 26.022 12.729
46 16.898 11.989 9.597
47 22.94 9.089 2.057
48 31.829 11.81 28.135
49 12.044 9.683 24.698
50 13.784 36.253 1.109
51 15.726 20.568 22.324
52 8.027 22.562 38.258
53 14.975 3.97 25.928
54 36.423 27.648 22.722
55 14.803 24.779 35.248
56 10.598 8.462 16.487
57 23.717 14.932 3.811
58 16.298 37.058 31.456
59 36.979 12.644 18.264
60 22.26 39.477 2.54
61 12.812 39.341 25.602
62 10.574 3.593 11.472
63 14.103 9.483 24.305
64 10.328 5.119 6.21
65 15.122 16.775 15.114
66 32.24 28.792 36.314
67 12.323 14.07 11.862
68 23.183 23.94 5.067
69 26.065 3.967 27.216
70 9.541 31.429 0.641
71 11.239 14.812 34.695
72 35.089 24.788 22.946
73 13.382 16.127 6.924
74 33.584 29.052 15.265
75 15.011 6.649 3.276
76 29.346 8.547 39.36
77 13.061 32.574 32.446
78 11.74 4.975 11.625
79 24.241 30.703 12.271
80 12.26 26.005 24.194
81 28.809 23.595 14.571
82 27.255 12.774 36.605
83 14.347 35.774 18.831
84 32.84 31.845 32.789
85 14.843 20.324 9.925
86 21.71 6.998 5.722
87 8.465 22.822 23.001
88 24.154 9.477 0.86
89 8.37 31.258 20.518
90 28.484 31.488 18.948
91 14.294 21.963 7.005
92 24.018 36.763 8.19
93 17.415 28.776 7.815
94 23.024 34.383 16.432
95 11.203 6.495 19.872
96 13.425 35.943 34.228
97 36.896 34.378 10.477
98 27.859 12.144 32.093
99 27.648 13.049 21.713
100 21.089 27.54 22.098
101 8.712 14.33 9.484
102 12.92 14.426 24.861
103 23.507 24.84 20.824
104 26.11 20.304 0.397
105 34.527 9.637 20.919
106 8.675 6.845 8.278
107 22.823 14.236 29.293
108 24.169 29.915 4.203
109 11.709 37.797 16.145
110 27.532 13.647 5.481
111 33.656 36.083 9.567
112 20.828 25.488 8.604
113 7.633 38.877 12.961
114 25.862 25.1 15.239
115 13.803 23.769 0.481
116 31.004 38.629 22.637
117 33.923 25.017 28.544
118 8.871 21.045 33.472
119 20.236 28.86 29.285
120 22.778 6.522 22.014
121 10.894 24.422 25.425
122 15.292 30.739 0.57
123 27.796 34.671 32.03
124 17.807 7.416 3.676
125 14.232 21.39 20.85
126 29.716 15.045 34.284
127 20.343 31.039 2.65
128 32.221 30.439 20.014
129 8.002 25.154 10.237
130 27.721 3.76 21.198
131 19.065 29.92 38.562
132 10.361 39.565 23.394
133 18.704 13.744 11.388
134 20.836 16.405 36.94
135 34.996 16.715 4.969
136 35.049 36.782 11.025
137 21.957 10.46 18.529
138 16.32 29.559 26.618
139 14.187 35.624 19.648
140 19.705 20.844 14.63
141 27.851 37.583 32.872
142 26.314 28.245 23.714
143 12.609 27.048 4.745
144 28.706 37.073 32.859
145 9.953 27.12 26.978
146 19.314 36.306 1.812
147 19.814 11.128 3.489
148 14.212 30.915 34.971
149 16.02 16.358 17.049
150 27.016 24.854 30.592
151 35.949 4.582 37.015
152 13.76 11.37 24.954
153 22.947 16.303 15.091
154 29.139 5.612 26.166
155 10.794 19.675 35.576
156 27.852 22.968 38.786
157 26.871 6.478 36.924
158 20.912 25.499 23.262
159 19.256 12.378 0.387
160 17.756 10.499 21.4
161 15.772 24.534 2.199
162 13.243 2.727 7.609
163 31.515 22.302 10.536
164 37.038 30.719 35.511
165 14.831 32.743 5.562
166 29.135 18.66 32.242
167 19.888 26.514 16.77
168 9.992 31.8 38.222
169 12.64 30.756 35.238
170 26.932 19.907 16.93
171 32.093 36.25 1.346
172 8.843 9.384 38.473
173 28.463 31.21 9.667
174 29.838 10.546 23.446
175 11.013 24.267 35.939
176 14.831 19.799 8.633
177 21.059 1.058 23.439
178 10.387 19.227 33.603
179 20.669 7.404 39.24
180 28.875 28.457 20.771
181 35.847 28.644 3.011
182 12.577 20.446 23.281
183 32.45 22.027 8.502
184 9.721 10.192 13.385
185 35.582 15.503 1.669
186 27.739 22.426 18.668
187 14.39 9.628 20.386
188 29.939 32.61 8.934
189 14.714 21.847 29.756
190 16.722 22.4 29.628
191 26.827 3.564 27.184
192 24.759 9.744 21.934
193 19.327 14.347 15.633
194 25.187 28.054 20.287
195 11.401 37.349 9.5
196 10.74 12.334 30.508
197 23.665 25.772 18.253
198 28.919 21.694 13.123
199 26.356 36.44 24.944
200 33.391 0.383 7.959
201 23.134 13.237 6.175
202 13.602 26.664 31.551
203 21.76 37.057 30.114
204 17.806 28.892 34.558
205 33.769 4.037 34.937
206 12.954 21.957 28.072
207 15.822 15.304 24.556
208 24.955 36.549 22.607
209 27.783 25.69 36.206
210 8.351 12.981 37.387
211 8.02 24.602 24.957
212 32.891 0.831 25.557
213 19.381 38.594 13.749
214 33.523 28.19 33.605
215 27.36 33.865 9.542
216 23.673 28.211 3.707
217 15.663 26.243 17.723
218 11.934 12.99 33.301
219 18.809 8.724 10.812
220 19.743 6.59 22.241
221 20.8 39.644 22.8
222 28.13 2.849 26.041
223 12.054 15.522 20.921
224 14.964 14.822 38.135
225 35.011 37.413 37.663
226 22.295 10.379 16.364
227 23.763 26.431 5.344
228 32.602 10.858 7.511
229 19.725 32.326 7.438
230 8.872 1.681 14.596
231 29.716 38.136 6.949
232 29.167 34.688 18.95
233 26.907 19.496 9.894
234 36.556 4.11 3.897
235 8.198 16.357 4.469
236 32.163 5.36 33.608
237 17.219 38.442 27.264
238 35.423 10.717 21.003
239 35.321 25.642 35.589
240 20.876 18.543 33.074
241 8.249 11.953 18.38
242 25.817 20.324 12.443
243 25.864 35.566 31.099
244 36.502 24.168 1.904
245 35.245 20.921 30.468
246 24.311 5.798 14.992
247 25.449 10.628 22.228
248 34.817 14.164 25.652
249 34.506 18.13 27.279
250 13.323 22.358 15.135
251 34.733 6.572 38.526
252 25.525 38.549 28.759
253 30.817 12.304 27.754
254 24.005 32.833 4.459
255 33.75 26.924 18.593
256 21.741 8.898 27.118
257 14.009 13.374 39.51
258 33.93 20.397 20.848
259 8.857 12.761 18.758
260 26.454 30.515 10.939
261 35.302 30.962 38.567
262 15.444 30.623 22.322
263 8.969 39.583 17.699
264 7.851 10.274 24.92
265 13.058 19.864 0.645
266 31.882 24.914 15.501
267 34.521 6.53 17.932
268 19.191 19.531 18.736
269 16.838 13.311 24.252
270 27.915 22.931 18.26
271 14.738 13.162 15.947
272 9.966 29.361 22.903
273 12.04 29.58 3.976
274 11.258 23.069 26.523
275 24.35 7.164 30.788
276 19.345 7.682 1.752
277 33.346 13.768 11.178
278 36.201 20.057 1.894
279 31.109 31.303 20.628
280 27.685 26.564 7.934
281 11.222 20.145 34.672
282 35.177 23.535 34.672
283 11.302 12.712 20.221
284 15.664 4.116 21.293
285 36.212 28.686 23.832
286 14.039 26.646 29.638
287 30.044 5.107 25.869
288 9.776 34.742 39.79
289 16.268 6.476 37.998
290 30.772 6.507 11.029
291 10.906 24.079 38.159
292 34.339 32.453 24.71
293 22.897 32.526 36.219
294 34.391 14.706 8.663
295 29.398 2.244 39.613
296 27.369 34.881 26.941
297 18.332 26.08 30.246
298 33.865 6.925 0.262
299 30.729 5.717 27.944
300 17.898 36.134 26.074
301 34.575 25.031 30.487
302 10.211 19.242 9.524
303 8.947 18.179 15.951
304 30.286 9.057 22.438
305 19.281 17.761 16.306
306 29.435 3.384 39.032
307 16.666 18.702 18.55
308 35.481 18.558 7.066
309 16.016 0.985 15.957
310 23.8 9.752 20.451
311 19.46 27.504 2.738
312 33.044 13.281 34.066
313 34.427 35.689 14.951
314 11.802 31.054 8.002
315 36.053 24.245 32.849
316 27.673 14.275 3.179
317 9.583 2.485 10.513
318 37.068 9.599 28.8
319 34.555 28.001 10.474
320 10.422 39.273 4.778
321 20.721 36.351 7.274
322 31.024 7.661 33.779
323 23.004 33.023 6.155
324 23.179 3.36 33.8
325 31.658 33.033 23.8
326 21.007 2.031 37.456
327 20.294 16.097 20.653
328 33.298 23.761 6.788
329 8.348 31.412 20.095
330 10.936 30.388 34.251
331 8.149 31.144 4.48
332 35.411 3.845 12.288
333 26.34 34.66 17.857
334 24.93 4.342 33.356
335 20.975 5.875 23.1
336 20.522 29.322 28.11
337 27.709 23.341 33.374
338 27.422 8.465 4.51
339 15.272 32.585 0.804
340 20.457 21.45 36.437
341 13.097 6.649 34.955
342 8.263 22.596 7.107
343 36.349 14.323 19.548
344 23.424 23.27 17.099
345 14.077 3.453 6.402
346 18.109 26.906 24.743
347 19.082 16.225 17.882
348 32.654 12.683 21.353
349 8.996 1.971 20.526
350 12.816 37.611 11.573
351 36.101 37.76 36.212
352 36.935 4.55 4.121
353 11.337 39.273 6.709
354 33.427 27.159 2.792
355 17.265 20.476 23.87
356 24.155 4.501 9.461
357 13.372 23.615 5.394
358 22.256 26.913 38.356
359 27.365 3.34 4.685
360 10.03 8.879 28.446
361 24.213 35.809 2.464
362 31.042 27.888 14.527
363 14.588 14.043 22.166
364 14.336 3.273 11.552
365 16.463 27.906 4.8
366 35.33 28.799 36.331
367 27.047 36.362 21.223
368 21.446 20.419 11.931
369 34.91 15.906 21.5
370 12.919 3.372 5.381
371 18.359 2.125 15.644
372 15.557 31.393 38.719
373 27.238 0.474 14.829
374 24.744 20.812 24.508
375 37.195 6.062 7.768
376 36.395 6.332 6.889
377 9.074 15.771 0.471
378 11.311 25.887 11.519
379 14.623 27.134 7.495
380 35.491 31.374 2.029
381 28.336 4.57 14.531
382 35.564 28.065 9.466
383 28.689 29.93 6.223
384 26.991 1.941 21.163
385 26.419 11.614 30.21
386 29.894 38.583 30.467
387 17.197 24.961 12.798
388 30.668 24.258 11.831
389 11.358 3.272 35.295
390 17.879 16.939 19.389
391 22.584 14.262 39.312
392 11.27 20.859 7.322
393 19.271 5.044 36.863
394 13.944 1.177 4.464
395 17.932 1.058 4.352
396 28.004 37.924 19.302
397 9.108 28.599 12.566
398 21.128 30.881 8.312
399 15.462 26.639 35.252
400 35.836 31.167 32.567
401 24.135 39.152 10.873
402 31.834 36.61 11.668
403 29.947 37.485 24.179
404 35.925 0.766 38.046
405 26.476 29.574 25.574
406 12.773 24.656 32.46
407 17.05 4.84 0.292
408 35.404 7.244 7.046
409 27.924 13.453 15.423
410 7.582 13.987 19.11
411 14.025 36.405 33.054
412 14.648 7.873 11.437
413 27.262 11.841 30.126
414 29.97 23.475 38.13
415 31.284 21.197 15.968
416 25.467 13.386 28.529
417 30.174 4.733 34.486
418 36.473 18.795 5.358
419 35.337 28.667 36.553
420 35.162 24.748 21.594
421 11.996 19.855 25.248
422 34.854 34.401 15.726
423 33.617 4.043 7.069
424 15.889 12.259 11.412
425 27.831 21.555 13.907
426 7.969 27.647 26.985
427 13.186 3.608 38.535
428 35.041 29.229 9.718
429 13.683 11.89 24.688
430 36.936 21.96 27.057
431 14.545 30.779 17.353
432 26.562 5.15 32.468
433 28.818 16.358 30.383
434 31.91 26.384 39.705
435 10.871 37.809 26.742
436 13.515 4.41 17.982
437 23.383 34.997 7.684
438 29.305 32.316 12.54
439 35.197 17.85 6.664
440 36.434 37.251 31.749
441 26.246 38.549 19.013
442 8.401 4.608 22.029
443 14.28 20.713 18.165
444 13.219 4.655 29.381
445 11.277 10.444 19.783
446 34.356 6.937 9.269
447 33.984 19.538 35.63
448 23.086 12.808 35.6
449 12.439 12.898 20.859
450 21.467 13.564 6.181
451 22.687 33.57 17.853
452 24.533 18.936 19.022
453 32.417 1.318 16.849
454 36.236 3.741 8.251
455 29.945 7.631 7.94
456 33.018 19.599 22.341
457 20.056 26.979 29.789
458 9.099 4.184 8.894
459 13.86 29.825 19.07
460 23.333 21.776 3.425
461 29.144 36.184 5.585
462 34.612 4.799 19.895
463 10.887 37.204 24.586
464 18.288 28.192 22.393
465 18.624 19.578 0.247
466 29.693 14.817 34.091
467 30.295 22.84 6.577
468 16.348 20.149 6.231
469 35.645 8.087 3.501
470 7.464 21.687 8.494
471 17.908 10.251 17.413
472 21.987 7.771 15.897
473 23.889 23.246 8.86
474 23.184 7.121 33.042
475 25.332 29.006 32.928
476 7.685 20.222 33.736
477 13.706 11.83 16.504
478 27.242 1.159 3.113
479 21.104 34.137 37.556
480 8.593 22.425 23.504
481 11.332 17.749 26.093
482 12.056 21.305 38.73
483 18.63 10.328 17.398
484 17.663 35.927 34.947
485 31.639 4.317 15.64
486 13.845 30.946 6.118
487 29.488 10.092 7.03
488 7.567 5.304 20.008
489 18.064 10.982 26.389
490 9.124 19.435 26.92
491 28.658 31.877 1.077
492 17.707 4.349 37.188
493 11.73 12.105 3.047
494 22.515 30.835 37.901
495 18.954 37.557 1.302
496 18.246 36.797 3.691
497 35.798 25.997 18.361
498 27.862 32.583 14.332
499 27.625 16.146 15.537
500 10.914 1.344 20.546
501 16.488 1.836 19.469
502 25.534 12.903 34.903
503 19.567 12.401 8.505
504 21.326 27.565 2.875
505 28.204 26.0 19.521
506 12.418 25.119 0.482
507 7.657 7.22 12.843
508 15.264 38.973 31.351
509 34.65 32.024 28.684
510 13.044 14.914 23.39
511 11.533 28.851 29.151
512 31.752 15.009 39.325
513 23.694 16.219 15.316
514 27.923 37.233 18.716
515 34.733 7.969 20.605
516 21.087 9.552 11.254
517 12.546 6.655 2.953
518 19.642 11.535 27.482
519 12.752 2.0 11.024
520 12.282 16.292 23.872
521 32.016 39.235 16.448
522 33.599 10.708 13.016
523 26.595 2.524 31.087
524 25.246 13.759 15.385
525 36.728 6.314 35.705
526 30.172 7.995 16.66
527 24.876 31.926 25.522
528 30.728 3.772 16.032
529 14.295 32.519 37.674
530 23.292 27.258 0.821
531 23.312 20.126 8.241
532 10.714 15.434 39.253
533 27.444 31.877 27.952
534 26.108 20.998 34.559
535 23.69 5.545 23.749
536 33.342 3.055 20.044
537 13.553 36.376 18.714
538 14.478 9.68 2.797
539 12.863 12.868 28.547
540 17.951 11.686 25.693
541 12.295 3.642 17.049
542 32.372 8.059 29.554
543 32.806 36.654 36.025
544 29.114 32.958 34.899
545 17.202 10.928 14.267
546 21.786 29.666 31.542
547 9.367 24.628 9.959
548 11.957 2.849 23.266
549 33.354 39.372 26.124
550 23.418 0.406 22.898
551 27.749 2.325 35.151
552 21.697 37.663 9.044
553 14.387 8.203 37.661
554 18.576 32.112 8.414
555 10.707 19.02 34.532
556 16.252 17.865 8.354
557 10.853 32.106 12.661
558 33.596 27.976 39.179
559 10.959 15.226 17.359
560 20.426 6.8 0.487
561 9.207 17.493 15.597
562 23.842 0.491 23.407
563 27.866 13.099 7.354
564 33.771 9.325 29.142
565 22.616 27.234 9.942
566 32.967 15.955 10.724
567 12.492 0.458 21.104
568 26.261 3.109 20.469
569 9.495 11.168 6.312
570 30.498 18.675 27.224
571 32.153 34.759 28.769
572 11.699 38.277 10.205
573 25.973 18.183 7.569
574 24.365 22.282 5.334
575 26.519 4.585 25.455
576 29.707 39.2 10.521
577 36.933 26.154 4.209
578 21.72 34.985 0.759
579 29.473 20.925 32.714
580 8.173 35.687 24.85
581 16.874 33.272 35.205
582 9.028 36.73 29.412
583 32.14 27.155 16.812
584 19.78 1.42 9.943
585 24.273 16.139 35.589
586 28.958 15.966 14.803
587 12.838 15.654 37.141
588 32.809 2.931 22.317
589 11.346 18.184 12.425
590 10.096 7.555 32.732
591 10.625 12.141 30.013
592 23.966 4.263 13.137
593 25.71 23.952 32.341
594 36.999 23.367 31.146
595 27.418 15.191 1.721
596 12.932 22.013 3.151
597 8.684 26.356 36.345
598 7.905 22.811 4.312
599 32.851 7.426 38.527
600 22.196 18.109 28.044
601 15.608 30.175 20.007
602 32.072 22.334 28.097
603 11.043 22.703 5.785
604 12.232 2.995 2.712
605 32.609 18.215 18.61
606 21.51 8.54 7.988
607 12.148 29.833 4.414
608 27.86 14.301 1.494
609 20.395 8.113 3.351
610 26.204 20.48 35.393
611 11.969 33.782 20.455
612 14.324 35.527 38.81
613 16.054 2.971 36.67
614 17.304 32.48 8.473
615 11.852 5.185 10.328
616 33.935 32.786 9.029
617 16.271 17.701 39.217
618 19.586 25.173 19.312
619 23.626 28.797 38.482
620 18.069 21.508 0.498
621 16.941 7.689 35.124
622 36.437 19.391 8.149
623 20.747 3.184 11.237
624 33.122 14.255 17.193
625 23.049 5.69 13.659
626 22.717 23.039 7.997
627 14.823 10.766 10.824
628 34.672 11.669 31.338
629 23.58 13.482 6.334
630 22.042 29.118 39.709
631 33.872 3.988 25.583
632 31.815 28.106 23.424
633 25.737 14.106 5.118
634 34.365 5.122 21.615
635 21.756 22.373 30.976
636 35.653 11.971 8.472
637 24.591 27.637 4.139
638 32.236 8.894 4.385
639 15.466 18.39 30.04
640 14.898 34.167 37.652
641 35.152 36.37 11.579
642 24.123 2.054 16.918
643 21.34 26.365 35.027
644 8.336 32.842 19.392
645 9.998 28.022 25.265
646 30.145 10.598 5.122
647 21.989 34.857 38.646
648 9.452 26.619 33.619
649 10.84 36.35 26.949
650 33.54 10.79 19.723
651 25.854 30.268 33.8
652 23.263 34.546 29.439
653 19.089 11.171 10.833
654 15.377 35.609 1.972
655 31.949 28.199 24.212
656 31.255 6.124 26.345
657 23.89 36.085 30.056
658 31.477 17.312 36.292
659 23.008 28.708 32.663
660 32.283 36.924 9.597
661 8.512 19.576 14.543
662 35.787 18.524 9.17
663 25.9 15.283 8.823
664 16.234 23.397 7.671
665 16.48 22.273 8.822
666 24.893 27.78 30.846
667 13.702 12.309 11.324
668 25.234 13.209 25.28
669 31.782 31.681 37.157
670 7.583 23.021 37.714
671 27.039 12.78 33.911
672 17.319 10.597 31.147
673 32.762 13.547 15.689
674 23.671 25.933 11.072
675 35.292 15.45 2.739
676 18.769 13.399 11.599
677 21.15 22.657 12.396
678 32.65 8.014 5.827
679 21.278 18.236 37.531
680 12.969 6.543 7.48
681 36.668 9.647 28.044
682 8.585 31.748 1.383
683 34.415 31.074 5.296
684 10.391 24.819 7.87
685 15.507 31.339 7.084
686 35.95 39.274 24.084
687 25.376 30.912 22.371
688 16.095 10.846 1.005
689 35.331 9.374 2.042
690 21.676 6.123 20.193
691 31.97 13.946 18.323
692 18.811 34.809 2.553
693 12.447 22.391 28.095
694 9.505 10.594 26.647
695 15.257 17.731 11.136
696 32.754 36.72 0.986
697 12.713 0.966 16.524
698 12.014 33.74 1.349
699 11.7 9.678 25.309
700 9.447 2.876 28.597
701 17.062 6.334 4.827
702 29.273 32.504 28.244
703 9.822 5.791 26.632
704 36.481 34.313 36.611
705 23.172 39.365 37.863
706 12.066 4.65 5.531
707 12.464 35.856 10.222
708 15.933 17.637 7.038
709 11.335 33.258 23.743
710 13.385 21.069 29.747
711 18.106 21.303 34.835
712 31.805 30.856 27.308
713 21.808 20.481 24.343
714 15.98 13.717 4.356
715 32.0 34.318 13.635
716 23.989 38.96 6.354
717 19.3 38.199 31.74
718 26.986 26.526 24.105
719 29.358 19.412 28.308
720 18.433 35.661 32.062
721 11.712 32.292 35.687
722 12.787 23.374 2.651
723 11.8 0.726 9.239
724 7.969 24.17 18.807
725 23.248 1.687 2.167
726 34.425 27.403 12.615
727 13.058 4.927 39.207
728 32.772 39.098 13.824
729 29.259 3.562 36.107
730 17.238 0.999 22.652
731 34.921 2.692 35.033
732 27.5 0.696 33.629
733 17.743 27.352 19.309
734 15.103 3.608 25.8
735 27.452 34.343 31.88
736 31.456 12.115 19.099
737 8.908 17.828 24.615
738 24.798 21.096 29.613
739 35.836 29.634 3.228
740 34.207 35.395 35.775
741 7.45 26.228 26.633
742 26.287 12.741 4.763
743 21.93 4.051 17.924
744 34.843 29.814 26.645
745 33.338 27.185 32.815
746 27.965 33.435 37.052
747 29.09 10.957 2.561
748 18.062 12.664 38.902
749 22.362 34.053 39.61
750 28.821 30.111 39.768
751 9.614 26.334 38.971
752 19.233 38.585 2.105
753 34.644 25.072 5.751
754 11.365 30.421 37.03
755 10.275 17.067 8.828
756 30.557 10.531 1.954
757 7.966 29.981 0.781
758 31.564 6.874 16.065
759 14.406 3.643 30.83
760 24.959 27.764 26.492
761 29.39 5.521 25.263
762 32.943 5.748 6.912
763 15.179 3.676 6.307
764 32.897 22.551 20.53
765 23.41 0.51 30.673
766 25.225 23.463 9.991
767 36.672 21.888 24.046
768 13.006 22.226 19.959
769 23.27 38.673 36.225
770 20.451 25.586 10.851
771 24.964 19.973 25.084
772 36.108 9.954 26.033
773 30.314 6.235 0.394
774 11.716 16.713 32.784
775 20.164 11.156 28.566
776 11.756 39.514 25.482
777 34.828 6.062 3.061
778 12.775 7.216 7.964
779 9.55 33.085 3.065
780 16.555 23.071 3.925
781 30.367 35.239 0.955
782 18.697 15.294 35.475
783 25.54 17.124 37.468
784 18.542 5.207 37.147
785 21.187 2.982 25.804
786 27.632 14.336 10.909
787 14.66 12.431 29.549
788 24.759 13.556 7.969
789 14.812 14.629 13.176
790 12.726 33.112 14.39
791 30.601 6.676 20.941
792 30.987 28.231 34.107
793 27.014 1.396 8.538
794 22.412 3.97 18.677
795 27.936 18.501 39.148
796 14.971 11.609 5.732
797 30.13 36.466 34.9
798 27.402 29.966 1.751
799 8.036 17.823 16.927
800 25.948 13.68 29.478
801 27.473 6.366 15.675
802 26.559 37.142 5.115
803 28.819 18.1 21.168
804 28.744 36.194 39.441
805 14.639 17.558 34.205
806 12.408 6.785 13.849
807 23.108 19.696 36.019
808 35.032 39.594 36.242
809 28.187 38.894 8.407
810 8.695 34.167 21.074
811 32.754 11.972 35.851
812 15.905 31.857 29.486
813 14.887 9.337 0.459
814 13.367 30.765 28.709
815 8.442 33.682 12.484
816 19.258 36.474 3.329
817 28.131 19.687 7.388
818 34.878 32.633 13.132
819 15.545 4.254 31.824
820 16.011 10.454 11.809
821 35.542 34.264 24.01
822 17.971 14.269 9.63
823 28.138 25.948 24.643
824 33.993 13.901 35.368
825 19.389 3.062 1.003
826 19.713 34.077 21.116
827 17.438 10.434 37.219
828 25.801 35.889 30.7
829 23.809 17.806 9.708
830 34.086 28.525 29.447
831 14.29 3.639 8.676
832 28.162 0.266 7.919
833 20.585 11.171 25.702
834 19.766 19.016 13.316
835 17.462 36.772 22.892
836 8.442 4.381 33.724
837 13.31 2.309 0.566
838 25.243 19.163 4.858
839 20.179 35.534 22.142
840 10.941 38.476 33.297
841 31.514 34.681 24.144
842 11.59 24.46 34.989
843 35.861 6.217 18.089
844 18.996 7.121 25.99
845 32.352 22.923 13.597
846 33.809 4.52 7.138
847 14.635 30.184 5.118
848 15.821 30.61 38.19
849 36.792 10.867 22.6
850 15.125 2.012 6.929
851 9.927 25.565 33.458
852 20.43 9.318 36.432
853 23.303 6.478 24.363
854 21.566 34.986 18.706
855 24.168 2.297 33.482
856 32.097 4.117 35.663
857 36.788 3.721 27.636
858 13.95 36.932 6.284
859 13.524 28.331 36.301
860 34.909 20.029 26.126
861 20.242 5.277 24.463
862 16.817 4.312 20.081
863 31.954 2.355 21.275
864 25.387 9.381 0.262
865 16.963 16.995 1.681
866 8.206 20.596 16.65
867 24.431 20.284 13.139
868 14.064 17.346 26.815
869 31.03 25.155 16.264
870 14.896 30.586 19.409
871 19.9 30.135 34.525
872 28.095 31.856 28.297
873 23.829 33.072 1.523
874 32.763 13.653 34.781
875 14.418 32.567 33.105
876 10.387 23.123 32.629
877 28.003 10.926 18.147
878 27.188 34.661 24.832
879 36.996 13.859 2.677
880 17.14 22.371 38.738
881 21.77 26.267 21.66
882 21.503 29.135 0.607
883 10.075 4.115 1.642
884 15.095 25.07 1.036
885 18.536 27.156 21.186
886 24.157 23.731 10.41
887 17.195 27.468 4.81
888 30.45 36.548 12.675
889 17.307 1.184 9.544
890 24.551 10.743 16.742
891 17.557 39.397 27.829
892 15.162 0.751 35.2
893 7.929 28.068 13.899
894 35.21 15.065 38.122
895 36.638 26.099 29.694
896 16.666 2.866 5.127
897 23.471 32.574 12.566
898 34.362 23.707 34.555
899 11.805 11.35 28.106
900 13.835 37.734 31.746
901 17.246 33.699 35.316
902 35.702 8.059 28.977
903 19.937 15.638 33.611
904 36.458 33.178 12.672
905 35.861 10.166 17.169
906 13.404 9.021 23.148
907 32.073 11.131 2.478
908 23.869 3.428 25.886
909 34.086 17.425 15.371
910 13.984 9.176 33.902
911 30.842 1.252 18.461
912 8.606 9.281 32.42
913 8.802 30.583 4.361
914 11.852 6.183 2.291
915 12.308 36.235 0.214
916 20.646 5.52 13.116
917 12.142 16.542 39.424
918 27.862 21.101 36.758
919 36.825 22.541 23.816
920 20.281 27.702 22.049
921 17.339 4.622 16.474
922 37.014 30.119 33.754
923 21.27 27.605 20.149
924 26.764 38.586 22.028
925 15.222 11.905 32.51
926 21.019 25.125 10.182
927 32.049 9.137 27.512
928 32.304 9.912 17.916
929 19.38 11.348 3.879
930 33.76 19.934 20.371
931 27.778 18.101 23.611
932 23.496 35.813 33.307
933 19.055 26.609 1.641
934 20.857 1.351 20.296
935 33.747 24.746 20.564
936 31.016 35.191 25.716
937 10.692 28.165 38.338
938 33.338 22.463 27.646
939 30.901 32.454 23.606
940 25.595 8.939 15.576
941 33.057 28.38 14.2
942 27.448 26.904 33.075
943 31.015 11.728 39.082
944 7.539 14.371 21.898
945 27.354 33.844 6.791
946 16.955 28.997 15.1
947 29.973 25.346 37.167
948 9.109 8.325 23.642
949 36.651 33.581 22.813
950 23.212 39.526 35.998
951 34.018 4.988 14.518
952 29.116 10.856 38.553
953 22.634 30.582 29.944
954 10.148 38.367 14.455
955 31.538 16.325 2.863
956 31.921 5.683 9.97
957 35.814 35.49 18.74
958 15.433 38.802 3.882
959 20.718 28.884 29.481
960 10.676 38.044 10.112
961 31.948 29.64 34.79
962 8.227 2.218 5.794
963 27.172 24.646 38.898
964 24.93 38.924 14.193
965 17.552 22.411 8.435
966 13.595 5.155 7.152
967 15.31 9.272 17.214
968 30.508 13.096 2.62
969 12.592 19.186 39.249
970 11.923 5.502 38.557
971 21.983 39.675 32.541
972 11.94 20.161 13.865
973 15.665 38.079 22.458
974 17.384 39.23 30.838
975 10.31 23.729 20.13
976 15.176 29.799 32.37
977 11.035 11.617 28.181
978 22.685 28.975 3.345
979 15.348 24.968 32.41
980 25.073 7.347 32.319
981 21.053 22.208 19.279
982 33.73 1.533 15.032
983 22.742 39.182 35.192
984 14.674 30.605 30.155
985 33.825 31.0 11.422
986 13.223 1.148 3.421
987 14.939 13.687 2.821
988 32.714 15.719 37.321
989 36.986 31.735 36.094
990 9.204 1.847 39.779
991 25.409 25.524 37.823
992 18.435 39.641 13.949
993 35.963 3.53 5.049
994 33.116 12.018 9.173
995 32.386 12.786 19.715
996 8.963 32.878 24.223
997 27.908 3.938 25.769
998 25.591 39.311 16.103
999 10.029 14.437 22.511
1000 19.525 30.305 9.841
1001 13.789 33.988 23.37
1002 35.457 24.229 6.383
1003 36.427 28.941 26.39
1004 31.58 1.696 14.685
1005 19.731 33.412 36.185
1006 17.0 19.044 20.381
1007 24.688 38.525 13.347
1008 23.627 29.778 5.094
1009 22.541 27.641 15.847
1010 32.929 14.836 11.304
1011 32.795 18.893 12.674
1012 35.023 39.442 22.851
1013 19.055 19.499 29.76
1014 16.911 26.842 0.491
1015 30.558 5.033 22.046
1016 36.68 14.02 23.025
1017 28.691 33.178 18.771
1018 13.836 5.532 6.622
1019 21.007 14.197 4.978
1020 7.942 4.595 19.303
1021 19.869 13.788 1.018
1022 19.971 10.378 29.505
1023 33.913 3.031 24.376
1024 27.401 9.967 30.746
1025 18.606 37.584 17.629
1026 23.176 1.082 23.568
1027 21.818 18.579 7.74
1028 22.503 32.833 2.307
1029 27.244 19.895 23.368
1030 11.436 2.69 14.381
1031 14.881 10.656 13.992
1032 7.974 6.446 29.129
1033 18.921 27.272 35.799
1034 20.916 17.428 6.282
1035 27.637 10.22 21.92
1036 35.948 35.007 21.845
1037 9.97 35.494 5.538
1038 8.695 21.179 9.229
1039 33.05 38.556 34.114
1040 24.236 21.45 19.347
1041 10.815 19.64 31.812
1042 25.082 26.885 7.022
1043 25.815 30.362 16.252
1044 18.205 36.902 30.706
1045 20.572 30.259 6.306
1046 33.999 24.11 14.893
1047 26.325 8.632 8.006
1048 29.732 35.564 0.267
1049 18.212 9.049 35.211
1050 34.474 7.167 33.448
1051 26.5 32.364 26.188
1052 34.56 16.143 35.869
1053 36.21 26.426 21.713
1054 19.95 24.905 25.462
1055 31.087 8.685 9.903
1056 24.337 10.096 16.494
1057 20.797 24.633 3.327
1058 19.175 35.489 18.556
1059 23.398 29.458 18.58
1060 35.863 25.021 13.56
1061 28.056 6.503 24.182
1062 28.674 5.595 10.064
1063 18.779 13.773 3.194
1064 33.498 15.564 35.791
1065 8.985 2.838 23.994
1066 8.531 23.41 19.432
1067 21.434 25.624 36.229
1068 28.977 33.065 11.983
1069 14.087 34.047 10.229
1070 11.248 34.669 34.894
1071 17.062 19.917 8.222
1072 9.892 0.853 22.704
1073 34.174 32.13 23.551
1074 8.095 19.671 4.291
1075 36.894 29.68 33.228
1076 16.089 31.182 23.274
1077 11.439 15.496 16.615
1078 15.281 15.011 5.865
1079 22.546 3.09 8.748
1080 35.445 18.383 11.773
1081 31.631 12.951 35.132
1082 23.326 12.608 16.034
1083 15.354 8.929 35.999
1084 16.586 5.055 16.703
1085 9.643 38.636 4.864
1086 21.316 39.403 14.481
1087 21.96 18.464 8.89
1088 30.5 38.283 7.742
1089 15.447 2.576 27.309
1090 9.159 7.098 29.333
1091 16.551 8.287 38.782
1092 21.032 16.578 5.816
1093 25.174 21.448 13.05
1094 12.626 10.778 1.638
1095 31.158 12.295 8.716
1096 25.577 29.659 22.265
1097 20.098 1.334 18.252
1098 36.109 30.668 19.792
1099 30.61 28.071 19.45
1100 34.196 24.283 22.081
1101 20.988 18.436 16.785
1102 22.824 1.561 9.296
1103 12.014 11.54 9.576
1104 20.49 14.115 20.013
1105 15.133 20.851 19.752
1106 26.408 10.765 36.017
1107 16.491 12.19 1.172
1108 26.144 1.608 3.016
1109 30.047 18.805 19.525
1110 14.014 35.801 28.605
1111 14.811 35.223 35.987
1112 30.076 38.79 25.861
1113 22.344 23.444 30.845
1114 23.157 15.044 4.27
1115 31.675 3.237 34.491
1116 15.832 34.57 17.357
1117 24.078 31.488 25.973
1118 23.712 14.314 6.494
1119 22.173 20.135 19.337
1120 34.807 17.372 38.407
1121 16.975 13.944 8.74
1122 34.707 17.665 24.959
1123 15.441 9.43 23.646
1124 25.024 4.232 9.977
1125 36.825 34.767 2.729
1126 31.858 2.161 19.405
1127 8.206 36.806 25.93
1128 15.868 36.133 6.37
1129 17.395 0.981 18.108
1130 8.52 3.907 8.934
1131 14.072 12.168 11.423
1132 10.037 5.788 25.393
1133 34.804 39.381 4.806
1134 18.447 33.842 22.046
1135 13.758 39.015 20.727
1136 18.523 10.209 30.305
1137 19.762 35.674 35.221
1138 28.824 28.296 18.728
1139 33.49 2.516 38.292
1140 33.712 22.773 39.06
1141 14.345 8.165 34.554
1142 34.259 10.046 24.128
1143 25.678 16.216 36.769
1144 9.123 39.221 15.97
1145 34.157 17.739 18.985
1146 27.794 11.638 4.769
1147 12.039 34.589 15.338
1148 27.584 8.217 20.285
1149 17.394 32.118 21.658
1150 16.767 5.186 18.998
1151 24.776 39.573 32.362
1152 26.854 13.392 32.99
1153 27.835 25.755 31.754
1154 36.425 18.281 0.754
1155 16.175 1.953 29.67
1156 31.857 8.945 19.51
1157 10.138 30.688 31.876
1158 23.354 2.477 2.419
1159 36.295 0.204 8.12
1160 36.717 21.823 6.916
1161 16.006 2.057 9.589
1162 34.735 15.31 35.65
1163 27.94 5.992 13.436
1164 30.979 2.99 6.515
1165 31.107 6.324 27.501
1166 17.694 13.865 36.835
1167 17.502 13.507 19.029
1168 10.307 34.303 20.911
1169 20.19 19.586 20.449
1170 36.684 16.611 25.247
1171 24.653 14.168 13.04
1172 36.714 10.985 11.78
1173 33.261 7.922 15.688
1174 13.501 31.881 32.845
1175 27.55 36.318 13.357
1176 21.177 9.892 14.395
1177 20.49 39.251 13.58
1178 7.514 21.333 27.276
1179 7.948 39.031 10.845
1180 28.002 18.666 3.018
1181 35.622 9.422 7.486
1182 10.234 4.366 37.834
1183 16.264 28.212 36.51
1184 17.754 11.632 8.126
1185 24.615 15.574 25.979
1186 33.972 26.726 20.051
1187 22.874 14.316 33.523
1188 20.439 23.716 25.975
1189 19.698 4.033 24.604
1190 31.069 33.282 1.781
1191 25.066 3.63 29.817
1192 25.711 27.748 3.51
1193 10.582 10.192 4.085
1194 15.893 8.294 23.445
1195 24.876 4.162 17.549
1196 27.707 11.206 39.467
1197 30.042 6.173 23.477
1198 8.346 7.418 23.556
1199 22.913 37.189 35.556
1200 37.177 37.02 32.571
1201 19.751 18.11 28.577
1202 13.078 34.604 36.562
1203 30.275 2.739 34.317
1204 20.031 25.236 25.993
1205 16.467 26.311 11.984
1206 13.006 34.751 34.429
1207 28.19 27.137 3.093
1208 37.158 27.4 18.036
1209 27.403 36.323 28.716
1210 10.606 19.846 30.997
1211 32.399 14.074 21.821
1212 24.938 3.411 17.176
1213 13.513 8.463 19.229
1214 21.164 17.0 36.608
1215 28.583 13.154 24.972
1216 31.268 24.102 3.23
1217 23.148 34.022 27.435
1218 11.111 30.611 2.387
1219 18.175 13.728 21.824
1220 32.013 26.202 23.28
1221 10.258 31.51 4.301
1222 20.729 30.799 26.186
1223 35.446 33.693 3.525
1224 35.406 11.486 32.863
1225 11.601 19.129 7.468
1226 29.743 13.086 4.667
1227 17.99 25.459 34.157
1228 21.311 21.895 18.541
1229 17.171 35.23 22.613
1230 32.677 7.276 12.724
1231 19.396 35.984 9.174
1232 23.473 0.359 11.526
1233 36.057 14.787 30.364
1234 14.62 2.656 20.891
1235 8.21 16.766 2.421
1236 8.178 36.1 16.527
1237 29.491 20.094 29.598
1238 23.374 28.874 31.468
1239 32.928 13.822 12.478
1240 9.023 28.893 30.6
1241 12.042 4.058 33.631
1242 28.913 24.068 36.636
1243 15.124 13.617 21.187
1244 26.836 25.644 38.33
1245 15.111 13.599 24.722
1246 31.545 28.327 29.737
1247 8.815 8.165 30.502
1248 20.383 20.138 14.595
1249 25.305 8.997 37.839
1250 8.135 2.975 23.214
1251 27.644 26.582 17.995
1252 9.722 38.116 17.766
1253 35.835 20.7 26.303
1254 34.629 6.827 26.097
1255 34.057 35.39 29.423
1256 33.697 21.823 29.803
1257 28.47 2.858 20.649
1258 13.04 6.908 30.741
1259 10.914 13.873 7.992
1260 29.733 21.765 19.863
1261 24.996 14.162 26.696
1262 29.172 19.956 35.09
1263 31.968 35.461 34.271
1264 13.955 4.703 35.981
1265 22.25 34.915 3.76
1266 19.667 18.802 24.638
1267 14.795 24.767 5.742
1268 17.564 6.101 26.899
1269 14.23 11.981 20.133
1270 23.49 14.597 3.546
1271 11.675 34.427 15.174
1272 20.279 23.377 2.737
1273 13.136 12.238 25.075
1274 29.596 25.562 39.565
1275 21.106 9.67 17.415
1276 14.157 9.871 32.23
1277 26.78 9.865 23.301
1278 29.506 32.784 16.864
1279 36.225 26.102 11.969
1280 14.537 9.085 27.786
1281 31.624 9.468 9.582
1282 9.932 39.575 24.781
1283 12.758 10.293 22.554
1284 36.076 33.643 13.968
1285 14.658 13.42 25.915
1286 11.479 22.078 25.013
1287 28.887 24.662 15.467
1288 15.926 36.6 34.638
1289 26.245 14.754 14.555
1290 21.02 15.952 17.657
1291 12.258 16.261 35.347
1292 15.401 32.044 1.979
1293 35.41 11.337 11.356
1294 33.925 23.304 3.81
1295 24.601 15.049 13.84
1296 24.299 19.387 4.523
1297 32.92 22.752 11.989
1298 8.962 25.885 8.415
1299 9.973 24.301 35.433
1300 27.634 24.085 9.499
1301 36.573 23.582 31.066
1302 22.667 18.635 38.878
1303 26.264 19.515 4.12
1304 24.319 33.551 14.388
1305 24.169 20.512 17.268
1306 18.62 32.814 32.202
1307 34.113 13.092 34.028
1308 23.378 34.222 21.442
1309 29.231 35.907 27.834
1310 9.368 16.771 5.771
1311 11.627 32.342 33.289
1312 32.393 0.526 35.493
1313 15.857 9.81 27.735
1314 34.512 10.891 15.042
1315 36.673 2.317 26.635
1316 28.815 24.961 33.36
1317 19.547 9.813 30.552
1318 31.065 20.94 19.441
1319 32.145 22.135 16.086
1320 28.91 27.513 13.763
1321 25.294 22.347 31.255
1322 18.652 13.881 24.986
1323 26.103 29.547 16.204
1324 26.733 12.345 13.252
1325 10.063 4.021 28.422
1326 19.317 14.355 6.398
1327 15.723 4.517 10.309
1328 30.514 8.68 20.158
1329 28.23 5.622 3.872
1330 13.14 27.255 2.192
1331 14.384 7.715 17.533
1332 11.906 8.261 9.573
1333 21.207 39.445 0.409
1334 33.923 16.009 1.538
1335 13.799 15.913 27.909
1336 22.067 27.863 22.3
1337 27.43 28.399 36.204
1338 21.073 10.388 7.627
1339 19.237 14.499 38.137
1340 29.516 25.101 37.005
1341 11.231 3.201 4.77
1342 35.61 18.853 23.673
1343 32.123 29.594 16.247
1344 20.497 28.9 0.963
1345 19.089 12.139 12.902
1346 28.883 25.453 16.871
1347 26.43 15.796 8.711
1348 23.358 17.598 0.633
1349 36.999 21.203 24.427
1350 21.134 29.33 3.62
1351 26.743 22.611 38.17
1352 16.745 33.945 19.221
1353 12.756 33.956 18.266
1354 11.585 4.948 4.836
1355 26.5 19.787 27.928
1356 21.457 33.881 28.944
1357 23.64 24.783 38.344
1358 30.833 16.813 5.665
1359 14.818 18.862 15.416
1360 29.584 8.53 1.628
1361 23.997 37.989 20.622
1362 33.184 19.611 25.332
1363 22.421 17.579 17.633
1364 20.49 27.611 18.196
1365 26.734 22.559 28.565
1366 25.031 28.88 5.865
1367 35.61 28.922 5.939
1368 33.437 5.88 4.652
1369 24.414 16.138 20.054
1370 14.087 35.414 23.188
1371 17.174 2.237 10.815
1372 25.626 33.578 19.728
1373 24.99 5.237 27.912
1374 33.418 8.599 18.345
1375 11.407 27.009 29.768
1376 24.657 32.009 39.069
1377 12.442 19.817 37.971
1378 34.853 34.027 1.31
1379 17.134 7.32 35.936
1380 34.24 0.434 15.303
1381 10.723 6.651 30.147
1382 25.745 36.961 23.18
1383 25.703 23.535 6.933
1384 21.763 37.632 18.784
1385 30.313 2.986 13.609
1386 20.567 34.056 16.141
1387 31.715 18.457 34.239
1388 24.787 12.051 25.184
1389 31.249 23.12 15.019
1390 23.011 5.15 7.791
1391 18.847 25.173 20.755
1392 17.742 37.474 25.022
1393 20.19 30.196 39.706
1394 29.413 9.761 21.53
1395 9.155 38.987 36.053
1396 19.879 3.961 36.585
1397 31.307 23.844 23.982
1398 16.812 28.939 21.426
1399 12.073 28.568 9.97
1400 20.745 30.553 30.544
1401 15.825 18.247 23.867
1402 27.468 19.301 6.974
1403 18.085 19.618 22.549
1404 27.227 3.753 39.71
1405 27.093 9.588 6.808
1406 18.893 3.46 26.775
1407 35.339 1.257 11.257
1408 32.099 10.929 18.417
1409 30.334 25.261 10.464
1410 33.632 23.375 38.904
1411 9.055 13.346 19.585
1412 24.929 31.905 15.014
1413 20.877 28.72 0.67
1414 13.684 28.485 3.042
1415 17.929 35.965 13.412
1416 26.913 33.566 6.402
1417 27.538 1.486 2.518
1418 19.471 19.374 4.645
1419 17.55 35.447 25.75
1420 17.9 17.552 22.384
1421 12.689 24.015 22.031
1422 35.303 27.113 19.259
1423 23.675 0.54 19.818
1424 10.746 12.15 16.102
1425 18.442 37.188 38.886
1426 10.956 23.837 29.181
1427 27.206 37.001 11.134
1428 25.633 19.005 28.428
1429 15.61 20.343 14.956
1430 29.076 33.051 34.295
1431 35.177 24.521 21.803
1432 15.851 5.804 33.017
1433 36.814 37.908 36.91
1434 26.445 19.783 13.189
1435 19.011 15.056 6.648
1436 12.56 33.522 37.635
1437 9.18 1.925 11.456
1438 15.187 2.329 33.25
1439 31.56 28.986 10.998
1440 26.366 4.955 10.586
1441 13.245 30.295 31.023
1442 18.661 11.792 31.361
1443 35.66 1.97 19.466
1444 29.953 0.848 38.676
1445 30.103 31.514 35.268
1446 26.643 37.502 11.63
1447 24.746 11.725 29.29
1448 31.781 2.541 6.36
1449 15.292 12.647 21.348
1450 34.926 33.345 15.313
1451 36.384 24.184 31.181
1452 27.282 24.842 5.197
1453 14.656 32.738 24.804
1454 17.579 35.65 31.989
1455 19.141 6.145 7.3
1456 13.938 27.951 37.352
1457 34.372 4.037 23.576
1458 33.892 39.224 10.01
1459 34.662 5.681 10.0
1460 9.694 5.926 29.974
1461 29.574 21.289 22.192
1462 36.581 10.263 2.418
1463 10.973 17.764 25.752
1464 29.34 18.747 16.46
1465 14.034 0.867 39.309
1466 36.793 37.969 38.534
1467 11.702 33.444 3.716
1468 14.034 12.108 38.185
1469 21.745 21.205 12.62
1470 20.949 33.74 17.311
1471 33.719 27.432 26.831
1472 19.039 34.864 4.009
1473 21.925 12.527 18.079
1474 13.932 14.188 30.309
1475 23.802 0.69 16.913
1476 9.727 22.596 3.177
1477 19.174 2.308 18.576
1478 32.861 30.623 28.922
1479 19.987 37.408 16.605
1480 8.927 19.554 31.271
1481 12.675 11.307 17.455
1482 12.148 34.231 37.889
1483 10.371 16.017 36.432
1484 21.389 10.26 32.427
1485 34.061 35.769 39.08
1486 25.892 27.263 12.782
1487 21.274 6.848 35.748
1488 34.525 0.858 33.265
1489 7.492 32.659 9.819
1490 36.522 32.097 11.622
1491 8.233 2.16 18.836
1492 32.4 26.384 0.42
1493 18.525 7.436 36.669
1494 35.237 30.012 14.994
1495 13.076 30.016 5.657
1496 13.112 38.967 20.791
1497 36.176 18.77 2.368
1498 21.728 23.317 1.362
1499 29.404 35.701 20.264
1500 16.981 13.708 2.218
1501 25.353 17.145 25.937
1502 35.081 33.761 36.487
1503 32.872 27.765 11.669
1504 9.886 38.181 23.612
1505 34.337 5.404 33.447
1506 13.38 12.675 8.948
1507 13.863 37.792 37.763
1508 9.319 20.166 19.759
1509 13.637 6.871 1.506
1510 24.092 25.567 31.967
1511 15.066 18.39 37.913
1512 35.733 11.868 33.385
1513 13.211 8.599 28.627
1514 14.772 24.73 0.344
1515 21.955 20.652 37.646
1516 19.445 0.75 15.239
1517 31.185 37.495 37.541
1518 18.987 27.491 21.036
1519 26.821 36.234 21.908
1520 13.638 5.816 35.249
1521 28.688 10.498 6.426
1522 21.391 39.709 38.565
1523 22.442 2.631 12.237
1524 32.372 26.922 13.133
1525 18.885 10.51 14.045
1526 18.515 34.031 1.715
1527 25.673 3.391 21.144
1528 33.213 38.172 14.784
1529 14.052 17.28 4.04
1530 18.366 14.974 23.872
1531 30.725 28.412 15.694
1532 17.131 26.35 20.06
1533 16.207 1.154 5.979
1534 17.145 38.114 38.225
1535 34.651 25.873 3.47
1536 12.137 1.383 26.692
1537 30.943 39.735 6.827
1538 30.2 19.578 11.276
1539 30.224 28.552 3.766
1540 9.315 5.298 20.189
1541 33.388 22.206 12.238
1542 21.08 2.182 0.322
1543 29.126 2.194 12.762
1544 29.548 32.888 2.654
1545 32.793 10.669 7.25
1546 27.942 3.01 30.317
1547 9.784 8.793 2.262
1548 26.612 9.568 8.333
1549 21.995 9.533 6.728
1550 16.569 7.368 23.475
1551 16.815 16.507 10.274
1552 14.041 31.189 5.841
1553 25.914 0.863 0.675
1554 34.232 9.492 39.293
1555 16.58 26.461 0.786
1556 14.711 7.851 33.562
1557 28.728 21.364 37.866
1558 27.43 33.145 18.739
1559 11.06 37.477 4.678
1560 25.166 37.342 20.163
1561 32.201 5.736 28.808
1562 30.891 24.768 26.058
1563 16.506 32.861 17.329
1564 26.636 18.331 38.765
1565 17.74 38.569 36.047
1566 8.169 23.427 17.45
1567 16.728 39.256 9.491
1568 28.354 37.815 16.168
1569 16.034 24.317 36.873
1570 32.208 33.887 11.5
1571 26.069 22.258 28.398
1572 34.209 2.916 16.522
1573 11.778 14.48 15.195
1574 28.492 39.061 18.279
1575 15.554 0.706 0.233
1576 30.863 37.747 11.058
1577 35.293 0.381 27.924
1578 25.321 8.847 32.339
1579 19.626 2.754 14.39
1580 36.963 12.618 31.197
1581 20.381 26.02 18.06
1582 10.554 24.884 17.54
1583 27.422 8.502 21.838
1584 10.467 35.971 25.026
1585 30.131 9.789 29.84
1586 31.337 0.277 14.98
1587 18.859 21.991 34.169
1588 17.172 22.687 11.77
1589 8.608 39.227 39.584
1590 13.338 29.279 17.642
1591 15.726 36.146 30.066
1592 25.298 39.786 27.429
1593 18.256 7.126 4.697
1594 27.289 24.039 25.754
1595 7.87 7.329 36.978
1596 8.814 12.349 8.826
1597 30.644 17.873 29.738
1598 30.216 16.079 35.395
1599 17.939 2.407 10.852
1600 18.921 18.444 37.304
1601 19.043 16.971 29.664
1602 29.129 38.904 13.086
1603 10.792 15.239 25.084
1604 14.428 23.096 17.419
1605 19.102 38.6 28.664
1606 31.412 35.167 4.483
1607 8.102 15.894 29.229
1608 32.503 34.594 33.417
1609 24.183 2.731 3.6
1610 14.973 3.367 5.958
1611 28.327 1.428 6.02
1612 34.897 1.308 11.121
1613 15.988 19.776 24.791
1614 33.229 38.879 18.259
1615 33.395 13.301 10.893
1616 11.954 7.177 26.179
1617 21.455 38.671 20.319
1618 11.935 21.088 2.161
1619 25.777 2.563 16.118
1620 7.462 5.165 24.628
1621 36.327 25.615 10.551
1622 32.915 11.73 24.609
1623 9.053 22.928 26.454
1624 7.946 2.161 37.799
1625 10.701 33.535 4.013
1626 35.651 30.519 20.764
1627 22.301 21.163 32.294
1628 18.966 14.091 12.438
1629 14.693 13.586 8.64
1630 17.648 32.188 22.25
1631 21.103 14.783 29.689
1632 19.287 26.555 29.995
1633 27.609 13.044 24.48
1634 27.525 16.502 6.819
1635 25.483 6.45 30.676
1636 33.365 11.181 15.623
1637 9.512 25.728 3.417
1638 15.695 30.771 6.87
1639 15.818 3.639 8.272
1640 17.004 25.227 22.581
1641 34.711 14.132 20.862
1642 11.257 23.594 25.956
1643 14.395 14.762 1.722
1644 22.695 28.819 39.274
1645 22.742 36.875 18.371
1646 12.937 21.439 26.351
1647 12.616 1.633 10.803
1648 14.488 29.437 30.077
1649 19.819 14.157 26.129
1650 25.84 10.901 28.813
1651 9.187 15.893 36.118
1652 10.382 27.752 3.44
1653 13.076 0.812 36.622
1654 18.488 9.052 33.598
1655 23.515 18.933 4.119
1656 34.219 26.134 34.269
1657 36.691 37.13 12.651
1658 32.351 38.451 9.26
1659 28.387 4.271 36.933
1660 8.467 25.592 19.927
1661 23.289 19.271 3.698
1662 17.346 34.564 11.184
1663 15.071 9.481 24.98
1664 30.052 29.781 15.299
1665 26.309 19.015 18.055
1666 27.16 19.08 11.456
1667 32.236 4.177 5.774
1668 33.226 26.948 19.114
1669 28.196 28.268 21.142
1670 13.645 2.256 12.443
1671 15.691 25.405 9.26
1672 34.205 11.154 31.067
1673 14.519 2.612 5.566
1674 20.855 36.87 2.98
1675 9.622 10.258 2.121
1676 9.8 13.796 21.571
1677 25.52 16.152 28.666
1678 11.226 30.633 35.058
1679 23.636 34.454 7.052
1680 29.623 35.766 34.656
1681 32.129 7.772 8.314
1682 27.752 17.497 34.155
1683 12.475 16.323 27.954
1684 17.108 33.278 31.542
1685 19.902 18.593 30.337
1686 21.28 18.938 12.204
1687 8.736 22.632 32.62
1688 27.606 5.453 32.341
1689 25.328 39.118 21.398
1690 19.436 2.353 19.762
1691 29.15 18.739 3.059
1692 26.792 22.181 3.945
1693 7.989 31.128 38.119
1694 18.67 3.746 30.885
1695 23.106 8.163 34.244
1696 21.366 17.97 19.188
1697 22.36 5.743 11.652
1698 17.233 10.906 2.051
1699 12.842 11.506 1.757
1700 9.326 32.862 15.158
1701 23.817 26.67 13.144
1702 33.06 25.983 12.978
1703 8.581 19.406 8.975
1704 19.753 19.633 29.336
1705 10.442 9.146 25.44
1706 22.797 18.238 20.342
1707 12.93 20.674 10.026
1708 28.063 11.831 20.733
1709 35.771 34.246 11.066
1710 13.455 2.249 8.834
1711 23.959 29.503 34.413
1712 7.771 15.9 30.694
1713 36.552 0.552 2.883
1714 8.24 4.645 7.702
1715 26.991 18.935 4.258
1716 23.475 33.403 1.698
1717 23.113 29.614 2.459
1718 14.691 5.205 35.938
1719 22.936 11.896 27.143
1720 7.448 38.165 39.305
1721 24.434 6.628 27.747
1722 22.237 7.106 28.103
1723 16.932 11.279 32.072
1724 36.064 14.437 1.897
1725 30.487 32.182 36.903
1726 21.086 8.832 2.097
1727 9.731 19.531 38.809
1728 25.713 22.446 18.283
1729 33.72 12.019 13.442
1730 22.868 27.14 23.552
1731 26.215 2.422 28.778
1732 23.948 13.88 34.947
1733 10.298 12.123 9.078
1734 18.769 12.362 39.174
1735 31.961 29.297 1.569
1736 31.444 6.01 26.506
1737 23.335 18.696 1.503
1738 16.107 28.717 19.539
1739 20.216 33.421 27.439
1740 23.16 36.096 8.303
1741 31.216 33.721 20.349
1742 29.583 27.699 33.162
1743 19.588 9.225 9.527
1744 12.326 20.574 14.456
1745 15.602 2.543 33.783
1746 36.06 25.171 7.869
1747 23.728 24.438 16.196
1748 35.637 27.821 32.145
1749 16.017 28.011 0.287
1750 17.426 28.321 15.816
1751 12.047 9.915 13.633
1752 28.661 34.898 25.318
1753 8.75 32.218 16.478
1754 27.033 34.622 36.567
1755 15.212 28.962 34.984
1756 24.44 37.245 32.966
1757 22.499 20.089 37.108
1758 12.062 31.628 25.845
1759 26.76 23.787 26.436
1760 11.877 9.034 20.754
1761 25.929 0.703 9.501
1762 36.851 34.445 23.935
1763 19.776 25.626 14.597
1764 22.73 28.065 14.032
1765 15.796 3.866 4.149
1766 19.241 7.372 2.67
1767 17.839 10.037 16.59
1768 33.978 0.25 15.878
1769 20.49 20.555 4.324
1770 29.874 29.493 29.738
1771 8.615 20.185 30.687
1772 18.399 3.364 6.321
1773 30.713 2.891 32.287
1774 17.928 3.74 12.125
1775 22.425 25.037 36.53
1776 12.122 8.881 2.054
1777 35.821 28.535 13.244
1778 25.018 9.947 6.543
1779 26.299 30.144 21.755
1780 25.062 15.026 39.085
1781 28.905 26.933 29.59
1782 10.681 29.334 37.973
1783 24.422 1.436 0.25
1784 9.029 39.298 33.082
1785 17.773 38.561 20.216
1786 25.564 15.427 28.58
1787 33.33 14.07 6.173
1788 18.159 23.907 39.044
1789 26.305 20.859 24.293
1790 24.852 21.92 25.113
1791 31.361 22.975 6.341
1792 33.018 8.192 9.781
1793 11.478 26.959 35.387
1794 24.504 6.156 37.317
1795 24.478 30.252 26.084
1796 20.087 38.58 10.361
1797 12.005 32.072 6.646
1798 11.232 2.957 13.35
1799 24.342 8.16 26.801
1800 14.86 5.332 2.853
1801 32.834 31.504 8.855
1802 21.847 28.023 24.424
1803 16.27 37.745 13.366
1804 23.088 2.785 23.965
1805 23.096 28.352 7.469
1806 20.232 12.014 30.453
1807 37.067 15.855 39.688
1808 20.244 39.317 2.586
1809 26.254 8.647 38.424
1810 32.682 25.828 4.772
1811 29.329 29.32 38.625
1812 35.932 35.951 9.246
1813 32.064 21.288 9.157
1814 30.79 3.164 11.226
1815 10.144 37.743 18.188
1816 18.203 14.244 33.425
1817 31.531 22.042 38.142
1818 17.598 33.37 12.344
1819 21.557 26.878 2.656
1820 34.298 19.733 12.569
1821 33.383 33.832 6.314
1822 12.645 19.674 2.164
1823 28.538 35.368 7.997
1824 18.311 29.98 1.802
1825 15.559 24.357 21.437
1826 12.562 17.659 5.519
1827 13.82 37.356 20.664
1828 13.37 16.26 26.307
1829 7.668 14.728 16.925
1830 10.405 19.117 14.461
1831 28.251 18.87 11.516
1832 14.033 33.859 28.575
1833 30.903 28.886 39.241
1834 32.919 10.147 4.432
1835 29.82 38.669 32.07
1836 28.24 13.119 25.525
1837 21.082 22.093 16.779
1838 26.619 1.172 20.166
1839 30.45 22.521 7.278
1840 16.821 24.794 8.895
1841 28.28 4.754 19.863
1842 29.707 9.122 26.356
1843 23.112 35.102 21.163
1844 8.946 29.937 32.817
1845 36.398 13.779 2.883
1846 10.353 26.252 16.989
1847 28.291 32.383 27.235
1848 9.349 11.265 11.636
1849 22.577 27.788 2.676
1850 35.664 2.404 0.475
1851 18.296 11.136 37.74
1852 18.78 35.906 23.431
1853 15.359 33.056 14.416
1854 31.678 35.945 4.547
1855 27.852 4.186 12.251
1856 34.835 31.573 25.086
1857 16.961 23.171 0.413
1858 36.35 0.561 37.213
1859 20.446 15.148 25.123
1860 28.478 28.05 38.043
1861 21.304 33.046 34.847
1862 14.432 23.261 19.898
1863 10.84 26.991 24.223
1864 23.339 0.531 17.63
1865 10.839 6.584 28.255
1866 30.173 33.241 2.82
1867 21.009 0.211 38.552
1868 30.763 26.693 37.832
1869 30.217 25.752 27.02
1870 11.447 3.329 34.427
1871 36.932 32.174 1.552
1872 9.683 35.173 33.662
1873 21.821 25.264 22.066
1874 21.363 6.681 3.842
1875 23.491 27.419 22.895
1876 29.299 23.565 14.02
1877 17.977 5.439 4.976
1878 19.107 37.803 0.24
1879 14.324 0.683 35.896
1880 12.383 8.161 6.97
1881 21.606 13.91 19.092
1882 22.84 33.364 34.919
1883 16.018 24.924 18.995
1884 13.277 18.5 17.711
1885 35.144 15.016 12.618
1886 7.994 5.65 31.096
1887 26.7 25.75 3.278
1888 36.744 7.375 29.353
1889 15.224 39.17 35.582
1890 7.584 2.049 32.798
1891 20.836 11.863 8.018
1892 24.86 7.3 19.681
1893 28.783 22.556 37.805
1894 8.066 0.554 28.711
1895 33.461 30.481 20.043
1896 9.768 20.81 39.73
1897 32.349 2.193 31.92
1898 24.89 4.063 1.067
1899 36.435 8.042 37.072
1900 27.27 13.537 27.221
1901 32.574 31.316 3.44
1902 16.338 38.267 25.514
1903 25.368 25.792 2.556
1904 14.819 18.123 0.451
1905 18.286 38.732 25.105
1906 25.047 2.943 34.526
1907 19.371 1.47 26.865
1908 30.09 36.423 29.118
1909 27.735 5.901 35.904
1910 29.686 5.463 25.471
1911 10.189 35.706 34.958
1912 15.277 23.798 28.467
1913 26.333 19.474 39.772
1914 7.99 29.529 27.865
1915 30.681 38.632 22.023
1916 33.658 37.822 3.177
1917 24.756 20.652 9.138
1918 13.15 17.614 29.027
1919 37.022 25.721 19.701
1920 14.665 11.419 34.093
1921 24.73 2.951 4.992
1922 17.696 26.145 12.152
1923 33.689 14.179 16.369
1924 13.401 38.939 1.21
1925 25.939 31.591 4.4
1926 27.173 30.769 34.465
1927 9.392 12.364 3.36
1928 33.597 17.173 18.99
1929 13.241 36.019 7.003
1930 17.653 8.566 14.157
1931 22.658 13.228 14.242
1932 22.978 5.264 15.405
1933 27.39 16.343 39.459
1934 26.506 0.407 12.276
1935 28.251 0.337 30.27
1936 11.586 14.708 25.858
1937 18.861 20.565 7.327
1938 35.356 4.394 29.064
1939 7.77 29.422 8.654
1940 28.951 8.204 30.099
1941 34.352 7.929 30.702
1942 25.891 36.472 35.055
1943 11.986 26.848 26.108
1944 20.322 19.238 5.907
1945 20.245 32.811 8.828
1946 21.434 3.337 18.81
1947 18.889 30.756 13.63
1948 19.361 20.664 30.499
1949 27.939 5.64 11.809
1950 28.066 1.234 37.206
1951 28.76 29.495 2.106
1952 30.515 28.5 16.199
1953 13.711 37.07 3.577
1954 24.026 21.034 34.032
1955 22.935 38.513 3.893
1956 29.866 33.217 10.307
1957 8.447 4.974 37.365
1958 31.158 11.418 2.616
1959 24.934 1.744 5.952
1960 17.677 25.527 11.922
1961 35.963 10.34 20.023
1962 32.044 18.084 18.757
1963 34.793 29.378 31.147
1964 15.056 12.48 29.783
1965 22.753 4.246 37.774
1966 19.236 24.634 33.74
1967 23.65 32.365 0.864
1968 9.526 11.16 27.051
1969 33.187 12.276 0.559
1970 30.847 29.874 24.461
1971 20.785 11.365 11.361
1972 14.078 25.508 25.249
1973 14.643 15.419 29.512
1974 13.007 4.774 33.982
1975 19.269 2.275 14.915
1976 31.862 10.466 12.188
1977 27.929 0.465 26.925
1978 17.158 13.786 33.073
1979 21.767 38.586 22.781
1980 17.894 23.632 15.996
1981 14.892 5.506 1.665
1982 9.172 8.961 15.99
1983 31.755 24.626 17.178
1984 30.912 35.082 27.713
1985 33.385 16.719 37.314
1986 36.122 20.431 25.189
1987 17.447 8.005 23.575
1988 13.36 29.622 25.901
1989 32.48 28.551 9.771
1990 10.074 29.228 10.615
1991 7.672 26.453 17.449
1992 33.32 34.208 36.591
1993 31.573 35.261 8.458
1994 16.173 6.605 0.299
1995 9.437 20.936 30.034
1996 34.081 6.836 23.847
1997 13.657 19.357 4.198
1998 27.731 35.664 5.423
1999 22.989 33.01 15.064
2000 9.139 31.111 13.224
2001 12.731 14.402 12.61
2002 8.19 3.076 39.438
2003 26.832 9.799 4.822
2004 29.009 14.956 19.718
2005 11.421 28.328 25.836
2006 32.134 4.92 13.423
2007 29.201 18.735 30.027
2008 32.056 30.711 8.994
2009 32.141 38.191 12.785
2010 16.73 14.225 4.293
2011 19.497 22.498 21.678
2012 14.827 13.683 31.979
2013 9.988 36.682 22.989
2014 28.493 3.197 38.744
2015 26.3 15.292 35.22
2016 17.281 26.029 20.182
2017 26.035 13.088 29.717
2018 24.98 32.856 0.491
2019 22.211 30.703 32.851
2020 30.085 7.405 35.383
2021 18.639 36.667 38.066
2022 14.47 23.825 7.293
2023 36.644 6.209 16.063
2024 35.216 35.083 22.638
2025 36.349 37.632 14.851
2026 13.871 38.521 29.554
2027 33.689 2.331 30.066
2028 32.904 0.478 7.08
2029 32.272 38.299 2.353
2030 27.927 10.59 27.594
2031 30.999 2.769 37.951
2032 26.959 31.624 24.005
2033 9.277 34.759 20.042
2034 33.155 16.361 23.171
2035 19.008 24.366 0.493
2036 10.376 25.837 10.701
2037 10.696 4.389 22.501
2038 14.225 27.097 28.588
2039 11.343 4.265 33.809
2040 18.852 24.448 33.328
2041 18.073 8.623 27.037
2042 7.764 17.59 39.009
2043 33.214 19.07 28.581
2044 11.794 39.216 35.399
2045 16.549 19.456 36.672
2046 14.8 9.844 1.987
2047 24.305 16.558 20.224
2048 32.965 11.091 2.5
2049 20.412 15.11 25.632
2050 34.815 3.062 33.507
2051 12.948 6.731 5.621
2052 10.577 7.743 34.826
2053 30.8 31.178 13.159
2054 13.607 39.45 11.423
2055 20.83 20.132 31.825
2056 34.627 25.293 38.096
2057 20.599 36.991 30.192
2058 29.836 25.685 34.201
2059 10.619 6.924 0.256
2060 31.723 10.206 9.883
2061 17.764 0.731 9.403
2062 18.766 10.614 39.479
2063 21.994 12.0 28.111
2064 18.398 39.416 9.084
2065 8.39 8.693 32.992
2066 16.86 27.357 21.126
2067 29.9 0.457 9.132
2068 19.469 28.627 17.031
2069 25.764 8.936 30.574
2070 34.964 1.479 12.918
2071 9.426 37.089 15.686
2072 16.924 11.335 31.976
2073 35.149 9.27 1.041
2074 27.792 3.318 32.826
2075 25.4 21.677 20.141
2076 35.343 2.069 21.217
2077 32.892 0.603 15.239
2078 33.986 13.162 20.352
2079 25.59 7.637 29.925
2080 16.074 36.335 16.827
2081 31.681 38.4 38.662
2082 32.361 22.739 30.721
2083 25.361 1.373 19.358
2084 37.187 35.362 4.217
2085 16.882 32.086 36.611
2086 21.32 32.53 8.388
2087 17.268 20.256 15.436
2088 17.313 36.929 37.457
2089 20.448 24.297 34.357
2090 31.861 38.268 7.373
2091 33.768 8.857 21.119
2092 13.697 38.151 20.328
2093 15.492 8.343 0.576
2094 26.61 27.271 7.701
2095 15.067 23.026 14.927
2096 12.013 31.937 28.472
2097 18.567 16.601 34.242
2098 10.817 10.798 31.782
2099 11.816 5.117 5.653
2100 20.59 29.372 16.762
2101 7.663 26.19 10.263
2102 19.064 29.933 1.998
2103 9.719 32.819 21.139
2104 23.993 4.471 6.353
2105 29.965 29.137 19.356
2106 12.848 26.301 29.932
2107 23.385 21.106 33.946
2108 11.548 7.367 24.296
2109 18.123 37.064 12.579
2110 16.487 25.327 27.576
2111 27.232 1.48 29.583
2112 33.072 0.34 19.178
2113 20.228 6.821 14.282
2114 21.58 10.804 8.63
2115 34.456 2.187 28.03
2116 25.473 0.26 18.237
2117 34.064 25.715 17.281
2118 23.819 8.724 19.607
2119 20.854 21.163 39.251
2120 9.223 20.51 22.37
2121 25.546 17.89 29.14
2122 23.236 13.725 22.091
2123 34.391 2.14 9.452
2124 12.206 34.267 20.049
2125 34.261 15.902 5.564
2126 7.509 7.564 18.317
2127 12.692 36.629 36.421
2128 15.75 17.517 17.48
2129 18.557 16.998 37.155
2130 31.988 30.214 12.332
2131 34.766 11.831 11.546
2132 21.484 13.063 16.427
2133 21.231 31.574 5.622
2134 9.651 27.68 0.254
2135 14.973 31.447 39.463
2136 30.12 29.31 32.286
2137 30.948 20.801 18.807
2138 34.213 29.387 29.794
2139 13.558 37.551 20.997
2140 12.258 8.83 4.741
2141 23.637 35.577 8.336
2142 30.829 7.432 22.257
2143 21.647 34.767 6.909
2144 22.637 9.825 16.237
2145 25.19 8.245 25.811
2146 18.05 27.672 19.896
2147 25.669 30.808 38.426
2148 9.021 37.854 24.942
2149 35.543 18.361 3.371
2150 23.551 32.945 12.555
2151 24.771 26.215 8.906
2152 27.077 5.863 24.005
2153 27.511 38.463 24.315
2154 12.913 32.181 24.243
2155 16.53 31.545 19.742
2156 17.043 14.571 4.774
2157 37.065 22.634 14.1
2158 10.365 19.082 34.942
2159 12.097 27.462 39.174
2160 12.764 2.103 30.184
2161 12.937 27.665 28.516
2162 27.86 14.307 32.668
2163 33.247 1.776 18.293
2164 31.384 12.866 19.083
2165 7.575 14.468 31.269
2166 36.261 21.832 18.24
2167 7.81 7.832 11.854
2168 19.451 4.323 11.139
2169 19.221 10.255 20.3
2170 37.025 3.585 7.065
2171 30.957 15.835 16.059
2172 35.12 27.224 27.107
2173 19.92 2.33 6.057
2174 23.151 39.76 34.493
2175 16.267 32.925 20.303
2176 9.022 11.083 9.828
2177 11.47 10.812 33.4
2178 16.753 35.061 4.115
2179 24.337 0.975 31.237
2180 30.347 16.048 26.489
2181 10.089 29.614 39.678
2182 13.944 8.168 36.68
2183 24.588 11.006 3.811
2184 30.327 2.699 7.718
2185 12.587 33.153 0.373
2186 15.723 9.599 22.75
2187 13.471 35.393 27.827
2188 25.036 8.827 19.488
2189 30.809 6.668 5.217
2190 11.166 33.071 38.415
2191 20.091 23.924 32.092
2192 18.097 21.371 31.055
2193 25.812 25.125 23.29
2194 8.191 20.28 20.626
2195 33.778 30.774 6.656
2196 35.268 21.806 27.609
2197 22.165 4.471 14.331
2198 36.873 29.362 31.154
2199 19.693 35.858 38.834
2200 27.299 19.371 27.317
2201 34.793 4.342 5.272
2202 24.333 36.183 37.57
2203 25.373 19.399 25.525
2204 32.835 3.19 23.581
2205 14.729 29.809 36.816
2206 28.089 37.154 33.331
2207 15.343 38.717 13.968
2208 19.742 39.104 26.554
2209 29.503 21.083 35.012
2210 13.476 17.616 4.194
2211 24.007 4.647 2.434
2212 35.766 38.439 8.544
2213 11.763 8.388 38.69
2214 27.163 15.993 24.021
2215 30.658 24.712 15.82
2216 13.091 30.17 15.308
2217 32.437 32.863 16.386
2218 17.685 8.63 5.736
2219 8.777 31.533 13.887
2220 16.829 15.25 26.976
2221 17.92 26.405 34.811
2222 34.36 28.587 15.324
2223 20.416 32.576 1.741
2224 24.646 30.318 1.591
2225 33.046 34.161 6.703
2226 26.567 5.799 16.84
2227 20.543 7.376 10.605
2228 36.97 18.786 16.639
2229 10.332 27.288 35.867
2230 35.294 21.561 8.787
2231 12.317 8.704 33.072
2232 26.833 9.117 29.316
2233 30.88 27.971 22.703
2234 10.071 27.461 36.048
2235 22.634 33.428 6.122
2236 10.536 17.249 21.228
2237 14.535 38.646 29.637
2238 31.871 33.496 25.996
2239 35.12 28.502 4.376
2240 15.787 4.543 5.97
2241 32.763 23.498 37.882
2242 24.192 0.568 27.928
2243 16.783 31.22 17.894
2244 12.464 11.616 39.551
2245 28.159 5.701 5.373
2246 8.825 2.439 35.904
2247 34.504 10.024 17.818
2248 29.816 6.081 18.803
2249 12.903 4.301 39.642
2250 22.119 15.686 29.795
2251 19.543 25.846 20.05
2252 14.63 29.346 2.539
2253 22.967 36.101 28.288
2254 14.141 12.414 36.014
2255 18.747 25.443 30.006
2256 24.602 19.768 30.718
2257 26.019 7.828 22.403
2258 23.625 18.058 12.755
2259 28.99 35.213 1.021
2260 28.105 30.462 35.102
2261 37.139 39.748 34.022
2262 19.199 22.3 7.791
2263 34.416 39.786 23.419
2264 12.878 12.003 29.865
2265 28.253 36.968 18.254
2266 9.846 31.938 35.229
2267 17.312 32.026 0.59
2268 26.343 7.556 35.028
2269 30.536 3.555 5.123
2270 33.735 28.002 34.566
2271 15.102 28.812 24.822
2272 10.748 15.728 13.077
2273 9.427 34.86 11.396
2274 26.015 34.574 33.818
2275 20.438 12.278 7.955
2276 20.702 24.632 7.612
2277 31.448 7.472 17.678
2278 29.332 20.08 31.012
2279 26.579 26.025 31.521
2280 24.367 34.687 17.375
2281 11.222 28.5 25.194
2282 34.75 32.032 36.69
2283 27.827 31.372 9.937
2284 32.629 24.328 3.348
2285 34.311 4.767 36.533
2286 37.11 4.57 11.657
2287 36.265 15.498 2.271
2288 36.295 26.347 10.764
2289 28.031 6.577 14.442
2290 33.39 13.503 25.796
2291 23.769 18.935 31.578
2292 34.8 7.444 23.606
2293 9.42 18.64 19.0
2294 24.582 38.574 4.489
2295 37.161 33.058 36.201
2296 30.796 19.42 17.57
2297 23.517 29.614 3.46
2298 14.26 28.868 16.894
2299 32.02 22.577 31.06
2300 25.185 3.697 12.423
2301 20.188 35.445 31.97
2302 20.88 6.46 12.981
2303 8.5 30.783 29.203
2304 17.325 21.052 35.532
2305 8.371 24.918 9.37
2306 25.474 28.11 31.665
2307 17.218 8.092 14.804
2308 18.4 8.281 37.689
2309 21.833 27.378 2.13
2310 8.259 14.607 27.741
2311 31.168 21.532 1.946
2312 16.002 21.981 7.056
2313 20.744 1.539 27.531
2314 18.211 31.966 12.359
2315 16.186 34.66 12.88
2316 14.54 28.126 19.466
2317 19.41 28.054 7.778
2318 19.811 0.987 2.551
2319 11.664 18.306 16.382
2320 17.13 2.593 22.38
2321 27.895 0.295 14.427
2322 12.894 31.578 33.275
2323 26.104 15.643 6.262
2324 10.866 9.787 12.629
2325 9.453 26.229 29.611
2326 12.885 36.373 8.811
2327 28.729 21.235 34.834
2328 13.047 1.81 6.358
2329 19.742 25.111 4.99
2330 22.529 9.197 1.123
2331 28.491 35.421 31.219
2332 11.241 16.78 25.874
2333 17.635 37.203 15.858
2334 32.592 2.14 3.567
2335 16.392 37.367 29.565
2336 34.148 12.547 4.415
2337 14.459 26.83 19.125
2338 10.747 2.542 14.451
2339 26.745 6.898 26.055
2340 28.678 32.926 21.77
2341 35.531 22.171 28.464
2342 11.613 12.385 6.438
2343 21.497 10.691 5.303
2344 35.031 1.071 13.342
2345 31.749 20.524 13.048
2346 31.208 12.282 28.065
2347 14.159 18.435 15.858
2348 23.46 34.499 10.22
2349 30.908 16.85 18.407
2350 15.008 8.793 37.173
2351 35.237 13.539 13.857
2352 10.549 17.639 1.702
2353 36.523 19.459 14.969
2354 8.058 28.888 33.347
2355 14.305 38.17 6.267
2356 33.285 12.029 28.594
2357 23.213 13.26 11.981
2358 28.919 20.806 28.31
2359 29.471 7.767 17.784
2360 20.754 17.836 8.26
2361 30.232 36.987 14.59
2362 33.497 27.484 26.881
2363 31.325 9.565 5.279
2364 11.418 20.606 24.628
2365 8.011 36.362 9.621
2366 29.364 18.264 16.804
2367 23.096 19.478 8.215
2368 17.074 2.093 20.217
2369 23.079 28.401 12.966
2370 29.363 12.505 23.315
2371 36.138 26.16 29.652
2372 16.38 32.689 33.221
2373 15.811 26.538 19.176
2374 11.227 14.164 14.64
2375 31.991 16.01 4.237
2376 15.193 33.563 27.699
2377 15.197 39.572 16.861
2378 33.972 20.697 39.373
2379 34.723 5.714 1.866
2380 9.436 4.583 20.744
2381 8.573 16.85 6.951
2382 19.085 16.756 6.38
2383 21.617 18.746 18.512
2384 10.116 18.084 38.129
2385 13.414 15.543 36.569
2386 20.034 9.297 25.83
2387 27.445 38.976 31.561
2388 9.604 6.824 15.869
2389 20.264 9.32 29.605
2390 29.358 36.332 15.512
2391 27.801 16.544 10.018
2392 11.522 7.954 27.043
2393 18.277 14.826 8.514
2394 36.813 29.666 19.948
2395 7.818 34.51 14.933
2396 29.956 39.651 22.125
2397 11.386 18.263 37.232
2398 19.86 27.737 18.737
2399 8.669 11.047 30.603
2400 10.046 32.347 12.224
