location capacity Xf Yf
1 5.58 9.815 37.462
2 5.58 15.478 2.759
3 1.86 30.882 8.366
4 9.3 16.26 38.096
5 7.44 20.196 0.909
6 7.44 35.593 32.023
7 5.58 39.678 16.521
8 7.44 16.249 38.638
9 5.58 30.203 30.629
10 3.72 8.207 13.318
11 1.86 5.898 13.084
12 7.44 0.998 31.094
13 5.58 36.838 20.816
14 1.86 27.667 38.347
15 3.72 22.406 30.691
16 5.58 32.334 3.958
17 1.86 36.916 12.219
18 5.58 23.067 23.343
19 3.72 24.328 26.819
20 1.86 31.426 7.64
21 1.86 15.025 24.86
22 3.72 22.57 10.99
23 5.58 22.295 23.211
24 3.72 17.04 26.922
25 1.86 14.645 38.023
26 5.58 8.572 15.897
27 1.86 26.356 36.601
28 9.3 11.64 12.566
29 9.3 2.719 28.174
30 9.3 16.395 26.174
31 7.44 14.268 31.507
32 9.3 20.94 22.478
33 9.3 0.907 11.477
34 7.44 32.556 20.123
35 5.58 23.08 32.857
36 3.72 13.411 34.855
37 7.44 15.04 2.56
38 9.3 34.935 24.464
39 5.58 26.48 25.471
40 5.58 9.449 18.155
41 9.3 10.027 12.413
42 1.86 36.041 6.976
43 7.44 35.685 31.263
44 3.72 23.865 25.403
45 7.44 26.022 12.729
46 1.86 11.989 9.597
47 3.72 9.089 2.057
48 1.86 11.81 28.135
49 7.44 9.683 24.698
50 3.72 36.253 1.109
51 5.58 20.568 22.324
52 1.86 22.562 38.258
53 5.58 3.97 25.928
54 5.58 27.648 22.722
55 1.86 24.779 35.248
56 5.58 8.462 16.487
57 9.3 14.932 3.811
58 3.72 37.058 31.456
59 1.86 12.644 18.264
60 9.3 39.477 2.54
61 1.86 39.341 25.602
62 9.3 3.593 11.472
63 7.44 9.483 24.305
64 9.3 5.119 6.21
65 3.72 16.775 15.114
66 7.44 28.792 36.314
67 3.72 14.07 11.862
68 5.58 23.94 5.067
69 7.44 3.967 27.216
70 9.3 31.429 0.641
71 9.3 14.812 34.695
72 7.44 24.788 22.946
73 1.86 16.127 6.924
74 5.58 29.052 15.265
75 3.72 6.649 3.276
76 1.86 8.547 39.36
77 7.44 32.574 32.446
78 9.3 4.975 11.625
79 3.72 30.703 12.271
80 1.86 26.005 24.194
81 3.72 23.595 14.571
82 5.58 12.774 36.605
83 5.58 35.774 18.831
84 3.72 31.845 32.789
85 1.86 20.324 9.925
86 7.44 6.998 5.722
87 3.72 22.822 23.001
88 1.86 9.477 0.86
89 1.86 31.258 20.518
90 9.3 31.488 18.948
91 3.72 21.963 7.005
92 5.58 36.763 8.19
93 3.72 28.776 7.815
94 9.3 34.383 16.432
95 9.3 6.495 19.872
96 5.58 35.943 34.228
97 9.3 34.378 10.477
98 3.72 12.144 32.093
99 7.44 13.049 21.713
100 1.86 27.54 22.098
101 3.72 14.33 9.484
102 5.58 14.426 24.861
103 7.44 24.84 20.824
104 7.44 20.304 0.397
105 5.58 9.637 20.919
106 7.44 6.845 8.278
107 1.86 14.236 29.293
108 5.58 29.915 4.203
109 7.44 37.797 16.145
110 1.86 13.647 5.481
111 5.58 36.083 9.567
112 7.44 25.488 8.604
113 9.3 38.877 12.961
114 1.86 25.1 15.239
115 3.72 23.769 0.481
116 1.86 38.629 22.637
117 9.3 25.017 28.544
118 7.44 21.045 33.472
119 7.44 28.86 29.285
120 3.72 6.522 22.014
121 7.44 24.422 25.425
122 5.58 30.739 0.57
123 1.86 34.671 32.03
124 7.44 7.416 3.676
125 5.58 21.39 20.85
126 5.58 15.045 34.284
127 3.72 31.039 2.65
128 5.58 30.439 20.014
129 1.86 25.154 10.237
130 3.72 3.76 21.198
131 7.44 29.92 38.562
132 9.3 39.565 23.394
133 3.72 13.744 11.388
134 7.44 16.405 36.94
135 1.86 16.715 4.969
136 3.72 36.782 11.025
137 3.72 10.46 18.529
138 7.44 29.559 26.618
139 5.58 35.624 19.648
140 9.3 20.844 14.63
141 7.44 37.583 32.872
142 3.72 28.245 23.714
143 5.58 27.048 4.745
144 1.86 37.073 32.859
145 7.44 27.12 26.978
146 5.58 36.306 1.812
147 3.72 11.128 3.489
148 5.58 30.915 34.971
149 5.58 16.358 17.049
150 1.86 24.854 30.592
151 7.44 4.582 37.015
152 7.44 11.37 24.954
153 3.72 16.303 15.091
154 3.72 5.612 26.166
155 3.72 19.675 35.576
156 1.86 22.968 38.786
157 9.3 6.478 36.924
158 1.86 25.499 23.262
159 7.44 12.378 0.387
160 9.3 10.499 21.4
161 5.58 24.534 2.199
162 7.44 2.727 7.609
163 7.44 22.302 10.536
164 3.72 30.719 35.511
165 1.86 32.743 5.562
166 9.3 18.66 32.242
167 9.3 26.514 16.77
168 1.86 31.8 38.222
169 1.86 30.756 35.238
170 5.58 19.907 16.93
171 3.72 36.25 1.346
172 5.58 9.384 38.473
173 7.44 31.21 9.667
174 3.72 10.546 23.446
175 7.44 24.267 35.939
176 3.72 19.799 8.633
177 7.44 1.058 23.439
178 1.86 19.227 33.603
179 3.72 7.404 39.24
180 5.58 28.457 20.771
181 3.72 28.644 3.011
182 9.3 20.446 23.281
183 5.58 22.027 8.502
184 9.3 10.192 13.385
185 3.72 15.503 1.669
186 9.3 22.426 18.668
187 9.3 9.628 20.386
188 5.58 32.61 8.934
189 3.72 21.847 29.756
190 3.72 22.4 29.628
191 5.58 3.564 27.184
192 9.3 9.744 21.934
193 7.44 14.347 15.633
194 3.72 28.054 20.287
195 1.86 37.349 9.5
196 9.3 12.334 30.508
197 1.86 25.772 18.253
198 9.3 21.694 13.123
199 3.72 36.44 24.944
200 1.86 0.383 7.959
201 3.72 13.237 6.175
202 7.44 26.664 31.551
203 9.3 37.057 30.114
204 1.86 28.892 34.558
205 3.72 4.037 34.937
206 5.58 21.957 28.072
207 1.86 15.304 24.556
208 3.72 36.549 22.607
209 7.44 25.69 36.206
210 9.3 12.981 37.387
211 1.86 24.602 24.957
212 9.3 0.831 25.557
213 3.72 38.594 13.749
214 1.86 28.19 33.605
215 7.44 33.865 9.542
216 5.58 28.211 3.707
217 9.3 26.243 17.723
218 5.58 12.99 33.301
219 9.3 8.724 10.812
220 3.72 6.59 22.241
221 5.58 39.644 22.8
222 9.3 2.849 26.041
223 3.72 15.522 20.921
224 9.3 14.822 38.135
225 1.86 37.413 37.663
226 3.72 10.379 16.364
227 9.3 26.431 5.344
228 9.3 10.858 7.511
229 5.58 32.326 7.438
230 9.3 1.681 14.596
231 5.58 38.136 6.949
232 9.3 34.688 18.95
233 9.3 19.496 9.894
234 7.44 4.11 3.897
235 9.3 16.357 4.469
236 9.3 5.36 33.608
237 7.44 38.442 27.264
238 7.44 10.717 21.003
239 1.86 25.642 35.589
240 1.86 18.543 33.074
241 1.86 11.953 18.38
242 3.72 20.324 12.443
243 3.72 35.566 31.099
244 1.86 24.168 1.904
245 3.72 20.921 30.468
246 3.72 5.798 14.992
247 9.3 10.628 22.228
248 9.3 14.164 25.652
249 3.72 18.13 27.279
250 1.86 22.358 15.135
251 5.58 6.572 38.526
252 7.44 38.549 28.759
253 9.3 12.304 27.754
254 3.72 32.833 4.459
255 5.58 26.924 18.593
256 9.3 8.898 27.118
257 1.86 13.374 39.51
258 1.86 20.397 20.848
259 3.72 12.761 18.758
260 5.58 30.515 10.939
261 1.86 30.962 38.567
262 9.3 30.623 22.322
263 5.58 39.583 17.699
264 9.3 10.274 24.92
265 3.72 19.864 0.645
266 1.86 24.914 15.501
267 3.72 6.53 17.932
268 3.72 19.531 18.736
269 9.3 13.311 24.252
270 1.86 22.931 18.26
271 1.86 13.162 15.947
272 5.58 29.361 22.903
273 7.44 29.58 3.976
274 3.72 23.069 26.523
275 5.58 7.164 30.788
276 3.72 7.682 1.752
277 3.72 13.768 11.178
278 1.86 20.057 1.894
279 7.44 31.303 20.628
280 3.72 26.564 7.934
281 1.86 20.145 34.672
282 3.72 23.535 34.672
283 3.72 12.712 20.221
284 3.72 4.116 21.293
285 7.44 28.686 23.832
286 7.44 26.646 29.638
287 5.58 5.107 25.869
288 7.44 34.742 39.79
289 5.58 6.476 37.998
290 9.3 6.507 11.029
291 9.3 24.079 38.159
292 9.3 32.453 24.71
293 9.3 32.526 36.219
294 1.86 14.706 8.663
295 7.44 2.244 39.613
296 5.58 34.881 26.941
297 3.72 26.08 30.246
298 9.3 6.925 0.262
299 3.72 5.717 27.944
300 7.44 36.134 26.074
301 3.72 25.031 30.487
302 3.72 19.242 9.524
303 3.72 18.179 15.951
304 3.72 9.057 22.438
305 5.58 17.761 16.306
306 5.58 3.384 39.032
307 3.72 18.702 18.55
308 1.86 18.558 7.066
309 3.72 0.985 15.957
310 7.44 9.752 20.451
311 7.44 27.504 2.738
312 1.86 13.281 34.066
313 7.44 35.689 14.951
314 5.58 31.054 8.002
315 7.44 24.245 32.849
316 9.3 14.275 3.179
317 7.44 2.485 10.513
318 3.72 9.599 28.8
319 1.86 28.001 10.474
320 9.3 39.273 4.778
321 1.86 36.351 7.274
322 3.72 7.661 33.779
323 9.3 33.023 6.155
324 9.3 3.36 33.8
325 5.58 33.033 23.8
326 5.58 2.031 37.456
327 3.72 16.097 20.653
328 3.72 23.761 6.788
329 9.3 31.412 20.095
330 7.44 30.388 34.251
331 3.72 31.144 4.48
332 7.44 3.845 12.288
333 5.58 34.66 17.857
334 3.72 4.342 33.356
335 3.72 5.875 23.1
336 1.86 29.322 28.11
337 9.3 23.341 33.374
338 9.3 8.465 4.51
339 3.72 32.585 0.804
340 7.44 21.45 36.437
341 5.58 6.649 34.955
342 1.86 22.596 7.107
343 1.86 14.323 19.548
344 5.58 23.27 17.099
345 1.86 3.453 6.402
346 1.86 26.906 24.743
347 9.3 16.225 17.882
348 5.58 12.683 21.353
349 1.86 1.971 20.526
350 1.86 37.611 11.573
351 3.72 37.76 36.212
352 7.44 4.55 4.121
353 5.58 39.273 6.709
354 1.86 27.159 2.792
355 5.58 20.476 23.87
356 3.72 4.501 9.461
357 9.3 23.615 5.394
358 1.86 26.913 38.356
359 9.3 3.34 4.685
360 3.72 8.879 28.446
361 3.72 35.809 2.464
362 9.3 27.888 14.527
363 5.58 14.043 22.166
364 3.72 3.273 11.552
365 1.86 27.906 4.8
366 7.44 28.799 36.331
367 5.58 36.362 21.223
368 9.3 20.419 11.931
369 9.3 15.906 21.5
370 5.58 3.372 5.381
371 3.72 2.125 15.644
372 7.44 31.393 38.719
373 3.72 0.474 14.829
374 9.3 20.812 24.508
375 5.58 6.062 7.768
376 3.72 6.332 6.889
377 3.72 15.771 0.471
378 5.58 25.887 11.519
379 5.58 27.134 7.495
380 7.44 31.374 2.029
381 5.58 4.57 14.531
382 1.86 28.065 9.466
383 9.3 29.93 6.223
384 9.3 1.941 21.163
385 7.44 11.614 30.21
386 7.44 38.583 30.467
387 7.44 24.961 12.798
388 5.58 24.258 11.831
389 3.72 3.272 35.295
390 7.44 16.939 19.389
391 7.44 14.262 39.312
392 1.86 20.859 7.322
393 7.44 5.044 36.863
394 3.72 1.177 4.464
395 3.72 1.058 4.352
396 3.72 37.924 19.302
397 7.44 28.599 12.566
398 9.3 30.881 8.312
399 5.58 26.639 35.252
400 3.72 31.167 32.567
401 5.58 39.152 10.873
402 5.58 36.61 11.668
403 1.86 37.485 24.179
404 1.86 0.766 38.046
405 7.44 29.574 25.574
406 1.86 24.656 32.46
407 1.86 4.84 0.292
408 1.86 7.244 7.046
409 7.44 13.453 15.423
410 9.3 13.987 19.11
411 1.86 36.405 33.054
412 9.3 7.873 11.437
413 3.72 11.841 30.126
414 9.3 23.475 38.13
415 9.3 21.197 15.968
416 1.86 13.386 28.529
417 5.58 4.733 34.486
418 1.86 18.795 5.358
419 5.58 28.667 36.553
420 5.58 24.748 21.594
421 9.3 19.855 25.248
422 5.58 34.401 15.726
423 1.86 4.043 7.069
424 5.58 12.259 11.412
425 1.86 21.555 13.907
426 9.3 27.647 26.985
427 7.44 3.608 38.535
428 5.58 29.229 9.718
429 7.44 11.89 24.688
430 7.44 21.96 27.057
431 1.86 30.779 17.353
432 7.44 5.15 32.468
433 9.3 16.358 30.383
434 9.3 26.384 39.705
435 5.58 37.809 26.742
436 9.3 4.41 17.982
437 5.58 34.997 7.684
438 1.86 32.316 12.54
439 5.58 17.85 6.664
440 3.72 37.251 31.749
441 5.58 38.549 19.013
442 9.3 4.608 22.029
443 7.44 20.713 18.165
444 7.44 4.655 29.381
445 7.44 10.444 19.783
446 3.72 6.937 9.269
447 7.44 19.538 35.63
448 1.86 12.808 35.6
449 3.72 12.898 20.859
450 3.72 13.564 6.181
451 9.3 33.57 17.853
452 1.86 18.936 19.022
453 5.58 1.318 16.849
454 1.86 3.741 8.251
455 1.86 7.631 7.94
456 7.44 19.599 22.341
457 5.58 26.979 29.789
458 7.44 4.184 8.894
459 7.44 29.825 19.07
460 1.86 21.776 3.425
461 5.58 36.184 5.585
462 9.3 4.799 19.895
463 7.44 37.204 24.586
464 1.86 28.192 22.393
465 3.72 19.578 0.247
466 7.44 14.817 34.091
467 7.44 22.84 6.577
468 5.58 20.149 6.231
469 1.86 8.087 3.501
470 5.58 21.687 8.494
471 7.44 10.251 17.413
472 7.44 7.771 15.897
473 1.86 23.246 8.86
474 5.58 7.121 33.042
475 9.3 29.006 32.928
476 9.3 20.222 33.736
477 3.72 11.83 16.504
478 9.3 1.159 3.113
479 5.58 34.137 37.556
480 9.3 22.425 23.504
481 7.44 17.749 26.093
482 9.3 21.305 38.73
483 7.44 10.328 17.398
484 3.72 35.927 34.947
485 7.44 4.317 15.64
486 9.3 30.946 6.118
487 7.44 10.092 7.03
488 7.44 5.304 20.008
489 5.58 10.982 26.389
490 5.58 19.435 26.92
491 5.58 31.877 1.077
492 7.44 4.349 37.188
493 9.3 12.105 3.047
494 9.3 30.835 37.901
495 7.44 37.557 1.302
496 3.72 36.797 3.691
497 7.44 25.997 18.361
498 3.72 32.583 14.332
499 3.72 16.146 15.537
500 7.44 1.344 20.546
501 5.58 1.836 19.469
502 9.3 12.903 34.903
503 7.44 12.401 8.505
504 3.72 27.565 2.875
505 3.72 26.0 19.521
506 1.86 25.119 0.482
507 3.72 7.22 12.843
508 1.86 38.973 31.351
509 5.58 32.024 28.684
510 5.58 14.914 23.39
511 9.3 28.851 29.151
512 5.58 15.009 39.325
513 5.58 16.219 15.316
514 1.86 37.233 18.716
515 5.58 7.969 20.605
516 3.72 9.552 11.254
517 9.3 6.655 2.953
518 5.58 11.535 27.482
519 9.3 2.0 11.024
520 3.72 16.292 23.872
521 1.86 39.235 16.448
522 1.86 10.708 13.016
523 9.3 2.524 31.087
524 7.44 13.759 15.385
525 1.86 6.314 35.705
526 5.58 7.995 16.66
527 9.3 31.926 25.522
528 5.58 3.772 16.032
529 7.44 32.519 37.674
530 5.58 27.258 0.821
531 1.86 20.126 8.241
532 1.86 15.434 39.253
533 5.58 31.877 27.952
534 9.3 20.998 34.559
535 5.58 5.545 23.749
536 1.86 3.055 20.044
537 1.86 36.376 18.714
538 7.44 9.68 2.797
539 3.72 12.868 28.547
540 9.3 11.686 25.693
541 9.3 3.642 17.049
542 5.58 8.059 29.554
543 1.86 36.654 36.025
544 7.44 32.958 34.899
545 7.44 10.928 14.267
546 1.86 29.666 31.542
547 9.3 24.628 9.959
548 3.72 2.849 23.266
549 9.3 39.372 26.124
550 1.86 0.406 22.898
551 9.3 2.325 35.151
552 5.58 37.663 9.044
553 1.86 8.203 37.661
554 9.3 32.112 8.414
555 1.86 19.02 34.532
556 7.44 17.865 8.354
557 3.72 32.106 12.661
558 3.72 27.976 39.179
559 1.86 15.226 17.359
560 9.3 6.8 0.487
561 5.58 17.493 15.597
562 3.72 0.491 23.407
563 7.44 13.099 7.354
564 1.86 9.325 29.142
565 9.3 27.234 9.942
566 5.58 15.955 10.724
567 1.86 0.458 21.104
568 7.44 3.109 20.469
569 3.72 11.168 6.312
570 3.72 18.675 27.224
571 7.44 34.759 28.769
572 9.3 38.277 10.205
573 3.72 18.183 7.569
574 9.3 22.282 5.334
575 7.44 4.585 25.455
576 3.72 39.2 10.521
577 3.72 26.154 4.209
578 9.3 34.985 0.759
579 7.44 20.925 32.714
580 7.44 35.687 24.85
581 3.72 33.272 35.205
582 7.44 36.73 29.412
583 1.86 27.155 16.812
584 5.58 1.42 9.943
585 1.86 16.139 35.589
586 1.86 15.966 14.803
587 3.72 15.654 37.141
588 5.58 2.931 22.317
589 9.3 18.184 12.425
590 1.86 7.555 32.732
591 3.72 12.141 30.013
592 9.3 4.263 13.137
593 7.44 23.952 32.341
594 5.58 23.367 31.146
595 3.72 15.191 1.721
596 3.72 22.013 3.151
597 7.44 26.356 36.345
598 5.58 22.811 4.312
599 7.44 7.426 38.527
600 9.3 18.109 28.044
601 1.86 30.175 20.007
602 9.3 22.334 28.097
603 5.58 22.703 5.785
604 5.58 2.995 2.712
605 5.58 18.215 18.61
606 3.72 8.54 7.988
607 5.58 29.833 4.414
608 9.3 14.301 1.494
609 1.86 8.113 3.351
610 5.58 20.48 35.393
611 5.58 33.782 20.455
612 3.72 35.527 38.81
613 5.58 2.971 36.67
614 3.72 32.48 8.473
615 3.72 5.185 10.328
616 1.86 32.786 9.029
617 1.86 17.701 39.217
618 1.86 25.173 19.312
619 3.72 28.797 38.482
620 3.72 21.508 0.498
621 3.72 7.689 35.124
622 7.44 19.391 8.149
623 3.72 3.184 11.237
624 1.86 14.255 17.193
625 3.72 5.69 13.659
626 5.58 23.039 7.997
627 1.86 10.766 10.824
628 7.44 11.669 31.338
629 9.3 13.482 6.334
630 1.86 29.118 39.709
631 5.58 3.988 25.583
632 1.86 28.106 23.424
633 5.58 14.106 5.118
634 3.72 5.122 21.615
635 3.72 22.373 30.976
636 9.3 11.971 8.472
637 1.86 27.637 4.139
638 3.72 8.894 4.385
639 7.44 18.39 30.04
640 1.86 34.167 37.652
641 7.44 36.37 11.579
642 9.3 2.054 16.918
643 1.86 26.365 35.027
644 3.72 32.842 19.392
645 1.86 28.022 25.265
646 3.72 10.598 5.122
647 1.86 34.857 38.646
648 1.86 26.619 33.619
649 1.86 36.35 26.949
650 7.44 10.79 19.723
651 3.72 30.268 33.8
652 5.58 34.546 29.439
653 5.58 11.171 10.833
654 9.3 35.609 1.972
655 7.44 28.199 24.212
656 9.3 6.124 26.345
657 1.86 36.085 30.056
658 3.72 17.312 36.292
659 5.58 28.708 32.663
660 1.86 36.924 9.597
661 1.86 19.576 14.543
662 3.72 18.524 9.17
663 3.72 15.283 8.823
664 7.44 23.397 7.671
665 3.72 22.273 8.822
666 3.72 27.78 30.846
667 7.44 12.309 11.324
668 1.86 13.209 25.28
669 5.58 31.681 37.157
670 1.86 23.021 37.714
671 5.58 12.78 33.911
672 5.58 10.597 31.147
673 1.86 13.547 15.689
674 9.3 25.933 11.072
675 5.58 15.45 2.739
676 3.72 13.399 11.599
677 1.86 22.657 12.396
678 1.86 8.014 5.827
679 3.72 18.236 37.531
680 5.58 6.543 7.48
681 1.86 9.647 28.044
682 3.72 31.748 1.383
683 3.72 31.074 5.296
684 9.3 24.819 7.87
685 1.86 31.339 7.084
686 9.3 39.274 24.084
687 7.44 30.912 22.371
688 5.58 10.846 1.005
689 7.44 9.374 2.042
690 9.3 6.123 20.193
691 5.58 13.946 18.323
692 3.72 34.809 2.553
693 1.86 22.391 28.095
694 1.86 10.594 26.647
695 7.44 17.731 11.136
696 5.58 36.72 0.986
697 9.3 0.966 16.524
698 3.72 33.74 1.349
699 3.72 9.678 25.309
700 9.3 2.876 28.597
701 1.86 6.334 4.827
702 1.86 32.504 28.244
703 3.72 5.791 26.632
704 5.58 34.313 36.611
705 3.72 39.365 37.863
706 9.3 4.65 5.531
707 5.58 35.856 10.222
708 5.58 17.637 7.038
709 7.44 33.258 23.743
710 1.86 21.069 29.747
711 3.72 21.303 34.835
712 9.3 30.856 27.308
713 5.58 20.481 24.343
714 5.58 13.717 4.356
715 9.3 34.318 13.635
716 9.3 38.96 6.354
717 1.86 38.199 31.74
718 7.44 26.526 24.105
719 7.44 19.412 28.308
720 7.44 35.661 32.062
721 5.58 32.292 35.687
722 3.72 23.374 2.651
723 5.58 0.726 9.239
724 1.86 24.17 18.807
725 5.58 1.687 2.167
726 7.44 27.403 12.615
727 1.86 4.927 39.207
728 5.58 39.098 13.824
729 7.44 3.562 36.107
730 9.3 0.999 22.652
731 5.58 2.692 35.033
732 9.3 0.696 33.629
733 3.72 27.352 19.309
734 7.44 3.608 25.8
735 3.72 34.343 31.88
736 5.58 12.115 19.099
737 3.72 17.828 24.615
738 3.72 21.096 29.613
739 7.44 29.634 3.228
740 5.58 35.395 35.775
741 9.3 26.228 26.633
742 1.86 12.741 4.763
743 1.86 4.051 17.924
744 3.72 29.814 26.645
745 1.86 27.185 32.815
746 9.3 33.435 37.052
747 3.72 10.957 2.561
748 9.3 12.664 38.902
749 7.44 34.053 39.61
750 5.58 30.111 39.768
751 1.86 26.334 38.971
752 7.44 38.585 2.105
753 7.44 25.072 5.751
754 1.86 30.421 37.03
755 7.44 17.067 8.828
756 7.44 10.531 1.954
757 5.58 29.981 0.781
758 3.72 6.874 16.065
759 7.44 3.643 30.83
760 3.72 27.764 26.492
761 3.72 5.521 25.263
762 5.58 5.748 6.912
763 9.3 3.676 6.307
764 1.86 22.551 20.53
765 3.72 0.51 30.673
766 1.86 23.463 9.991
767 1.86 21.888 24.046
768 5.58 22.226 19.959
769 5.58 38.673 36.225
770 7.44 25.586 10.851
771 9.3 19.973 25.084
772 9.3 9.954 26.033
773 1.86 6.235 0.394
774 5.58 16.713 32.784
775 7.44 11.156 28.566
776 7.44 39.514 25.482
777 3.72 6.062 3.061
778 9.3 7.216 7.964
779 3.72 33.085 3.065
780 7.44 23.071 3.925
781 5.58 35.239 0.955
782 9.3 15.294 35.475
783 3.72 17.124 37.468
784 1.86 5.207 37.147
785 1.86 2.982 25.804
786 1.86 14.336 10.909
787 1.86 12.431 29.549
788 9.3 13.556 7.969
789 5.58 14.629 13.176
790 3.72 33.112 14.39
791 9.3 6.676 20.941
792 9.3 28.231 34.107
793 7.44 1.396 8.538
794 9.3 3.97 18.677
795 5.58 18.501 39.148
796 1.86 11.609 5.732
797 9.3 36.466 34.9
798 7.44 29.966 1.751
799 3.72 17.823 16.927
800 5.58 13.68 29.478
801 9.3 6.366 15.675
802 9.3 37.142 5.115
803 7.44 18.1 21.168
804 7.44 36.194 39.441
805 5.58 17.558 34.205
806 5.58 6.785 13.849
807 5.58 19.696 36.019
808 9.3 39.594 36.242
809 1.86 38.894 8.407
810 3.72 34.167 21.074
811 3.72 11.972 35.851
812 3.72 31.857 29.486
813 9.3 9.337 0.459
814 9.3 30.765 28.709
815 5.58 33.682 12.484
816 1.86 36.474 3.329
817 5.58 19.687 7.388
818 5.58 32.633 13.132
819 3.72 4.254 31.824
820 9.3 10.454 11.809
821 5.58 34.264 24.01
822 7.44 14.269 9.63
823 3.72 25.948 24.643
824 9.3 13.901 35.368
825 3.72 3.062 1.003
826 9.3 34.077 21.116
827 9.3 10.434 37.219
828 3.72 35.889 30.7
829 5.58 17.806 9.708
830 3.72 28.525 29.447
831 3.72 3.639 8.676
832 5.58 0.266 7.919
833 9.3 11.171 25.702
834 5.58 19.016 13.316
835 3.72 36.772 22.892
836 3.72 4.381 33.724
837 9.3 2.309 0.566
838 3.72 19.163 4.858
839 5.58 35.534 22.142
840 5.58 38.476 33.297
841 3.72 34.681 24.144
842 1.86 24.46 34.989
843 1.86 6.217 18.089
844 7.44 7.121 25.99
845 1.86 22.923 13.597
846 1.86 4.52 7.138
847 5.58 30.184 5.118
848 1.86 30.61 38.19
849 9.3 10.867 22.6
850 9.3 2.012 6.929
851 7.44 25.565 33.458
852 5.58 9.318 36.432
853 9.3 6.478 24.363
854 7.44 34.986 18.706
855 3.72 2.297 33.482
856 7.44 4.117 35.663
857 7.44 3.721 27.636
858 5.58 36.932 6.284
859 1.86 28.331 36.301
860 7.44 20.029 26.126
861 7.44 5.277 24.463
862 3.72 4.312 20.081
863 5.58 2.355 21.275
864 9.3 9.381 0.262
865 3.72 16.995 1.681
866 9.3 20.596 16.65
867 3.72 20.284 13.139
868 7.44 17.346 26.815
869 1.86 25.155 16.264
870 5.58 30.586 19.409
871 1.86 30.135 34.525
872 7.44 31.856 28.297
873 5.58 33.072 1.523
874 1.86 13.653 34.781
875 5.58 32.567 33.105
876 1.86 23.123 32.629
877 9.3 10.926 18.147
878 1.86 34.661 24.832
879 9.3 13.859 2.677
880 7.44 22.371 38.738
881 7.44 26.267 21.66
882 3.72 29.135 0.607
883 9.3 4.115 1.642
884 7.44 25.07 1.036
885 7.44 27.156 21.186
886 9.3 23.731 10.41
887 9.3 27.468 4.81
888 1.86 36.548 12.675
889 3.72 1.184 9.544
890 1.86 10.743 16.742
891 5.58 39.397 27.829
892 5.58 0.751 35.2
893 9.3 28.068 13.899
894 7.44 15.065 38.122
895 3.72 26.099 29.694
896 9.3 2.866 5.127
897 7.44 32.574 12.566
898 7.44 23.707 34.555
899 1.86 11.35 28.106
900 9.3 37.734 31.746
901 9.3 33.699 35.316
902 3.72 8.059 28.977
903 9.3 15.638 33.611
904 9.3 33.178 12.672
905 9.3 10.166 17.169
906 9.3 9.021 23.148
907 1.86 11.131 2.478
908 9.3 3.428 25.886
909 1.86 17.425 15.371
910 1.86 9.176 33.902
911 3.72 1.252 18.461
912 7.44 9.281 32.42
913 1.86 30.583 4.361
914 5.58 6.183 2.291
915 9.3 36.235 0.214
916 7.44 5.52 13.116
917 5.58 16.542 39.424
918 7.44 21.101 36.758
919 3.72 22.541 23.816
920 5.58 27.702 22.049
921 7.44 4.622 16.474
922 1.86 30.119 33.754
923 7.44 27.605 20.149
924 1.86 38.586 22.028
925 7.44 11.905 32.51
926 1.86 25.125 10.182
927 3.72 9.137 27.512
928 7.44 9.912 17.916
929 1.86 11.348 3.879
930 5.58 19.934 20.371
931 9.3 18.101 23.611
932 5.58 35.813 33.307
933 3.72 26.609 1.641
934 9.3 1.351 20.296
935 5.58 24.746 20.564
936 7.44 35.191 25.716
937 3.72 28.165 38.338
938 9.3 22.463 27.646
939 7.44 32.454 23.606
940 9.3 8.939 15.576
941 7.44 28.38 14.2
942 9.3 26.904 33.075
943 7.44 11.728 39.082
944 3.72 14.371 21.898
945 1.86 33.844 6.791
946 3.72 28.997 15.1
947 7.44 25.346 37.167
948 7.44 8.325 23.642
949 3.72 33.581 22.813
950 5.58 39.526 35.998
951 5.58 4.988 14.518
952 5.58 10.856 38.553
953 5.58 30.582 29.944
954 9.3 38.367 14.455
955 3.72 16.325 2.863
956 9.3 5.683 9.97
957 9.3 35.49 18.74
958 1.86 38.802 3.882
959 7.44 28.884 29.481
960 9.3 38.044 10.112
961 7.44 29.64 34.79
962 3.72 2.218 5.794
963 7.44 24.646 38.898
964 7.44 38.924 14.193
965 3.72 22.411 8.435
966 9.3 5.155 7.152
967 3.72 9.272 17.214
968 5.58 13.096 2.62
969 9.3 19.186 39.249
970 5.58 5.502 38.557
971 1.86 39.675 32.541
972 3.72 20.161 13.865
973 7.44 38.079 22.458
974 5.58 39.23 30.838
975 3.72 23.729 20.13
976 1.86 29.799 32.37
977 1.86 11.617 28.181
978 3.72 28.975 3.345
979 9.3 24.968 32.41
980 3.72 7.347 32.319
981 5.58 22.208 19.279
982 9.3 1.533 15.032
983 3.72 39.182 35.192
984 5.58 30.605 30.155
985 1.86 31.0 11.422
986 1.86 1.148 3.421
987 3.72 13.687 2.821
988 3.72 15.719 37.321
989 3.72 31.735 36.094
990 3.72 1.847 39.779
991 3.72 25.524 37.823
992 5.58 39.641 13.949
993 1.86 3.53 5.049
994 5.58 12.018 9.173
995 1.86 12.786 19.715
996 7.44 32.878 24.223
997 3.72 3.938 25.769
998 7.44 39.311 16.103
999 7.44 14.437 22.511
1000 3.72 30.305 9.841
1001 9.3 33.988 23.37
1002 3.72 24.229 6.383
1003 7.44 28.941 26.39
1004 9.3 1.696 14.685
1005 9.3 33.412 36.185
1006 5.58 19.044 20.381
1007 3.72 38.525 13.347
1008 9.3 29.778 5.094
1009 9.3 27.641 15.847
1010 7.44 14.836 11.304
1011 9.3 18.893 12.674
1012 5.58 39.442 22.851
1013 3.72 19.499 29.76
1014 5.58 26.842 0.491
1015 7.44 5.033 22.046
1016 7.44 14.02 23.025
1017 7.44 33.178 18.771
1018 7.44 5.532 6.622
1019 9.3 14.197 4.978
1020 9.3 4.595 19.303
1021 7.44 13.788 1.018
1022 3.72 10.378 29.505
1023 9.3 3.031 24.376
1024 3.72 9.967 30.746
1025 3.72 37.584 17.629
1026 1.86 1.082 23.568
1027 5.58 18.579 7.74
1028 3.72 32.833 2.307
1029 9.3 19.895 23.368
1030 7.44 2.69 14.381
1031 5.58 10.656 13.992
1032 7.44 6.446 29.129
1033 1.86 27.272 35.799
1034 5.58 17.428 6.282
1035 3.72 10.22 21.92
1036 5.58 35.007 21.845
1037 1.86 35.494 5.538
1038 3.72 21.179 9.229
1039 3.72 38.556 34.114
1040 7.44 21.45 19.347
1041 1.86 19.64 31.812
1042 3.72 26.885 7.022
1043 3.72 30.362 16.252
1044 5.58 36.902 30.706
1045 7.44 30.259 6.306
1046 5.58 24.11 14.893
1047 1.86 8.632 8.006
1048 9.3 35.564 0.267
1049 5.58 9.049 35.211
1050 9.3 7.167 33.448
1051 9.3 32.364 26.188
1052 9.3 16.143 35.869
1053 9.3 26.426 21.713
1054 5.58 24.905 25.462
1055 3.72 8.685 9.903
1056 7.44 10.096 16.494
1057 5.58 24.633 3.327
1058 3.72 35.489 18.556
1059 3.72 29.458 18.58
1060 7.44 25.021 13.56
1061 1.86 6.503 24.182
1062 5.58 5.595 10.064
1063 5.58 13.773 3.194
1064 9.3 15.564 35.791
1065 5.58 2.838 23.994
1066 1.86 23.41 19.432
1067 5.58 25.624 36.229
1068 3.72 33.065 11.983
1069 9.3 34.047 10.229
1070 9.3 34.669 34.894
1071 1.86 19.917 8.222
1072 5.58 0.853 22.704
1073 3.72 32.13 23.551
1074 3.72 19.671 4.291
1075 9.3 29.68 33.228
1076 1.86 31.182 23.274
1077 7.44 15.496 16.615
1078 1.86 15.011 5.865
1079 9.3 3.09 8.748
1080 3.72 18.383 11.773
1081 1.86 12.951 35.132
1082 9.3 12.608 16.034
1083 1.86 8.929 35.999
1084 1.86 5.055 16.703
1085 7.44 38.636 4.864
1086 3.72 39.403 14.481
1087 1.86 18.464 8.89
1088 7.44 38.283 7.742
1089 3.72 2.576 27.309
1090 5.58 7.098 29.333
1091 5.58 8.287 38.782
1092 5.58 16.578 5.816
1093 5.58 21.448 13.05
1094 7.44 10.778 1.638
1095 1.86 12.295 8.716
1096 3.72 29.659 22.265
1097 3.72 1.334 18.252
1098 9.3 30.668 19.792
1099 5.58 28.071 19.45
1100 5.58 24.283 22.081
1101 5.58 18.436 16.785
1102 1.86 1.561 9.296
1103 3.72 11.54 9.576
1104 1.86 14.115 20.013
1105 5.58 20.851 19.752
1106 3.72 10.765 36.017
1107 3.72 12.19 1.172
1108 7.44 1.608 3.016
1109 5.58 18.805 19.525
1110 3.72 35.801 28.605
1111 5.58 35.223 35.987
1112 1.86 38.79 25.861
1113 5.58 23.444 30.845
1114 5.58 15.044 4.27
1115 3.72 3.237 34.491
1116 1.86 34.57 17.357
1117 1.86 31.488 25.973
1118 5.58 14.314 6.494
1119 1.86 20.135 19.337
1120 5.58 17.372 38.407
1121 5.58 13.944 8.74
1122 1.86 17.665 24.959
1123 9.3 9.43 23.646
1124 7.44 4.232 9.977
1125 7.44 34.767 2.729
1126 1.86 2.161 19.405
1127 9.3 36.806 25.93
1128 3.72 36.133 6.37
1129 9.3 0.981 18.108
1130 1.86 3.907 8.934
1131 3.72 12.168 11.423
1132 9.3 5.788 25.393
1133 9.3 39.381 4.806
1134 9.3 33.842 22.046
1135 3.72 39.015 20.727
1136 1.86 10.209 30.305
1137 9.3 35.674 35.221
1138 7.44 28.296 18.728
1139 1.86 2.516 38.292
1140 5.58 22.773 39.06
1141 7.44 8.165 34.554
1142 3.72 10.046 24.128
1143 3.72 16.216 36.769
1144 3.72 39.221 15.97
1145 9.3 17.739 18.985
1146 5.58 11.638 4.769
1147 5.58 34.589 15.338
1148 1.86 8.217 20.285
1149 7.44 32.118 21.658
1150 7.44 5.186 18.998
1151 7.44 39.573 32.362
1152 9.3 13.392 32.99
1153 9.3 25.755 31.754
1154 3.72 18.281 0.754
1155 1.86 1.953 29.67
1156 1.86 8.945 19.51
1157 9.3 30.688 31.876
1158 9.3 2.477 2.419
1159 1.86 0.204 8.12
1160 5.58 21.823 6.916
1161 7.44 2.057 9.589
1162 1.86 15.31 35.65
1163 5.58 5.992 13.436
1164 1.86 2.99 6.515
1165 7.44 6.324 27.501
1166 1.86 13.865 36.835
1167 5.58 13.507 19.029
1168 7.44 34.303 20.911
1169 7.44 19.586 20.449
1170 7.44 16.611 25.247
1171 1.86 14.168 13.04
1172 3.72 10.985 11.78
1173 9.3 7.922 15.688
1174 9.3 31.881 32.845
1175 5.58 36.318 13.357
1176 1.86 9.892 14.395
1177 3.72 39.251 13.58
1178 3.72 21.333 27.276
1179 9.3 39.031 10.845
1180 5.58 18.666 3.018
1181 5.58 9.422 7.486
1182 7.44 4.366 37.834
1183 5.58 28.212 36.51
1184 1.86 11.632 8.126
1185 9.3 15.574 25.979
1186 3.72 26.726 20.051
1187 1.86 14.316 33.523
1188 1.86 23.716 25.975
1189 7.44 4.033 24.604
1190 9.3 33.282 1.781
1191 3.72 3.63 29.817
1192 9.3 27.748 3.51
1193 9.3 10.192 4.085
1194 5.58 8.294 23.445
1195 5.58 4.162 17.549
1196 5.58 11.206 39.467
1197 7.44 6.173 23.477
1198 1.86 7.418 23.556
1199 5.58 37.189 35.556
1200 5.58 37.02 32.571
1201 9.3 18.11 28.577
1202 3.72 34.604 36.562
1203 7.44 2.739 34.317
1204 3.72 25.236 25.993
1205 7.44 26.311 11.984
1206 3.72 34.751 34.429
1207 1.86 27.137 3.093
1208 3.72 27.4 18.036
1209 7.44 36.323 28.716
1210 5.58 19.846 30.997
1211 1.86 14.074 21.821
1212 1.86 3.411 17.176
1213 3.72 8.463 19.229
1214 3.72 17.0 36.608
1215 3.72 13.154 24.972
1216 5.58 24.102 3.23
1217 1.86 34.022 27.435
1218 5.58 30.611 2.387
1219 3.72 13.728 21.824
1220 1.86 26.202 23.28
1221 9.3 31.51 4.301
1222 3.72 30.799 26.186
1223 5.58 33.693 3.525
1224 3.72 11.486 32.863
1225 3.72 19.129 7.468
1226 5.58 13.086 4.667
1227 9.3 25.459 34.157
1228 7.44 21.895 18.541
1229 9.3 35.23 22.613
1230 5.58 7.276 12.724
1231 3.72 35.984 9.174
1232 3.72 0.359 11.526
1233 3.72 14.787 30.364
1234 1.86 2.656 20.891
1235 3.72 16.766 2.421
1236 1.86 36.1 16.527
1237 3.72 20.094 29.598
1238 9.3 28.874 31.468
1239 9.3 13.822 12.478
1240 5.58 28.893 30.6
1241 7.44 4.058 33.631
1242 7.44 24.068 36.636
1243 1.86 13.617 21.187
1244 7.44 25.644 38.33
1245 5.58 13.599 24.722
1246 1.86 28.327 29.737
1247 9.3 8.165 30.502
1248 3.72 20.138 14.595
1249 1.86 8.997 37.839
1250 5.58 2.975 23.214
1251 3.72 26.582 17.995
1252 5.58 38.116 17.766
1253 7.44 20.7 26.303
1254 5.58 6.827 26.097
1255 5.58 35.39 29.423
1256 5.58 21.823 29.803
1257 7.44 2.858 20.649
1258 3.72 6.908 30.741
1259 3.72 13.873 7.992
1260 9.3 21.765 19.863
1261 7.44 14.162 26.696
1262 3.72 19.956 35.09
1263 9.3 35.461 34.271
1264 9.3 4.703 35.981
1265 7.44 34.915 3.76
1266 1.86 18.802 24.638
1267 5.58 24.767 5.742
1268 7.44 6.101 26.899
1269 9.3 11.981 20.133
1270 9.3 14.597 3.546
1271 1.86 34.427 15.174
1272 1.86 23.377 2.737
1273 3.72 12.238 25.075
1274 7.44 25.562 39.565
1275 3.72 9.67 17.415
1276 5.58 9.871 32.23
1277 9.3 9.865 23.301
1278 9.3 32.784 16.864
1279 5.58 26.102 11.969
1280 5.58 9.085 27.786
1281 1.86 9.468 9.582
1282 9.3 39.575 24.781
1283 7.44 10.293 22.554
1284 9.3 33.643 13.968
1285 1.86 13.42 25.915
1286 5.58 22.078 25.013
1287 9.3 24.662 15.467
1288 7.44 36.6 34.638
1289 5.58 14.754 14.555
1290 3.72 15.952 17.657
1291 5.58 16.261 35.347
1292 9.3 32.044 1.979
1293 9.3 11.337 11.356
1294 3.72 23.304 3.81
1295 9.3 15.049 13.84
1296 3.72 19.387 4.523
1297 3.72 22.752 11.989
1298 5.58 25.885 8.415
1299 3.72 24.301 35.433
1300 3.72 24.085 9.499
1301 1.86 23.582 31.066
1302 1.86 18.635 38.878
1303 1.86 19.515 4.12
1304 1.86 33.551 14.388
1305 9.3 20.512 17.268
1306 1.86 32.814 32.202
1307 5.58 13.092 34.028
1308 5.58 34.222 21.442
1309 3.72 35.907 27.834
1310 5.58 16.771 5.771
1311 7.44 32.342 33.289
1312 5.58 0.526 35.493
1313 1.86 9.81 27.735
1314 5.58 10.891 15.042
1315 5.58 2.317 26.635
1316 5.58 24.961 33.36
1317 9.3 9.813 30.552
1318 7.44 20.94 19.441
1319 3.72 22.135 16.086
1320 9.3 27.513 13.763
1321 7.44 22.347 31.255
1322 1.86 13.881 24.986
1323 1.86 29.547 16.204
1324 7.44 12.345 13.252
1325 5.58 4.021 28.422
1326 1.86 14.355 6.398
1327 1.86 4.517 10.309
1328 9.3 8.68 20.158
1329 1.86 5.622 3.872
1330 3.72 27.255 2.192
1331 3.72 7.715 17.533
1332 1.86 8.261 9.573
1333 3.72 39.445 0.409
1334 9.3 16.009 1.538
1335 3.72 15.913 27.909
1336 1.86 27.863 22.3
1337 1.86 28.399 36.204
1338 5.58 10.388 7.627
1339 1.86 14.499 38.137
1340 7.44 25.101 37.005
1341 7.44 3.201 4.77
1342 5.58 18.853 23.673
1343 3.72 29.594 16.247
1344 7.44 28.9 0.963
1345 9.3 12.139 12.902
1346 7.44 25.453 16.871
1347 7.44 15.796 8.711
1348 1.86 17.598 0.633
1349 1.86 21.203 24.427
1350 7.44 29.33 3.62
1351 3.72 22.611 38.17
1352 7.44 33.945 19.221
1353 5.58 33.956 18.266
1354 7.44 4.948 4.836
1355 7.44 19.787 27.928
1356 5.58 33.881 28.944
1357 1.86 24.783 38.344
1358 9.3 16.813 5.665
1359 1.86 18.862 15.416
1360 1.86 8.53 1.628
1361 3.72 37.989 20.622
1362 5.58 19.611 25.332
1363 5.58 17.579 17.633
1364 5.58 27.611 18.196
1365 9.3 22.559 28.565
1366 7.44 28.88 5.865
1367 5.58 28.922 5.939
1368 5.58 5.88 4.652
1369 9.3 16.138 20.054
1370 3.72 35.414 23.188
1371 5.58 2.237 10.815
1372 5.58 33.578 19.728
1373 1.86 5.237 27.912
1374 9.3 8.599 18.345
1375 3.72 27.009 29.768
1376 9.3 32.009 39.069
1377 7.44 19.817 37.971
1378 5.58 34.027 1.31
1379 7.44 7.32 35.936
1380 1.86 0.434 15.303
1381 7.44 6.651 30.147
1382 1.86 36.961 23.18
1383 1.86 23.535 6.933
1384 9.3 37.632 18.784
1385 1.86 2.986 13.609
1386 5.58 34.056 16.141
1387 3.72 18.457 34.239
1388 9.3 12.051 25.184
1389 7.44 23.12 15.019
1390 9.3 5.15 7.791
1391 1.86 25.173 20.755
1392 9.3 37.474 25.022
1393 5.58 30.196 39.706
1394 5.58 9.761 21.53
1395 7.44 38.987 36.053
1396 5.58 3.961 36.585
1397 3.72 23.844 23.982
1398 5.58 28.939 21.426
1399 7.44 28.568 9.97
1400 9.3 30.553 30.544
1401 9.3 18.247 23.867
1402 7.44 19.301 6.974
1403 5.58 19.618 22.549
1404 1.86 3.753 39.71
1405 7.44 9.588 6.808
1406 9.3 3.46 26.775
1407 5.58 1.257 11.257
1408 5.58 10.929 18.417
1409 7.44 25.261 10.464
1410 3.72 23.375 38.904
1411 3.72 13.346 19.585
1412 7.44 31.905 15.014
1413 7.44 28.72 0.67
1414 7.44 28.485 3.042
1415 5.58 35.965 13.412
1416 7.44 33.566 6.402
1417 5.58 1.486 2.518
1418 1.86 19.374 4.645
1419 5.58 35.447 25.75
1420 7.44 17.552 22.384
1421 1.86 24.015 22.031
1422 9.3 27.113 19.259
1423 9.3 0.54 19.818
1424 5.58 12.15 16.102
1425 7.44 37.188 38.886
1426 1.86 23.837 29.181
1427 1.86 37.001 11.134
1428 3.72 19.005 28.428
1429 9.3 20.343 14.956
1430 5.58 33.051 34.295
1431 7.44 24.521 21.803
1432 9.3 5.804 33.017
1433 9.3 37.908 36.91
1434 3.72 19.783 13.189
1435 5.58 15.056 6.648
1436 1.86 33.522 37.635
1437 3.72 1.925 11.456
1438 3.72 2.329 33.25
1439 9.3 28.986 10.998
1440 3.72 4.955 10.586
1441 9.3 30.295 31.023
1442 3.72 11.792 31.361
1443 5.58 1.97 19.466
1444 9.3 0.848 38.676
1445 5.58 31.514 35.268
1446 5.58 37.502 11.63
1447 1.86 11.725 29.29
1448 7.44 2.541 6.36
1449 5.58 12.647 21.348
1450 5.58 33.345 15.313
1451 5.58 24.184 31.181
1452 9.3 24.842 5.197
1453 9.3 32.738 24.804
1454 5.58 35.65 31.989
1455 1.86 6.145 7.3
1456 9.3 27.951 37.352
1457 1.86 4.037 23.576
1458 1.86 39.224 10.01
1459 7.44 5.681 10.0
1460 9.3 5.926 29.974
1461 5.58 21.289 22.192
1462 9.3 10.263 2.418
1463 1.86 17.764 25.752
1464 9.3 18.747 16.46
1465 1.86 0.867 39.309
1466 5.58 37.969 38.534
1467 9.3 33.444 3.716
1468 5.58 12.108 38.185
1469 1.86 21.205 12.62
1470 9.3 33.74 17.311
1471 1.86 27.432 26.831
1472 5.58 34.864 4.009
1473 1.86 12.527 18.079
1474 5.58 14.188 30.309
1475 9.3 0.69 16.913
1476 9.3 22.596 3.177
1477 1.86 2.308 18.576
1478 7.44 30.623 28.922
1479 3.72 37.408 16.605
1480 5.58 19.554 31.271
1481 5.58 11.307 17.455
1482 7.44 34.231 37.889
1483 9.3 16.017 36.432
1484 7.44 10.26 32.427
1485 9.3 35.769 39.08
1486 3.72 27.263 12.782
1487 7.44 6.848 35.748
1488 5.58 0.858 33.265
1489 7.44 32.659 9.819
1490 7.44 32.097 11.622
1491 5.58 2.16 18.836
1492 3.72 26.384 0.42
1493 7.44 7.436 36.669
1494 5.58 30.012 14.994
1495 3.72 30.016 5.657
1496 1.86 38.967 20.791
1497 1.86 18.77 2.368
1498 7.44 23.317 1.362
1499 3.72 35.701 20.264
1500 3.72 13.708 2.218
1501 7.44 17.145 25.937
1502 1.86 33.761 36.487
1503 7.44 27.765 11.669
1504 1.86 38.181 23.612
1505 7.44 5.404 33.447
1506 3.72 12.675 8.948
1507 5.58 37.792 37.763
1508 1.86 20.166 19.759
1509 1.86 6.871 1.506
1510 9.3 25.567 31.967
1511 9.3 18.39 37.913
1512 5.58 11.868 33.385
1513 7.44 8.599 28.627
1514 1.86 24.73 0.344
1515 9.3 20.652 37.646
1516 1.86 0.75 15.239
1517 3.72 37.495 37.541
1518 3.72 27.491 21.036
1519 1.86 36.234 21.908
1520 9.3 5.816 35.249
1521 7.44 10.498 6.426
1522 3.72 39.709 38.565
1523 5.58 2.631 12.237
1524 1.86 26.922 13.133
1525 1.86 10.51 14.045
1526 5.58 34.031 1.715
1527 7.44 3.391 21.144
1528 1.86 38.172 14.784
1529 5.58 17.28 4.04
1530 3.72 14.974 23.872
1531 9.3 28.412 15.694
1532 7.44 26.35 20.06
1533 5.58 1.154 5.979
1534 3.72 38.114 38.225
1535 3.72 25.873 3.47
1536 9.3 1.383 26.692
1537 3.72 39.735 6.827
1538 9.3 19.578 11.276
1539 7.44 28.552 3.766
1540 1.86 5.298 20.189
1541 3.72 22.206 12.238
1542 9.3 2.182 0.322
1543 1.86 2.194 12.762
1544 7.44 32.888 2.654
1545 7.44 10.669 7.25
1546 5.58 3.01 30.317
1547 1.86 8.793 2.262
1548 7.44 9.568 8.333
1549 3.72 9.533 6.728
1550 3.72 7.368 23.475
1551 9.3 16.507 10.274
1552 9.3 31.189 5.841
1553 7.44 0.863 0.675
1554 1.86 9.492 39.293
1555 7.44 26.461 0.786
1556 3.72 7.851 33.562
1557 7.44 21.364 37.866
1558 7.44 33.145 18.739
1559 3.72 37.477 4.678
1560 1.86 37.342 20.163
1561 3.72 5.736 28.808
1562 1.86 24.768 26.058
1563 5.58 32.861 17.329
1564 5.58 18.331 38.765
1565 9.3 38.569 36.047
1566 7.44 23.427 17.45
1567 1.86 39.256 9.491
1568 3.72 37.815 16.168
1569 5.58 24.317 36.873
1570 1.86 33.887 11.5
1571 7.44 22.258 28.398
1572 3.72 2.916 16.522
1573 9.3 14.48 15.195
1574 5.58 39.061 18.279
1575 9.3 0.706 0.233
1576 1.86 37.747 11.058
1577 5.58 0.381 27.924
1578 1.86 8.847 32.339
1579 3.72 2.754 14.39
1580 5.58 12.618 31.197
1581 3.72 26.02 18.06
1582 5.58 24.884 17.54
1583 7.44 8.502 21.838
1584 1.86 35.971 25.026
1585 5.58 9.789 29.84
1586 3.72 0.277 14.98
1587 9.3 21.991 34.169
1588 5.58 22.687 11.77
1589 3.72 39.227 39.584
1590 7.44 29.279 17.642
1591 3.72 36.146 30.066
1592 9.3 39.786 27.429
1593 7.44 7.126 4.697
1594 3.72 24.039 25.754
1595 3.72 7.329 36.978
1596 7.44 12.349 8.826
1597 9.3 17.873 29.738
1598 3.72 16.079 35.395
1599 7.44 2.407 10.852
1600 5.58 18.444 37.304
1601 3.72 16.971 29.664
1602 3.72 38.904 13.086
1603 5.58 15.239 25.084
1604 7.44 23.096 17.419
1605 7.44 38.6 28.664
1606 5.58 35.167 4.483
1607 1.86 15.894 29.229
1608 9.3 34.594 33.417
1609 9.3 2.731 3.6
1610 9.3 3.367 5.958
1611 3.72 1.428 6.02
1612 3.72 1.308 11.121
1613 5.58 19.776 24.791
1614 7.44 38.879 18.259
1615 3.72 13.301 10.893
1616 9.3 7.177 26.179
1617 1.86 38.671 20.319
1618 9.3 21.088 2.161
1619 9.3 2.563 16.118
1620 5.58 5.165 24.628
1621 5.58 25.615 10.551
1622 3.72 11.73 24.609
1623 1.86 22.928 26.454
1624 3.72 2.161 37.799
1625 3.72 33.535 4.013
1626 7.44 30.519 20.764
1627 9.3 21.163 32.294
1628 9.3 14.091 12.438
1629 9.3 13.586 8.64
1630 7.44 32.188 22.25
1631 7.44 14.783 29.689
1632 9.3 26.555 29.995
1633 9.3 13.044 24.48
1634 9.3 16.502 6.819
1635 3.72 6.45 30.676
1636 3.72 11.181 15.623
1637 5.58 25.728 3.417
1638 1.86 30.771 6.87
1639 1.86 3.639 8.272
1640 1.86 25.227 22.581
1641 5.58 14.132 20.862
1642 5.58 23.594 25.956
1643 1.86 14.762 1.722
1644 7.44 28.819 39.274
1645 5.58 36.875 18.371
1646 7.44 21.439 26.351
1647 3.72 1.633 10.803
1648 3.72 29.437 30.077
1649 5.58 14.157 26.129
1650 3.72 10.901 28.813
1651 7.44 15.893 36.118
1652 1.86 27.752 3.44
1653 9.3 0.812 36.622
1654 3.72 9.052 33.598
1655 5.58 18.933 4.119
1656 7.44 26.134 34.269
1657 7.44 37.13 12.651
1658 3.72 38.451 9.26
1659 5.58 4.271 36.933
1660 5.58 25.592 19.927
1661 9.3 19.271 3.698
1662 3.72 34.564 11.184
1663 9.3 9.481 24.98
1664 9.3 29.781 15.299
1665 7.44 19.015 18.055
1666 7.44 19.08 11.456
1667 1.86 4.177 5.774
1668 5.58 26.948 19.114
1669 7.44 28.268 21.142
1670 1.86 2.256 12.443
1671 9.3 25.405 9.26
1672 9.3 11.154 31.067
1673 9.3 2.612 5.566
1674 1.86 36.87 2.98
1675 1.86 10.258 2.121
1676 1.86 13.796 21.571
1677 1.86 16.152 28.666
1678 3.72 30.633 35.058
1679 3.72 34.454 7.052
1680 1.86 35.766 34.656
1681 3.72 7.772 8.314
1682 1.86 17.497 34.155
1683 9.3 16.323 27.954
1684 3.72 33.278 31.542
1685 3.72 18.593 30.337
1686 1.86 18.938 12.204
1687 1.86 22.632 32.62
1688 3.72 5.453 32.341
1689 5.58 39.118 21.398
1690 1.86 2.353 19.762
1691 3.72 18.739 3.059
1692 1.86 22.181 3.945
1693 3.72 31.128 38.119
1694 5.58 3.746 30.885
1695 1.86 8.163 34.244
1696 7.44 17.97 19.188
1697 9.3 5.743 11.652
1698 3.72 10.906 2.051
1699 5.58 11.506 1.757
1700 3.72 32.862 15.158
1701 1.86 26.67 13.144
1702 5.58 25.983 12.978
1703 3.72 19.406 8.975
1704 3.72 19.633 29.336
1705 3.72 9.146 25.44
1706 3.72 18.238 20.342
1707 9.3 20.674 10.026
1708 1.86 11.831 20.733
1709 1.86 34.246 11.066
1710 1.86 2.249 8.834
1711 7.44 29.503 34.413
1712 9.3 15.9 30.694
1713 3.72 0.552 2.883
1714 1.86 4.645 7.702
1715 1.86 18.935 4.258
1716 1.86 33.403 1.698
1717 7.44 29.614 2.459
1718 5.58 5.205 35.938
1719 7.44 11.896 27.143
1720 1.86 38.165 39.305
1721 9.3 6.628 27.747
1722 9.3 7.106 28.103
1723 3.72 11.279 32.072
1724 7.44 14.437 1.897
1725 7.44 32.182 36.903
1726 5.58 8.832 2.097
1727 9.3 19.531 38.809
1728 1.86 22.446 18.283
1729 7.44 12.019 13.442
1730 7.44 27.14 23.552
1731 1.86 2.422 28.778
1732 3.72 13.88 34.947
1733 9.3 12.123 9.078
1734 1.86 12.362 39.174
1735 5.58 29.297 1.569
1736 5.58 6.01 26.506
1737 5.58 18.696 1.503
1738 1.86 28.717 19.539
1739 3.72 33.421 27.439
1740 1.86 36.096 8.303
1741 1.86 33.721 20.349
1742 1.86 27.699 33.162
1743 9.3 9.225 9.527
1744 3.72 20.574 14.456
1745 7.44 2.543 33.783
1746 7.44 25.171 7.869
1747 5.58 24.438 16.196
1748 5.58 27.821 32.145
1749 1.86 28.011 0.287
1750 9.3 28.321 15.816
1751 9.3 9.915 13.633
1752 7.44 34.898 25.318
1753 5.58 32.218 16.478
1754 7.44 34.622 36.567
1755 5.58 28.962 34.984
1756 3.72 37.245 32.966
1757 9.3 20.089 37.108
1758 5.58 31.628 25.845
1759 9.3 23.787 26.436
1760 9.3 9.034 20.754
1761 1.86 0.703 9.501
1762 3.72 34.445 23.935
1763 5.58 25.626 14.597
1764 1.86 28.065 14.032
1765 7.44 3.866 4.149
1766 5.58 7.372 2.67
1767 7.44 10.037 16.59
1768 7.44 0.25 15.878
1769 9.3 20.555 4.324
1770 7.44 29.493 29.738
1771 1.86 20.185 30.687
1772 3.72 3.364 6.321
1773 7.44 2.891 32.287
1774 5.58 3.74 12.125
1775 7.44 25.037 36.53
1776 1.86 8.881 2.054
1777 7.44 28.535 13.244
1778 3.72 9.947 6.543
1779 3.72 30.144 21.755
1780 7.44 15.026 39.085
1781 1.86 26.933 29.59
1782 7.44 29.334 37.973
1783 3.72 1.436 0.25
1784 7.44 39.298 33.082
1785 9.3 38.561 20.216
1786 7.44 15.427 28.58
1787 5.58 14.07 6.173
1788 3.72 23.907 39.044
1789 7.44 20.859 24.293
1790 9.3 21.92 25.113
1791 3.72 22.975 6.341
1792 7.44 8.192 9.781
1793 5.58 26.959 35.387
1794 9.3 6.156 37.317
1795 3.72 30.252 26.084
1796 7.44 38.58 10.361
1797 7.44 32.072 6.646
1798 5.58 2.957 13.35
1799 1.86 8.16 26.801
1800 9.3 5.332 2.853
1801 5.58 31.504 8.855
1802 5.58 28.023 24.424
1803 7.44 37.745 13.366
1804 9.3 2.785 23.965
1805 9.3 28.352 7.469
1806 5.58 12.014 30.453
1807 7.44 15.855 39.688
1808 7.44 39.317 2.586
1809 7.44 8.647 38.424
1810 9.3 25.828 4.772
1811 9.3 29.32 38.625
1812 1.86 35.951 9.246
1813 9.3 21.288 9.157
1814 3.72 3.164 11.226
1815 7.44 37.743 18.188
1816 7.44 14.244 33.425
1817 3.72 22.042 38.142
1818 5.58 33.37 12.344
1819 5.58 26.878 2.656
1820 9.3 19.733 12.569
1821 1.86 33.832 6.314
1822 1.86 19.674 2.164
1823 5.58 35.368 7.997
1824 7.44 29.98 1.802
1825 1.86 24.357 21.437
1826 1.86 17.659 5.519
1827 7.44 37.356 20.664
1828 7.44 16.26 26.307
1829 5.58 14.728 16.925
1830 9.3 19.117 14.461
1831 3.72 18.87 11.516
1832 9.3 33.859 28.575
1833 7.44 28.886 39.241
1834 3.72 10.147 4.432
1835 1.86 38.669 32.07
1836 9.3 13.119 25.525
1837 7.44 22.093 16.779
1838 1.86 1.172 20.166
1839 9.3 22.521 7.278
1840 7.44 24.794 8.895
1841 3.72 4.754 19.863
1842 7.44 9.122 26.356
1843 9.3 35.102 21.163
1844 7.44 29.937 32.817
1845 5.58 13.779 2.883
1846 1.86 26.252 16.989
1847 5.58 32.383 27.235
1848 1.86 11.265 11.636
1849 7.44 27.788 2.676
1850 3.72 2.404 0.475
1851 1.86 11.136 37.74
1852 5.58 35.906 23.431
1853 9.3 33.056 14.416
1854 9.3 35.945 4.547
1855 1.86 4.186 12.251
1856 9.3 31.573 25.086
1857 7.44 23.171 0.413
1858 1.86 0.561 37.213
1859 7.44 15.148 25.123
1860 3.72 28.05 38.043
1861 7.44 33.046 34.847
1862 5.58 23.261 19.898
1863 7.44 26.991 24.223
1864 1.86 0.531 17.63
1865 3.72 6.584 28.255
1866 9.3 33.241 2.82
1867 3.72 0.211 38.552
1868 1.86 26.693 37.832
1869 7.44 25.752 27.02
1870 9.3 3.329 34.427
1871 3.72 32.174 1.552
1872 3.72 35.173 33.662
1873 9.3 25.264 22.066
1874 7.44 6.681 3.842
1875 7.44 27.419 22.895
1876 7.44 23.565 14.02
1877 1.86 5.439 4.976
1878 5.58 37.803 0.24
1879 3.72 0.683 35.896
1880 1.86 8.161 6.97
1881 9.3 13.91 19.092
1882 1.86 33.364 34.919
1883 3.72 24.924 18.995
1884 3.72 18.5 17.711
1885 5.58 15.016 12.618
1886 1.86 5.65 31.096
1887 5.58 25.75 3.278
1888 5.58 7.375 29.353
1889 1.86 39.17 35.582
1890 7.44 2.049 32.798
1891 9.3 11.863 8.018
1892 5.58 7.3 19.681
1893 5.58 22.556 37.805
1894 9.3 0.554 28.711
1895 5.58 30.481 20.043
1896 3.72 20.81 39.73
1897 1.86 2.193 31.92
1898 7.44 4.063 1.067
1899 5.58 8.042 37.072
1900 1.86 13.537 27.221
1901 5.58 31.316 3.44
1902 5.58 38.267 25.514
1903 1.86 25.792 2.556
1904 3.72 18.123 0.451
1905 5.58 38.732 25.105
1906 5.58 2.943 34.526
1907 9.3 1.47 26.865
1908 5.58 36.423 29.118
1909 5.58 5.901 35.904
1910 3.72 5.463 25.471
1911 7.44 35.706 34.958
1912 1.86 23.798 28.467
1913 5.58 19.474 39.772
1914 7.44 29.529 27.865
1915 7.44 38.632 22.023
1916 3.72 37.822 3.177
1917 1.86 20.652 9.138
1918 5.58 17.614 29.027
1919 7.44 25.721 19.701
1920 5.58 11.419 34.093
1921 1.86 2.951 4.992
1922 9.3 26.145 12.152
1923 3.72 14.179 16.369
1924 3.72 38.939 1.21
1925 5.58 31.591 4.4
1926 5.58 30.769 34.465
1927 7.44 12.364 3.36
1928 9.3 17.173 18.99
1929 3.72 36.019 7.003
1930 7.44 8.566 14.157
1931 1.86 13.228 14.242
1932 9.3 5.264 15.405
1933 1.86 16.343 39.459
1934 7.44 0.407 12.276
1935 7.44 0.337 30.27
1936 9.3 14.708 25.858
1937 3.72 20.565 7.327
1938 7.44 4.394 29.064
1939 9.3 29.422 8.654
1940 5.58 8.204 30.099
1941 1.86 7.929 30.702
1942 7.44 36.472 35.055
1943 7.44 26.848 26.108
1944 5.58 19.238 5.907
1945 1.86 32.811 8.828
1946 7.44 3.337 18.81
1947 1.86 30.756 13.63
1948 3.72 20.664 30.499
1949 3.72 5.64 11.809
1950 9.3 1.234 37.206
1951 1.86 29.495 2.106
1952 9.3 28.5 16.199
1953 5.58 37.07 3.577
1954 3.72 21.034 34.032
1955 5.58 38.513 3.893
1956 1.86 33.217 10.307
1957 1.86 4.974 37.365
1958 5.58 11.418 2.616
1959 3.72 1.744 5.952
1960 9.3 25.527 11.922
1961 3.72 10.34 20.023
1962 5.58 18.084 18.757
1963 3.72 29.378 31.147
1964 3.72 12.48 29.783
1965 5.58 4.246 37.774
1966 7.44 24.634 33.74
1967 5.58 32.365 0.864
1968 3.72 11.16 27.051
1969 7.44 12.276 0.559
1970 7.44 29.874 24.461
1971 3.72 11.365 11.361
1972 3.72 25.508 25.249
1973 7.44 15.419 29.512
1974 7.44 4.774 33.982
1975 3.72 2.275 14.915
1976 5.58 10.466 12.188
1977 7.44 0.465 26.925
1978 9.3 13.786 33.073
1979 3.72 38.586 22.781
1980 3.72 23.632 15.996
1981 9.3 5.506 1.665
1982 7.44 8.961 15.99
1983 1.86 24.626 17.178
1984 1.86 35.082 27.713
1985 9.3 16.719 37.314
1986 5.58 20.431 25.189
1987 3.72 8.005 23.575
1988 7.44 29.622 25.901
1989 7.44 28.551 9.771
1990 9.3 29.228 10.615
1991 3.72 26.453 17.449
1992 1.86 34.208 36.591
1993 7.44 35.261 8.458
1994 1.86 6.605 0.299
1995 7.44 20.936 30.034
1996 1.86 6.836 23.847
1997 9.3 19.357 4.198
1998 5.58 35.664 5.423
1999 5.58 33.01 15.064
2000 3.72 31.111 13.224
2001 5.58 14.402 12.61
2002 1.86 3.076 39.438
2003 1.86 9.799 4.822
2004 3.72 14.956 19.718
2005 1.86 28.328 25.836
2006 1.86 4.92 13.423
2007 3.72 18.735 30.027
2008 5.58 30.711 8.994
2009 9.3 38.191 12.785
2010 7.44 14.225 4.293
2011 1.86 22.498 21.678
2012 1.86 13.683 31.979
2013 1.86 36.682 22.989
2014 1.86 3.197 38.744
2015 5.58 15.292 35.22
2016 5.58 26.029 20.182
2017 9.3 13.088 29.717
2018 7.44 32.856 0.491
2019 5.58 30.703 32.851
2020 7.44 7.405 35.383
2021 9.3 36.667 38.066
2022 7.44 23.825 7.293
2023 1.86 6.209 16.063
2024 7.44 35.083 22.638
2025 1.86 37.632 14.851
2026 1.86 38.521 29.554
2027 3.72 2.331 30.066
2028 5.58 0.478 7.08
2029 5.58 38.299 2.353
2030 7.44 10.59 27.594
2031 7.44 2.769 37.951
2032 3.72 31.624 24.005
2033 7.44 34.759 20.042
2034 7.44 16.361 23.171
2035 3.72 24.366 0.493
2036 5.58 25.837 10.701
2037 5.58 4.389 22.501
2038 9.3 27.097 28.588
2039 3.72 4.265 33.809
2040 5.58 24.448 33.328
2041 5.58 8.623 27.037
2042 1.86 17.59 39.009
2043 9.3 19.07 28.581
2044 3.72 39.216 35.399
2045 9.3 19.456 36.672
2046 9.3 9.844 1.987
2047 3.72 16.558 20.224
2048 9.3 11.091 2.5
2049 9.3 15.11 25.632
2050 1.86 3.062 33.507
2051 1.86 6.731 5.621
2052 5.58 7.743 34.826
2053 3.72 31.178 13.159
2054 5.58 39.45 11.423
2055 1.86 20.132 31.825
2056 9.3 25.293 38.096
2057 3.72 36.991 30.192
2058 1.86 25.685 34.201
2059 9.3 6.924 0.256
2060 5.58 10.206 9.883
2061 7.44 0.731 9.403
2062 3.72 10.614 39.479
2063 3.72 12.0 28.111
2064 3.72 39.416 9.084
2065 1.86 8.693 32.992
2066 7.44 27.357 21.126
2067 5.58 0.457 9.132
2068 7.44 28.627 17.031
2069 3.72 8.936 30.574
2070 3.72 1.479 12.918
2071 7.44 37.089 15.686
2072 5.58 11.335 31.976
2073 3.72 9.27 1.041
2074 3.72 3.318 32.826
2075 7.44 21.677 20.141
2076 3.72 2.069 21.217
2077 7.44 0.603 15.239
2078 3.72 13.162 20.352
2079 9.3 7.637 29.925
2080 5.58 36.335 16.827
2081 1.86 38.4 38.662
2082 3.72 22.739 30.721
2083 7.44 1.373 19.358
2084 7.44 35.362 4.217
2085 7.44 32.086 36.611
2086 1.86 32.53 8.388
2087 3.72 20.256 15.436
2088 9.3 36.929 37.457
2089 5.58 24.297 34.357
2090 7.44 38.268 7.373
2091 5.58 8.857 21.119
2092 5.58 38.151 20.328
2093 3.72 8.343 0.576
2094 1.86 27.271 7.701
2095 5.58 23.026 14.927
2096 3.72 31.937 28.472
2097 1.86 16.601 34.242
2098 3.72 10.798 31.782
2099 7.44 5.117 5.653
2100 5.58 29.372 16.762
2101 5.58 26.19 10.263
2102 7.44 29.933 1.998
2103 1.86 32.819 21.139
2104 1.86 4.471 6.353
2105 3.72 29.137 19.356
2106 9.3 26.301 29.932
2107 7.44 21.106 33.946
2108 3.72 7.367 24.296
2109 7.44 37.064 12.579
2110 9.3 25.327 27.576
2111 5.58 1.48 29.583
2112 3.72 0.34 19.178
2113 5.58 6.821 14.282
2114 5.58 10.804 8.63
2115 9.3 2.187 28.03
2116 7.44 0.26 18.237
2117 1.86 25.715 17.281
2118 3.72 8.724 19.607
2119 9.3 21.163 39.251
2120 5.58 20.51 22.37
2121 3.72 17.89 29.14
2122 5.58 13.725 22.091
2123 5.58 2.14 9.452
2124 5.58 34.267 20.049
2125 7.44 15.902 5.564
2126 1.86 7.564 18.317
2127 9.3 36.629 36.421
2128 7.44 17.517 17.48
2129 1.86 16.998 37.155
2130 7.44 30.214 12.332
2131 7.44 11.831 11.546
2132 1.86 13.063 16.427
2133 3.72 31.574 5.622
2134 1.86 27.68 0.254
2135 9.3 31.447 39.463
2136 1.86 29.31 32.286
2137 3.72 20.801 18.807
2138 7.44 29.387 29.794
2139 1.86 37.551 20.997
2140 3.72 8.83 4.741
2141 5.58 35.577 8.336
2142 5.58 7.432 22.257
2143 3.72 34.767 6.909
2144 7.44 9.825 16.237
2145 1.86 8.245 25.811
2146 3.72 27.672 19.896
2147 9.3 30.808 38.426
2148 9.3 37.854 24.942
2149 3.72 18.361 3.371
2150 5.58 32.945 12.555
2151 9.3 26.215 8.906
2152 9.3 5.863 24.005
2153 9.3 38.463 24.315
2154 5.58 32.181 24.243
2155 1.86 31.545 19.742
2156 3.72 14.571 4.774
2157 3.72 22.634 14.1
2158 7.44 19.082 34.942
2159 9.3 27.462 39.174
2160 9.3 2.103 30.184
2161 1.86 27.665 28.516
2162 7.44 14.307 32.668
2163 5.58 1.776 18.293
2164 1.86 12.866 19.083
2165 5.58 14.468 31.269
2166 3.72 21.832 18.24
2167 9.3 7.832 11.854
2168 3.72 4.323 11.139
2169 7.44 10.255 20.3
2170 9.3 3.585 7.065
2171 7.44 15.835 16.059
2172 5.58 27.224 27.107
2173 3.72 2.33 6.057
2174 3.72 39.76 34.493
2175 7.44 32.925 20.303
2176 1.86 11.083 9.828
2177 1.86 10.812 33.4
2178 9.3 35.061 4.115
2179 7.44 0.975 31.237
2180 1.86 16.048 26.489
2181 9.3 29.614 39.678
2182 7.44 8.168 36.68
2183 5.58 11.006 3.811
2184 3.72 2.699 7.718
2185 3.72 33.153 0.373
2186 5.58 9.599 22.75
2187 1.86 35.393 27.827
2188 9.3 8.827 19.488
2189 5.58 6.668 5.217
2190 9.3 33.071 38.415
2191 9.3 23.924 32.092
2192 3.72 21.371 31.055
2193 1.86 25.125 23.29
2194 9.3 20.28 20.626
2195 9.3 30.774 6.656
2196 7.44 21.806 27.609
2197 7.44 4.471 14.331
2198 7.44 29.362 31.154
2199 3.72 35.858 38.834
2200 3.72 19.371 27.317
2201 3.72 4.342 5.272
2202 1.86 36.183 37.57
2203 9.3 19.399 25.525
2204 7.44 3.19 23.581
2205 9.3 29.809 36.816
2206 7.44 37.154 33.331
2207 7.44 38.717 13.968
2208 1.86 39.104 26.554
2209 1.86 21.083 35.012
2210 7.44 17.616 4.194
2211 9.3 4.647 2.434
2212 9.3 38.439 8.544
2213 7.44 8.388 38.69
2214 7.44 15.993 24.021
2215 3.72 24.712 15.82
2216 1.86 30.17 15.308
2217 7.44 32.863 16.386
2218 1.86 8.63 5.736
2219 1.86 31.533 13.887
2220 9.3 15.25 26.976
2221 1.86 26.405 34.811
2222 5.58 28.587 15.324
2223 3.72 32.576 1.741
2224 3.72 30.318 1.591
2225 7.44 34.161 6.703
2226 5.58 5.799 16.84
2227 9.3 7.376 10.605
2228 5.58 18.786 16.639
2229 5.58 27.288 35.867
2230 7.44 21.561 8.787
2231 5.58 8.704 33.072
2232 1.86 9.117 29.316
2233 7.44 27.971 22.703
2234 3.72 27.461 36.048
2235 9.3 33.428 6.122
2236 5.58 17.249 21.228
2237 9.3 38.646 29.637
2238 1.86 33.496 25.996
2239 9.3 28.502 4.376
2240 3.72 4.543 5.97
2241 7.44 23.498 37.882
2242 5.58 0.568 27.928
2243 7.44 31.22 17.894
2244 1.86 11.616 39.551
2245 3.72 5.701 5.373
2246 3.72 2.439 35.904
2247 7.44 10.024 17.818
2248 1.86 6.081 18.803
2249 9.3 4.301 39.642
2250 7.44 15.686 29.795
2251 9.3 25.846 20.05
2252 9.3 29.346 2.539
2253 1.86 36.101 28.288
2254 9.3 12.414 36.014
2255 5.58 25.443 30.006
2256 1.86 19.768 30.718
2257 1.86 7.828 22.403
2258 5.58 18.058 12.755
2259 5.58 35.213 1.021
2260 9.3 30.462 35.102
2261 9.3 39.748 34.022
2262 1.86 22.3 7.791
2263 7.44 39.786 23.419
2264 5.58 12.003 29.865
2265 9.3 36.968 18.254
2266 9.3 31.938 35.229
2267 3.72 32.026 0.59
2268 5.58 7.556 35.028
2269 7.44 3.555 5.123
2270 9.3 28.002 34.566
2271 1.86 28.812 24.822
2272 7.44 15.728 13.077
2273 1.86 34.86 11.396
2274 9.3 34.574 33.818
2275 1.86 12.278 7.955
2276 1.86 24.632 7.612
2277 5.58 7.472 17.678
2278 7.44 20.08 31.012
2279 9.3 26.025 31.521
2280 3.72 34.687 17.375
2281 5.58 28.5 25.194
2282 3.72 32.032 36.69
2283 7.44 31.372 9.937
2284 1.86 24.328 3.348
2285 3.72 4.767 36.533
2286 1.86 4.57 11.657
2287 3.72 15.498 2.271
2288 5.58 26.347 10.764
2289 1.86 6.577 14.442
2290 5.58 13.503 25.796
2291 3.72 18.935 31.578
2292 5.58 7.444 23.606
2293 5.58 18.64 19.0
2294 7.44 38.574 4.489
2295 9.3 33.058 36.201
2296 1.86 19.42 17.57
2297 9.3 29.614 3.46
2298 3.72 28.868 16.894
2299 7.44 22.577 31.06
2300 7.44 3.697 12.423
2301 5.58 35.445 31.97
2302 3.72 6.46 12.981
2303 5.58 30.783 29.203
2304 5.58 21.052 35.532
2305 3.72 24.918 9.37
2306 5.58 28.11 31.665
2307 9.3 8.092 14.804
2308 1.86 8.281 37.689
2309 3.72 27.378 2.13
2310 7.44 14.607 27.741
2311 5.58 21.532 1.946
2312 1.86 21.981 7.056
2313 5.58 1.539 27.531
2314 3.72 31.966 12.359
2315 7.44 34.66 12.88
2316 1.86 28.126 19.466
2317 5.58 28.054 7.778
2318 3.72 0.987 2.551
2319 7.44 18.306 16.382
2320 1.86 2.593 22.38
2321 1.86 0.295 14.427
2322 3.72 31.578 33.275
2323 5.58 15.643 6.262
2324 5.58 9.787 12.629
2325 7.44 26.229 29.611
2326 1.86 36.373 8.811
2327 7.44 21.235 34.834
2328 1.86 1.81 6.358
2329 7.44 25.111 4.99
2330 3.72 9.197 1.123
2331 3.72 35.421 31.219
2332 1.86 16.78 25.874
2333 7.44 37.203 15.858
2334 3.72 2.14 3.567
2335 9.3 37.367 29.565
2336 3.72 12.547 4.415
2337 3.72 26.83 19.125
2338 3.72 2.542 14.451
2339 7.44 6.898 26.055
2340 5.58 32.926 21.77
2341 3.72 22.171 28.464
2342 5.58 12.385 6.438
2343 1.86 10.691 5.303
2344 1.86 1.071 13.342
2345 3.72 20.524 13.048
2346 5.58 12.282 28.065
2347 1.86 18.435 15.858
2348 5.58 34.499 10.22
2349 1.86 16.85 18.407
2350 1.86 8.793 37.173
2351 1.86 13.539 13.857
2352 5.58 17.639 1.702
2353 3.72 19.459 14.969
2354 9.3 28.888 33.347
2355 9.3 38.17 6.267
2356 5.58 12.029 28.594
2357 7.44 13.26 11.981
2358 9.3 20.806 28.31
2359 7.44 7.767 17.784
2360 9.3 17.836 8.26
2361 1.86 36.987 14.59
2362 7.44 27.484 26.881
2363 5.58 9.565 5.279
2364 1.86 20.606 24.628
2365 7.44 36.362 9.621
2366 1.86 18.264 16.804
2367 3.72 19.478 8.215
2368 3.72 2.093 20.217
2369 7.44 28.401 12.966
2370 9.3 12.505 23.315
2371 9.3 26.16 29.652
2372 5.58 32.689 33.221
2373 9.3 26.538 19.176
2374 1.86 14.164 14.64
2375 5.58 16.01 4.237
2376 7.44 33.563 27.699
2377 3.72 39.572 16.861
2378 7.44 20.697 39.373
2379 9.3 5.714 1.866
2380 1.86 4.583 20.744
2381 7.44 16.85 6.951
2382 7.44 16.756 6.38
2383 5.58 18.746 18.512
2384 5.58 18.084 38.129
2385 9.3 15.543 36.569
2386 9.3 9.297 25.83
2387 3.72 38.976 31.561
2388 5.58 6.824 15.869
2389 7.44 9.32 29.605
2390 1.86 36.332 15.512
2391 3.72 16.544 10.018
2392 7.44 7.954 27.043
2393 9.3 14.826 8.514
2394 1.86 29.666 19.948
2395 7.44 34.51 14.933
2396 5.58 39.651 22.125
2397 9.3 18.263 37.232
2398 9.3 27.737 18.737
2399 7.44 11.047 30.603
2400 9.3 32.347 12.224
