location capacity Xf Yf
1 59.53 15.788 24.059
2 23.81 16.419 0.307
3 23.81 3.044 13.429
4 11.91 5.926 1.22
5 59.53 26.13 26.595
6 59.53 23.565 22.968
7 59.53 22.537 16.4
8 35.72 8.667 23.204
9 35.72 24.446 2.979
10 47.63 19.258 7.929
11 23.81 19.462 18.244
12 23.81 8.566 24.812
13 11.91 25.002 11.383
14 47.63 18.031 20.595
15 59.53 0.85 12.152
16 11.91 10.125 18.924
17 47.63 23.525 27.592
18 23.81 24.249 0.307
19 35.72 8.46 6.445
20 11.91 1.726 7.356
21 59.53 2.129 2.766
22 59.53 20.237 27.334
23 47.63 10.143 13.748
24 59.53 14.881 6.911
25 47.63 23.314 0.635
26 47.63 2.097 12.434
27 47.63 8.978 24.709
28 47.63 19.206 16.946
29 23.81 5.294 21.78
30 11.91 13.179 8.734
31 11.91 15.201 17.633
32 35.72 1.865 10.014
33 11.91 12.91 25.86
34 35.72 18.952 23.592
35 35.72 15.738 6.311
36 23.81 22.523 4.825
37 23.81 12.356 2.083
38 35.72 1.433 23.539
39 59.53 24.188 2.284
40 59.53 21.016 1.381
41 35.72 24.338 19.089
42 35.72 14.376 15.193
43 11.91 4.349 25.474
44 35.72 17.781 23.443
45 11.91 18.561 20.797
46 35.72 21.119 26.389
47 23.81 17.481 17.923
48 11.91 27.704 20.536
49 11.91 1.596 10.295
50 11.91 8.886 1.575
51 11.91 15.723 4.99
52 23.81 15.312 5.512
53 11.91 3.174 13.841
54 11.91 12.037 6.304
55 47.63 25.859 13.903
56 11.91 19.631 14.909
57 47.63 14.097 16.605
58 23.81 9.923 24.826
59 35.72 18.567 13.287
60 11.91 5.846 19.018
61 47.63 4.983 9.669
62 23.81 8.582 8.279
63 35.72 5.638 7.32
64 59.53 23.092 18.932
65 23.81 25.753 7.518
66 47.63 20.929 11.169
67 59.53 10.243 21.764
68 23.81 20.869 8.903
69 47.63 10.345 14.266
70 11.91 11.268 1.207
71 23.81 19.985 16.407
72 59.53 23.74 4.422
73 47.63 1.394 3.159
74 35.72 22.752 5.968
75 11.91 8.167 15.821
76 59.53 11.178 23.049
77 47.63 8.519 15.531
78 35.72 9.581 27.49
79 59.53 21.987 3.734
80 59.53 2.008 5.956
81 59.53 24.84 24.437
82 47.63 7.158 6.964
83 11.91 25.778 11.818
84 11.91 23.305 10.325
85 47.63 26.633 12.967
86 11.91 10.818 18.028
87 11.91 26.57 18.283
88 23.81 0.343 23.746
89 11.91 4.875 11.052
90 47.63 4.405 6.742
91 23.81 21.039 2.423
92 11.91 9.845 24.426
93 11.91 2.04 15.126
94 35.72 20.235 21.071
95 59.53 19.592 5.031
96 59.53 5.717 4.991
97 35.72 10.652 15.978
98 59.53 25.991 18.537
99 11.91 22.258 21.436
100 35.72 13.791 8.973
101 23.81 4.528 19.9
102 59.53 19.404 25.705
103 11.91 22.946 9.219
104 11.91 9.082 13.217
105 11.91 17.396 15.452
106 35.72 22.553 0.855
107 59.53 6.66 26.42
108 23.81 13.967 21.952
109 47.63 1.499 2.035
110 35.72 13.991 8.66
111 35.72 24.887 13.164
112 35.72 13.638 22.253
113 11.91 11.572 27.033
114 11.91 7.73 19.527
115 47.63 10.832 12.38
116 11.91 15.417 14.321
117 35.72 21.229 0.989
118 59.53 26.419 3.792
119 35.72 19.504 15.565
120 59.53 20.832 10.396
121 59.53 24.911 1.972
122 11.91 2.729 16.153
123 59.53 22.254 3.975
124 23.81 10.444 10.759
125 47.63 12.713 2.203
126 59.53 7.117 5.618
127 23.81 1.988 14.958
128 11.91 8.941 25.936
129 23.81 24.554 4.952
130 11.91 21.795 17.866
131 11.91 24.843 25.35
132 59.53 4.344 26.382
133 59.53 18.69 27.487
134 35.72 15.179 3.786
135 47.63 13.284 22.493
136 23.81 25.796 13.041
137 47.63 10.752 15.895
138 59.53 27.781 0.987
139 35.72 9.192 9.005
140 23.81 22.617 10.018
141 59.53 8.823 22.949
142 59.53 4.325 23.499
143 11.91 3.243 21.554
144 59.53 17.034 9.489
145 11.91 2.858 12.603
146 23.81 25.788 4.978
147 23.81 17.915 21.799
148 59.53 18.76 14.284
149 35.72 10.161 13.627
150 59.53 5.63 3.08
151 11.91 25.294 27.64
152 23.81 4.38 27.227
153 47.63 1.217 2.236
154 35.72 12.847 5.859
155 35.72 3.364 9.97
156 59.53 7.794 9.358
157 35.72 15.231 4.703
158 35.72 7.467 24.883
159 23.81 7.221 14.488
160 59.53 5.871 14.654
161 23.81 6.343 18.979
162 35.72 19.606 13.532
163 59.53 7.769 0.891
164 59.53 27.288 4.275
165 35.72 9.637 24.146
166 11.91 22.857 7.548
167 59.53 17.919 17.54
168 47.63 19.278 21.781
169 23.81 19.286 15.852
170 47.63 23.401 26.153
171 23.81 12.465 17.519
172 23.81 16.751 5.417
173 23.81 13.751 19.737
174 59.53 25.041 24.672
175 35.72 10.379 5.706
176 35.72 15.889 1.348
177 23.81 12.515 14.112
178 59.53 19.293 1.195
179 35.72 16.707 19.316
180 35.72 21.15 14.106
181 35.72 14.257 10.632
182 11.91 6.306 11.712
183 35.72 24.119 0.772
184 47.63 10.073 21.364
185 11.91 27.304 23.23
186 23.81 24.759 22.585
187 59.53 22.683 19.907
188 11.91 0.598 26.376
189 35.72 2.693 26.722
190 35.72 10.041 15.734
191 11.91 19.85 4.055
192 47.63 23.549 14.302
193 23.81 3.343 11.751
194 11.91 10.756 6.09
195 23.81 17.408 7.316
196 35.72 10.858 2.121
197 47.63 23.697 2.751
198 47.63 1.682 9.918
199 35.72 5.782 2.631
200 11.91 25.985 15.091
201 35.72 0.882 18.088
202 47.63 3.876 4.455
203 23.81 16.975 10.419
204 47.63 24.629 14.046
205 47.63 1.402 22.357
206 11.91 19.032 22.197
207 23.81 9.721 18.127
208 23.81 9.821 18.398
209 35.72 21.58 19.527
210 35.72 1.769 5.218
211 47.63 16.032 19.472
212 11.91 12.74 15.706
213 59.53 24.918 19.519
214 47.63 26.547 22.376
215 23.81 21.469 20.995
216 47.63 1.277 20.764
217 23.81 10.279 16.979
218 35.72 15.417 12.731
219 35.72 17.736 1.624
220 47.63 22.808 22.967
221 35.72 18.82 17.487
222 11.91 14.732 0.878
223 35.72 1.497 3.57
224 59.53 5.865 5.801
225 59.53 6.941 0.903
226 35.72 17.996 9.054
227 35.72 9.137 4.998
228 59.53 7.271 18.739
229 59.53 18.985 24.007
230 35.72 2.765 22.099
231 47.63 18.929 6.965
232 11.91 7.916 13.714
233 35.72 1.907 25.664
234 23.81 10.649 24.096
235 35.72 0.37 26.932
236 35.72 25.482 16.384
237 23.81 15.751 3.42
238 23.81 25.824 17.689
239 11.91 12.502 8.477
240 35.72 17.535 8.721
241 11.91 2.349 23.006
242 59.53 0.986 1.526
243 59.53 4.844 4.452
244 47.63 14.545 25.069
245 47.63 21.428 22.9
246 23.81 7.066 20.475
247 47.63 8.571 26.809
248 47.63 19.907 26.319
249 59.53 18.651 5.928
250 47.63 21.793 4.749
251 47.63 24.689 15.6
252 35.72 14.81 2.173
253 35.72 26.527 21.469
254 23.81 12.934 0.712
255 47.63 6.419 8.5
256 11.91 25.129 13.806
257 23.81 21.155 5.547
258 35.72 7.776 25.157
259 23.81 15.009 25.749
260 59.53 6.052 7.824
261 47.63 27.128 16.192
262 59.53 5.532 0.506
263 23.81 20.938 1.911
264 23.81 16.777 25.299
265 35.72 15.816 8.816
266 35.72 0.258 8.522
267 59.53 20.956 6.624
268 47.63 14.226 11.98
269 59.53 9.317 17.284
270 47.63 23.4 25.218
271 11.91 21.324 11.272
272 35.72 7.812 23.384
273 11.91 18.498 3.978
274 47.63 0.371 9.308
275 23.81 4.152 11.848
276 11.91 16.16 1.823
277 11.91 17.676 16.714
278 35.72 21.338 17.308
279 23.81 13.84 1.949
280 23.81 7.466 13.164
281 11.91 12.63 3.065
282 23.81 4.239 26.344
283 35.72 4.301 9.131
284 47.63 13.4 0.23
285 59.53 25.068 2.754
286 59.53 17.318 7.315
287 47.63 8.303 25.39
288 23.81 4.287 12.273
289 47.63 18.996 18.18
290 59.53 8.398 11.429
291 47.63 18.443 15.461
292 11.91 24.706 19.891
293 47.63 22.143 26.351
294 47.63 9.359 11.158
295 47.63 6.665 7.079
296 59.53 11.916 17.913
297 47.63 17.779 9.487
298 59.53 26.867 16.208
299 59.53 14.553 17.917
300 35.72 13.547 6.55
301 35.72 10.44 18.972
302 35.72 1.589 19.642
303 47.63 16.973 20.922
304 35.72 8.535 5.056
305 47.63 26.288 2.992
306 59.53 2.988 19.363
307 47.63 24.106 27.008
308 11.91 10.262 3.823
309 59.53 17.026 13.601
310 47.63 23.504 1.457
311 35.72 4.115 16.456
312 47.63 20.832 15.817
313 47.63 14.873 27.191
314 11.91 5.131 20.314
315 47.63 7.962 15.103
316 23.81 16.224 1.236
317 59.53 21.326 2.042
318 23.81 23.108 11.091
319 47.63 7.691 1.169
320 59.53 24.872 27.413
321 11.91 18.637 17.897
322 59.53 21.975 3.44
323 59.53 2.088 12.995
324 11.91 27.529 15.286
325 59.53 9.249 21.983
326 23.81 4.712 23.023
327 47.63 6.598 1.225
328 59.53 18.963 13.58
329 11.91 14.297 4.648
330 47.63 27.741 2.576
331 47.63 1.852 17.873
332 47.63 7.844 20.56
333 23.81 18.533 9.03
334 35.72 0.201 25.997
335 11.91 14.907 2.45
336 23.81 18.496 7.069
337 11.91 15.429 24.027
338 47.63 21.054 9.28
339 11.91 9.914 9.221
340 23.81 10.706 20.071
341 47.63 24.044 19.81
342 59.53 3.037 15.367
343 23.81 7.314 17.866
344 47.63 24.255 12.533
345 59.53 20.286 21.689
346 11.91 8.786 3.381
347 35.72 19.322 14.689
348 11.91 13.65 20.757
349 23.81 7.936 12.617
350 35.72 24.727 8.794
351 35.72 19.76 3.819
352 59.53 18.023 8.56
353 35.72 8.74 10.627
354 59.53 21.982 14.895
355 59.53 11.036 5.77
356 35.72 5.0 5.203
357 23.81 6.281 21.735
358 11.91 17.209 24.684
359 11.91 4.604 17.298
360 47.63 17.835 21.97
361 23.81 18.812 23.353
362 23.81 11.843 20.224
363 23.81 8.3 15.779
364 47.63 9.641 19.449
365 23.81 7.404 23.837
366 35.72 24.739 9.723
367 23.81 2.681 23.244
368 35.72 19.006 5.688
369 23.81 26.293 5.016
370 35.72 4.137 24.446
371 11.91 9.036 21.48
372 59.53 17.892 10.869
373 23.81 14.49 3.623
374 35.72 17.401 19.172
375 35.72 8.428 11.989
376 11.91 5.68 0.563
377 47.63 19.572 6.08
378 47.63 19.205 14.369
379 47.63 19.858 20.093
380 11.91 11.141 20.084
381 47.63 14.575 1.373
382 35.72 6.919 9.594
383 59.53 14.399 16.431
384 11.91 7.598 4.679
385 47.63 18.668 20.041
386 47.63 3.762 23.676
387 23.81 26.368 11.564
388 11.91 14.124 13.715
389 23.81 19.493 20.518
390 59.53 18.168 25.881
391 59.53 7.234 26.057
392 23.81 10.803 1.987
393 59.53 9.953 23.627
394 47.63 1.338 18.44
395 59.53 21.279 27.577
396 11.91 25.201 7.583
397 47.63 26.357 24.224
398 47.63 1.449 2.516
399 11.91 13.841 19.719
400 35.72 17.651 0.536
401 11.91 18.792 2.965
402 11.91 0.385 17.228
403 35.72 20.744 1.263
404 59.53 19.771 0.364
405 23.81 7.846 23.297
406 35.72 24.989 25.675
407 23.81 8.56 22.611
408 11.91 4.437 11.523
409 35.72 5.826 19.974
410 11.91 2.732 7.337
411 59.53 2.227 16.81
412 59.53 26.025 8.975
413 47.63 22.13 16.086
414 11.91 2.841 11.674
415 35.72 9.63 5.359
416 35.72 15.739 24.196
417 11.91 17.272 14.852
418 47.63 20.223 11.174
419 35.72 7.884 6.528
420 23.81 11.999 12.357
421 11.91 5.558 3.452
422 47.63 24.603 6.049
423 23.81 26.793 8.676
424 59.53 18.886 20.491
425 23.81 21.756 7.705
426 59.53 17.61 7.184
427 59.53 6.71 13.277
428 11.91 19.437 9.094
429 23.81 14.274 21.568
430 11.91 5.248 5.384
431 47.63 11.191 7.901
432 11.91 20.082 26.404
433 35.72 21.127 0.888
434 47.63 2.816 13.488
435 35.72 18.264 5.35
436 59.53 16.288 13.861
437 35.72 3.782 25.057
438 47.63 20.738 8.158
439 59.53 7.713 9.834
440 47.63 17.548 1.598
441 23.81 8.902 13.564
442 11.91 0.831 14.974
443 11.91 1.161 16.623
444 47.63 15.887 18.288
445 11.91 6.666 27.093
446 23.81 24.357 9.824
447 23.81 11.209 3.362
448 47.63 4.774 0.731
449 23.81 8.574 22.849
450 47.63 14.436 9.905
451 11.91 5.638 3.758
452 47.63 24.176 11.882
453 35.72 26.505 24.199
454 11.91 6.769 20.448
455 11.91 0.923 18.27
456 47.63 15.64 15.159
457 47.63 27.694 19.329
458 35.72 2.313 5.353
459 59.53 7.708 4.452
460 11.91 21.227 18.416
461 23.81 22.067 20.1
462 47.63 18.914 23.544
463 47.63 21.731 17.16
464 35.72 21.347 13.374
465 23.81 10.043 24.611
466 23.81 24.548 20.758
467 35.72 17.267 25.562
468 47.63 12.532 10.654
469 11.91 3.878 13.264
470 47.63 26.659 4.279
471 35.72 8.855 19.622
472 59.53 6.002 4.171
473 23.81 15.778 2.249
474 11.91 22.041 6.522
475 59.53 6.183 3.018
476 23.81 23.938 21.783
477 23.81 15.337 24.062
478 23.81 12.688 22.059
479 47.63 13.474 22.655
480 59.53 17.796 27.787
481 47.63 10.808 11.938
482 11.91 24.906 12.472
483 47.63 10.048 26.303
484 23.81 20.267 15.23
485 11.91 6.361 25.651
486 35.72 10.903 1.574
487 35.72 25.306 7.851
488 23.81 2.66 24.793
489 11.91 27.134 7.222
490 47.63 18.723 26.855
491 59.53 11.291 2.907
492 35.72 20.653 11.299
493 23.81 26.378 8.751
494 11.91 12.151 13.481
495 47.63 25.732 19.043
496 47.63 9.915 21.09
497 11.91 9.812 20.636
498 47.63 10.196 7.888
499 11.91 22.817 22.657
500 59.53 6.312 17.752
501 59.53 12.9 7.917
502 23.81 15.166 13.561
503 23.81 18.443 0.63
504 35.72 3.15 15.312
505 35.72 13.14 3.881
506 59.53 7.266 15.015
507 47.63 10.534 9.604
508 35.72 8.157 2.845
509 11.91 9.59 25.11
510 59.53 27.158 19.885
511 59.53 10.165 26.661
512 59.53 7.257 17.12
513 11.91 17.717 1.001
514 23.81 2.216 6.506
515 23.81 14.393 16.608
516 23.81 3.13 21.973
517 47.63 3.474 6.923
518 35.72 0.706 3.778
519 47.63 19.738 2.716
520 59.53 15.722 25.819
521 23.81 8.881 15.63
522 11.91 5.19 19.83
523 47.63 7.399 25.565
524 23.81 1.118 16.699
525 59.53 11.846 1.927
526 59.53 8.573 3.446
527 11.91 1.985 12.075
528 59.53 10.984 18.484
529 59.53 11.708 15.752
530 23.81 24.816 16.994
531 11.91 10.144 23.283
532 11.91 16.679 26.08
533 11.91 26.137 23.542
534 59.53 17.905 4.142
535 11.91 2.464 12.345
536 47.63 22.933 20.776
537 11.91 19.371 22.594
538 11.91 27.381 2.91
539 35.72 10.868 2.671
540 23.81 14.974 23.302
541 59.53 13.619 23.243
542 59.53 8.375 21.44
543 47.63 25.657 15.08
544 59.53 27.652 8.069
545 35.72 9.204 2.941
546 11.91 19.888 19.444
547 47.63 13.045 14.658
548 35.72 21.98 14.896
549 59.53 7.908 19.733
550 11.91 20.616 18.621
551 35.72 19.993 7.332
552 35.72 21.057 21.319
553 47.63 25.607 4.178
554 59.53 7.175 22.174
555 35.72 1.033 19.455
556 59.53 19.168 27.295
557 59.53 2.184 8.264
558 35.72 21.103 5.572
559 11.91 25.556 23.696
560 35.72 22.351 6.437
561 11.91 26.861 27.253
562 47.63 17.228 4.098
563 59.53 5.731 18.146
564 35.72 27.031 12.012
565 35.72 11.341 14.204
566 47.63 2.774 7.957
567 59.53 11.094 7.594
568 59.53 19.471 24.704
569 11.91 27.56 26.246
570 59.53 10.417 3.732
571 35.72 19.753 7.639
572 23.81 9.993 13.951
573 23.81 26.735 19.815
574 59.53 5.771 27.763
575 59.53 25.34 2.044
576 35.72 6.671 21.062
577 47.63 0.535 11.417
578 47.63 9.772 12.562
579 23.81 21.301 20.083
580 47.63 13.64 9.457
581 35.72 3.742 7.656
582 59.53 0.911 20.493
583 59.53 11.687 19.309
584 11.91 24.837 25.59
585 59.53 1.821 20.428
586 59.53 20.085 7.835
587 47.63 19.971 12.274
588 23.81 13.817 25.063
589 47.63 8.527 17.87
590 35.72 27.761 16.186
591 47.63 0.702 3.27
592 35.72 25.142 20.232
593 11.91 2.417 26.392
594 35.72 22.756 25.41
595 23.81 12.417 26.052
596 59.53 14.022 16.809
597 59.53 18.244 5.377
598 47.63 9.009 16.887
599 59.53 21.91 6.907
600 35.72 7.891 17.62
601 59.53 26.111 17.086
602 35.72 2.342 2.309
603 47.63 4.109 2.944
604 23.81 20.995 6.867
605 47.63 15.715 4.619
606 59.53 15.504 19.909
607 11.91 10.34 14.718
608 23.81 9.091 23.959
609 11.91 26.544 6.019
610 11.91 20.435 6.593
611 35.72 15.196 3.552
612 23.81 16.434 26.033
613 59.53 24.481 10.579
614 23.81 23.209 10.945
615 23.81 6.731 3.585
616 35.72 20.876 22.356
617 23.81 25.276 6.81
618 47.63 15.497 5.404
619 47.63 1.48 5.157
620 47.63 11.096 13.056
621 47.63 2.455 8.012
622 23.81 18.882 22.707
623 35.72 24.407 21.118
624 11.91 10.888 17.403
625 35.72 2.629 16.896
626 11.91 25.666 22.47
627 35.72 4.371 3.025
628 35.72 2.673 16.922
629 59.53 24.085 10.922
630 35.72 27.581 20.534
631 11.91 13.508 17.063
632 11.91 8.454 2.473
633 11.91 8.171 0.601
634 59.53 19.747 19.579
635 47.63 6.171 0.313
636 11.91 15.423 12.173
637 47.63 2.048 4.936
638 59.53 3.953 27.208
639 11.91 6.858 3.719
640 11.91 17.144 12.433
641 23.81 12.846 16.727
642 59.53 4.592 23.995
643 23.81 22.539 22.963
644 35.72 27.215 18.354
645 47.63 15.521 21.004
646 59.53 4.755 15.864
647 11.91 10.985 15.426
648 35.72 14.175 24.12
649 35.72 0.225 22.231
650 23.81 19.082 17.64
651 47.63 15.153 2.555
652 11.91 6.743 16.692
653 35.72 21.609 16.31
654 35.72 27.731 20.023
655 11.91 20.51 4.496
656 35.72 1.542 2.671
657 47.63 23.132 13.72
658 47.63 21.411 26.212
659 47.63 27.474 9.017
660 11.91 9.939 23.417
661 35.72 27.681 8.575
662 47.63 20.223 26.563
663 59.53 25.915 0.857
664 23.81 21.751 11.882
665 35.72 15.208 10.663
666 23.81 10.576 9.931
667 35.72 13.183 18.17
668 59.53 2.118 15.112
669 47.63 22.274 18.815
670 35.72 6.562 15.083
671 23.81 10.544 15.281
672 47.63 19.166 3.389
673 59.53 16.186 8.489
674 47.63 1.651 14.08
675 11.91 7.479 21.768
676 47.63 15.511 3.817
677 11.91 6.001 1.395
678 35.72 12.459 20.459
679 35.72 10.795 11.37
680 47.63 23.386 0.599
681 11.91 6.88 3.354
682 35.72 8.858 10.254
683 59.53 1.666 2.795
684 11.91 4.611 24.47
685 11.91 19.9 26.956
686 11.91 3.637 6.851
687 35.72 18.494 14.923
688 47.63 13.091 3.012
689 35.72 4.121 4.602
690 11.91 4.854 18.861
691 47.63 4.985 18.047
692 23.81 0.349 15.264
693 11.91 12.675 14.96
694 35.72 1.631 3.341
695 47.63 18.205 17.474
696 35.72 13.635 27.676
697 35.72 2.701 6.586
698 11.91 7.993 4.0
699 11.91 3.304 24.151
700 11.91 25.848 12.583
701 35.72 15.805 5.35
702 59.53 25.885 22.181
703 59.53 22.884 4.621
704 11.91 22.468 26.194
705 59.53 17.663 25.846
706 47.63 14.765 4.599
707 35.72 0.939 6.899
708 59.53 9.379 10.441
709 59.53 11.077 13.625
710 47.63 2.436 19.901
711 47.63 12.073 26.038
712 11.91 16.559 1.422
713 59.53 14.039 15.229
714 23.81 19.293 15.656
715 35.72 8.601 3.797
716 35.72 2.859 21.459
717 23.81 7.111 13.329
718 11.91 15.315 8.897
719 23.81 1.407 21.535
720 59.53 20.754 22.456
721 35.72 23.646 24.981
722 59.53 18.982 11.143
723 23.81 26.947 25.616
724 35.72 20.146 21.612
725 23.81 3.11 17.026
726 35.72 6.466 7.735
727 11.91 6.925 18.098
728 23.81 19.062 20.709
729 11.91 14.541 12.44
730 23.81 27.151 27.218
731 47.63 1.376 18.868
732 23.81 13.075 20.304
733 59.53 2.307 0.855
734 35.72 18.337 10.436
735 23.81 26.64 13.486
736 35.72 6.656 12.234
737 11.91 10.532 20.057
738 47.63 19.373 1.282
739 11.91 10.004 2.8
740 47.63 12.162 4.052
741 59.53 22.418 5.583
742 59.53 6.976 20.249
743 35.72 7.985 13.254
744 59.53 8.537 7.016
745 23.81 12.674 6.365
746 47.63 27.664 24.859
747 11.91 20.235 18.91
748 35.72 14.112 17.221
749 35.72 11.716 2.312
750 35.72 21.665 12.017
751 11.91 19.716 2.072
752 59.53 4.358 23.303
753 35.72 3.443 22.502
754 35.72 9.805 8.661
755 47.63 0.838 9.247
756 11.91 21.145 23.473
757 47.63 26.884 17.545
758 35.72 22.928 19.768
759 59.53 12.651 26.689
760 23.81 1.995 23.956
761 35.72 6.811 4.605
762 59.53 11.754 11.768
763 35.72 3.706 25.416
764 23.81 22.524 22.3
765 59.53 27.743 2.707
766 47.63 1.759 10.505
767 23.81 13.519 19.559
768 35.72 13.679 6.133
769 23.81 18.79 7.598
770 35.72 15.123 27.219
771 47.63 8.269 27.169
772 47.63 17.299 16.42
773 11.91 12.11 5.888
774 47.63 10.365 4.419
775 35.72 4.92 4.862
776 23.81 2.486 24.678
777 35.72 6.697 2.222
778 11.91 14.668 19.794
779 47.63 24.149 26.946
780 47.63 11.743 2.298
781 35.72 27.274 6.275
782 11.91 8.665 25.722
783 35.72 27.176 11.567
784 59.53 6.983 20.724
785 47.63 20.436 16.643
786 59.53 19.063 3.168
787 59.53 17.925 25.648
788 11.91 10.113 8.386
789 23.81 3.87 4.41
790 35.72 2.92 20.305
791 47.63 16.292 3.461
792 11.91 17.796 12.741
793 35.72 22.891 19.66
794 35.72 18.609 14.251
795 47.63 9.643 27.233
796 23.81 22.123 6.582
797 47.63 21.428 14.898
798 59.53 13.237 1.498
799 47.63 22.291 26.246
800 47.63 9.489 9.415
801 59.53 9.314 19.96
802 59.53 3.605 2.007
803 47.63 16.483 4.447
804 47.63 1.846 27.648
805 35.72 22.952 14.002
806 23.81 2.896 6.624
807 23.81 11.387 15.195
808 11.91 14.028 23.204
809 35.72 21.12 15.487
810 11.91 2.203 1.182
811 23.81 27.375 17.817
812 59.53 24.367 21.324
813 35.72 25.736 23.289
814 35.72 26.322 14.734
815 35.72 6.332 22.911
816 35.72 27.467 9.717
817 35.72 23.81 7.897
818 23.81 17.052 27.339
819 11.91 12.646 18.423
820 23.81 7.84 13.211
821 35.72 19.183 16.472
822 59.53 16.365 4.683
823 47.63 20.799 9.039
824 59.53 4.797 24.788
825 11.91 26.293 3.815
826 11.91 24.529 2.235
827 23.81 24.847 1.544
828 59.53 6.109 15.422
829 35.72 3.897 21.417
830 23.81 9.915 2.27
831 11.91 8.664 15.57
832 47.63 18.993 21.176
833 59.53 27.735 20.174
834 35.72 2.46 7.722
835 47.63 23.498 26.175
836 23.81 15.987 24.166
837 35.72 26.385 14.714
838 59.53 3.97 11.974
839 11.91 15.673 0.589
840 59.53 13.283 11.704
841 35.72 6.854 11.148
842 35.72 11.327 11.756
843 59.53 16.265 26.845
844 59.53 16.917 15.985
845 11.91 21.516 8.513
846 35.72 20.774 5.505
847 59.53 1.626 0.398
848 47.63 13.454 19.684
849 47.63 7.281 3.84
850 47.63 9.169 19.71
851 59.53 22.228 11.276
852 23.81 7.174 22.47
853 47.63 15.033 13.506
854 11.91 20.968 16.421
855 35.72 19.841 3.9
856 11.91 7.052 25.063
857 47.63 20.366 26.142
858 23.81 6.058 13.884
859 59.53 19.536 10.622
860 23.81 9.699 17.163
861 23.81 6.961 6.541
862 47.63 4.118 6.48
863 47.63 18.634 23.449
864 59.53 11.5 11.019
865 23.81 13.76 19.648
866 23.81 19.942 25.686
867 59.53 8.965 1.904
868 59.53 2.255 15.611
869 23.81 20.106 15.056
870 11.91 22.884 25.943
871 11.91 21.394 19.752
872 35.72 8.192 6.992
873 59.53 16.005 22.92
874 59.53 17.321 22.624
875 11.91 1.234 10.523
876 35.72 7.978 27.279
877 59.53 14.696 6.849
878 23.81 9.022 2.176
879 11.91 1.129 3.543
880 35.72 24.091 27.543
881 11.91 6.734 5.581
882 11.91 10.091 25.53
883 11.91 16.575 4.946
884 47.63 5.097 4.257
885 47.63 23.301 26.676
886 23.81 7.142 19.437
887 11.91 2.924 11.307
888 23.81 0.484 17.465
889 35.72 7.773 18.293
890 35.72 7.538 7.25
891 23.81 9.138 8.218
892 23.81 19.866 4.726
893 11.91 19.086 0.314
894 35.72 13.015 23.973
895 59.53 2.84 4.585
896 23.81 21.001 11.65
897 35.72 18.459 0.391
898 11.91 18.758 10.653
899 59.53 11.835 16.271
900 11.91 25.173 22.833
901 11.91 12.333 5.647
902 11.91 11.451 8.196
903 59.53 24.04 25.907
904 59.53 18.491 5.143
905 11.91 12.546 12.524
906 59.53 11.264 25.329
907 23.81 13.961 21.602
908 35.72 1.244 10.07
909 35.72 25.374 15.544
910 11.91 0.87 21.968
911 59.53 15.664 23.965
912 35.72 2.156 19.173
913 11.91 12.33 4.019
914 23.81 15.03 26.966
915 47.63 19.716 15.383
916 23.81 14.285 11.212
917 35.72 25.677 25.29
918 35.72 26.682 18.357
919 47.63 1.502 18.252
920 11.91 2.074 1.139
921 47.63 9.597 22.163
922 59.53 23.331 11.39
923 23.81 3.277 24.145
924 59.53 6.709 26.276
925 35.72 11.336 3.862
926 47.63 11.13 12.48
927 23.81 19.874 22.588
928 47.63 5.203 0.736
929 59.53 18.877 1.003
930 35.72 26.461 11.506
931 35.72 5.019 17.004
932 23.81 5.848 25.84
933 59.53 8.844 19.573
934 23.81 24.012 1.874
935 47.63 6.93 11.356
936 47.63 7.077 18.576
937 11.91 16.064 9.954
938 35.72 11.95 4.629
939 47.63 15.164 13.37
940 23.81 5.611 8.376
941 23.81 16.702 26.917
942 47.63 4.036 27.005
943 35.72 23.265 16.032
944 59.53 13.185 16.089
945 23.81 13.248 10.543
946 47.63 0.651 3.951
947 59.53 4.323 10.887
948 59.53 14.436 0.545
949 11.91 15.57 18.067
950 47.63 19.006 7.177
951 47.63 16.573 20.505
952 23.81 22.661 13.869
953 23.81 23.687 22.266
954 59.53 27.232 25.427
955 59.53 17.26 22.729
956 23.81 10.583 8.237
957 35.72 0.574 0.743
958 35.72 17.736 19.754
959 11.91 16.553 5.44
960 35.72 26.408 22.518
961 59.53 27.33 17.996
962 11.91 25.445 11.963
963 11.91 11.745 13.434
964 59.53 19.689 26.761
965 23.81 6.377 26.58
966 47.63 24.642 5.973
967 59.53 9.324 7.267
968 23.81 8.467 6.255
969 59.53 25.106 14.307
970 35.72 9.198 8.693
971 47.63 2.58 16.562
972 35.72 6.129 10.519
973 23.81 10.946 1.95
974 11.91 22.438 24.031
975 47.63 3.775 5.6
976 47.63 26.393 4.851
977 11.91 19.187 14.238
978 11.91 4.531 17.077
979 35.72 25.972 3.665
980 11.91 14.656 2.005
981 59.53 9.032 11.099
982 35.72 13.82 4.877
983 59.53 17.93 24.204
984 23.81 12.368 9.566
985 35.72 9.286 5.728
986 47.63 20.153 26.282
987 35.72 8.082 4.721
988 23.81 15.201 13.173
989 23.81 11.456 6.742
990 11.91 17.528 18.428
991 59.53 4.198 21.576
992 11.91 16.728 0.962
993 23.81 0.738 17.383
994 47.63 26.807 1.204
995 35.72 10.66 10.437
996 11.91 24.879 25.92
997 35.72 12.639 16.293
998 35.72 26.155 20.964
999 11.91 10.003 3.232
1000 35.72 11.99 26.749
1001 35.72 8.227 10.243
1002 59.53 10.305 17.059
1003 59.53 22.587 22.197
1004 35.72 25.786 7.441
1005 23.81 9.026 2.31
1006 59.53 6.126 27.448
1007 35.72 13.591 24.712
1008 23.81 22.314 6.448
1009 47.63 19.612 9.728
1010 59.53 2.899 15.911
1011 35.72 6.959 19.408
1012 23.81 3.302 7.542
1013 23.81 26.994 12.41
1014 47.63 12.831 13.843
1015 23.81 4.792 21.186
1016 59.53 9.463 10.616
1017 35.72 16.171 17.27
1018 23.81 21.258 9.702
1019 23.81 19.622 17.722
1020 47.63 22.322 12.454
1021 11.91 16.512 1.659
1022 11.91 2.699 19.238
1023 59.53 12.848 9.709
1024 47.63 21.018 9.006
1025 35.72 12.11 10.659
1026 11.91 22.642 24.644
1027 11.91 6.374 1.3
1028 47.63 14.454 25.901
1029 11.91 17.429 19.459
1030 59.53 16.743 26.686
1031 11.91 1.862 5.2
1032 47.63 17.903 1.279
1033 59.53 23.544 6.046
1034 59.53 20.33 13.745
1035 47.63 27.712 16.216
1036 47.63 7.212 19.745
1037 47.63 26.091 6.62
1038 11.91 7.768 17.871
1039 11.91 9.515 18.346
1040 23.81 20.291 7.039
1041 11.91 18.821 21.175
1042 23.81 13.807 2.582
1043 11.91 18.791 26.412
1044 35.72 23.694 11.603
1045 35.72 15.874 16.825
1046 11.91 0.441 3.157
1047 23.81 20.625 12.797
1048 23.81 5.057 24.097
1049 47.63 7.645 11.236
1050 11.91 20.521 19.421
1051 11.91 8.685 7.393
1052 59.53 24.92 8.897
1053 47.63 7.044 14.676
1054 35.72 12.618 21.719
1055 23.81 2.734 21.116
1056 23.81 0.231 22.384
1057 35.72 2.55 23.971
1058 23.81 19.928 1.644
1059 11.91 8.264 25.458
1060 59.53 17.672 23.166
1061 47.63 17.37 7.32
1062 47.63 23.286 18.43
1063 23.81 24.591 24.398
1064 23.81 20.686 19.098
1065 11.91 1.667 5.4
1066 35.72 3.72 11.564
1067 47.63 24.537 10.506
1068 35.72 19.298 18.08
1069 59.53 0.481 0.306
1070 23.81 25.638 25.896
1071 11.91 5.608 7.887
1072 11.91 18.871 27.074
1073 11.91 9.891 16.834
1074 23.81 4.469 19.03
1075 23.81 1.293 24.187
1076 23.81 6.304 25.687
1077 35.72 4.087 3.285
1078 35.72 11.481 13.857
1079 11.91 10.739 6.625
1080 59.53 19.618 26.923
1081 11.91 6.527 8.432
1082 59.53 24.944 5.267
1083 47.63 18.163 5.158
1084 59.53 21.14 5.482
1085 11.91 27.394 11.782
1086 11.91 5.809 2.929
1087 59.53 1.122 22.079
1088 47.63 17.79 16.596
1089 35.72 21.47 18.011
1090 35.72 9.651 14.381
1091 35.72 25.668 21.224
1092 47.63 23.298 23.648
1093 47.63 23.221 25.662
1094 23.81 0.459 27.05
1095 11.91 13.933 16.134
1096 59.53 16.677 3.169
1097 47.63 5.185 27.297
1098 47.63 4.586 8.553
1099 59.53 22.781 24.405
1100 11.91 26.945 0.369
1101 23.81 3.091 24.396
1102 23.81 13.679 6.493
1103 11.91 26.726 27.071
1104 35.72 2.662 0.341
1105 11.91 14.01 11.802
1106 59.53 2.133 6.075
1107 35.72 14.432 7.256
1108 59.53 17.275 15.726
1109 59.53 12.621 16.034
1110 35.72 24.133 25.251
1111 11.91 25.479 23.778
1112 23.81 21.201 8.705
1113 35.72 4.478 23.98
1114 47.63 21.554 18.22
1115 47.63 8.349 16.343
1116 47.63 17.348 7.62
1117 59.53 16.006 12.75
1118 11.91 25.284 17.766
1119 47.63 13.949 6.084
1120 47.63 22.501 15.992
1121 11.91 14.078 20.995
1122 47.63 4.36 21.521
1123 23.81 16.406 17.755
1124 11.91 4.72 8.938
1125 35.72 9.335 2.264
1126 11.91 22.652 24.417
1127 47.63 18.299 24.422
1128 23.81 13.691 2.443
1129 47.63 25.094 7.513
1130 35.72 27.468 2.904
1131 23.81 19.335 11.185
1132 11.91 15.845 24.261
1133 11.91 17.331 24.681
1134 35.72 5.6 6.978
1135 35.72 18.31 10.647
1136 35.72 21.861 5.641
1137 23.81 11.827 27.035
1138 47.63 12.711 1.181
1139 47.63 16.626 2.58
1140 35.72 23.873 3.02
1141 59.53 2.541 6.136
1142 35.72 16.843 20.347
1143 11.91 8.21 11.482
1144 23.81 3.19 7.06
1145 47.63 2.66 6.271
1146 23.81 3.789 9.489
1147 47.63 9.683 12.395
1148 47.63 11.667 20.693
1149 11.91 0.62 25.252
1150 47.63 26.529 4.694
1151 11.91 19.666 25.876
1152 47.63 23.501 7.435
1153 11.91 26.179 18.654
1154 47.63 7.867 25.355
1155 59.53 5.806 21.494
1156 35.72 7.147 8.505
1157 11.91 19.821 11.882
1158 35.72 13.407 0.599
1159 59.53 11.804 9.704
1160 35.72 5.102 21.061
1161 59.53 21.179 7.946
1162 35.72 2.322 7.842
1163 35.72 4.762 13.919
1164 11.91 15.341 16.81
1165 47.63 4.091 7.339
1166 11.91 12.117 21.206
1167 35.72 12.377 15.074
1168 11.91 21.424 7.651
1169 47.63 16.56 15.823
1170 35.72 13.978 18.676
1171 11.91 12.048 13.246
1172 11.91 10.304 16.09
1173 11.91 4.946 1.632
1174 23.81 10.284 20.209
1175 35.72 9.5 18.693
1176 11.91 8.19 21.211
