location subarea
1 22
2 191
3 100
4 185
5 14
6 40
7 82
8 33
9 181
10 150
11 66
12 19
13 125
14 52
15 99
16 62
17 12
18 195
19 145
20 141
21 170
22 11
23 104
24 148
25 194
26 100
27 19
28 80
29 45
30 133
31 78
32 113
33 21
34 38
35 148
36 166
37 175
38 29
39 181
40 193
41 69
42 92
43 17
44 37
45 52
46 11
47 79
48 56
49 113
50 187
51 162
52 162
53 100
54 147
55 111
56 94
57 78
58 19
59 108
60 59
61 129
62 131
63 143
64 68
65 153
66 123
67 48
68 137
69 90
70 188
71 80
72 166
73 169
74 166
75 89
76 34
77 89
78 5
79 179
80 156
81 27
82 144
83 125
84 124
85 112
86 62
87 70
88 29
89 115
90 143
91 179
92 19
93 86
94 53
95 164
96 157
97 90
98 69
99 54
100 133
101 59
102 24
103 138
104 103
105 93
106 194
107 4
108 49
109 169
110 133
111 111
112 35
113 6
114 60
115 104
116 92
117 193
118 182
119 94
120 123
121 195
122 72
123 180
124 118
125 175
126 158
127 85
128 19
129 167
130 81
131 27
132 3
133 10
134 176
135 35
136 111
137 90
138 196
139 131
140 124
141 33
142 31
143 44
144 135
145 100
146 167
147 51
148 94
149 104
150 171
151 13
152 3
153 169
154 161
155 128
156 130
157 162
158 18
159 88
160 87
161 60
162 108
163 186
164 168
165 19
166 152
167 79
168 52
169 94
170 12
171 77
172 163
173 63
174 27
175 160
176 190
177 91
178 192
179 65
180 95
181 120
182 116
183 195
184 48
185 42
186 41
187 68
188 1
189 2
190 90
191 164
192 96
193 114
194 146
195 149
196 174
197 180
198 127
199 171
200 97
201 57
202 156
203 121
204 97
205 29
206 38
207 61
208 61
209 67
210 155
211 65
212 91
213 69
214 42
215 53
216 43
217 76
218 106
219 191
220 40
221 80
222 190
223 169
224 157
225 186
226 135
227 159
228 60
229 24
230 30
231 150
232 102
233 15
234 20
235 1
236 83
237 176
238 83
239 133
240 135
241 30
242 183
243 157
244 22
245 39
246 46
247 5
248 10
249 164
250 165
251 97
252 176
253 56
254 189
255 130
256 111
257 165
258 18
259 22
260 144
261 84
262 185
263 193
264 23
265 134
266 127
267 151
268 120
269 75
270 26
271 123
272 32
273 178
274 127
275 115
276 191
277 79
278 81
279 189
280 102
281 175
282 3
283 129
284 189
285 181
286 149
287 19
288 101
289 66
290 117
291 94
292 69
293 12
294 117
295 144
296 76
297 135
298 84
299 78
300 147
301 62
302 57
303 51
304 159
305 182
306 58
307 13
308 174
309 107
310 194
311 73
312 95
313 8
314 45
315 88
316 191
317 179
318 124
319 186
320 13
321 80
322 179
323 100
324 98
325 47
326 31
327 186
328 108
329 162
330 182
331 71
332 46
333 136
334 15
335 176
336 150
337 22
338 137
339 131
340 48
341 69
342 86
343 74
344 111
345 53
346 173
347 94
348 49
349 102
350 139
351 178
352 136
353 117
354 95
355 160
356 157
357 46
358 23
359 73
360 51
361 38
362 48
363 89
364 61
365 32
366 139
367 30
368 164
369 168
370 17
371 47
372 121
373 176
374 65
375 117
376 185
377 150
378 94
379 52
380 48
381 190
382 130
383 78
384 158
385 52
386 30
387 126
388 106
389 52
390 24
391 4
392 188
393 33
394 57
395 11
396 153
397 28
398 169
399 63
400 191
401 178
402 71
403 193
404 192
405 32
406 27
407 33
408 115
409 59
410 142
411 72
412 140
413 82
414 114
415 159
416 22
417 93
418 123
419 144
420 104
421 171
422 153
423 140
424 52
425 151
426 149
427 102
428 136
429 50
430 157
431 146
432 11
433 193
434 100
435 164
436 107
437 16
438 137
439 130
440 191
441 103
442 85
443 71
444 64
445 4
446 139
447 174
448 185
449 33
450 134
451 171
452 125
453 28
454 46
455 57
456 92
457 70
458 156
459 158
460 67
461 54
462 38
463 81
464 109
465 20
466 55
467 23
468 119
469 100
470 168
471 61
472 158
473 176
474 152
475 172
476 54
477 22
478 35
479 35
480 9
481 118
482 111
483 6
484 95
485 18
486 188
487 153
488 16
489 154
490 10
491 174
492 123
493 140
494 105
495 69
496 47
497 47
498 146
499 40
500 74
501 147
502 106
503 192
504 86
505 175
506 88
507 132
508 173
509 19
510 70
511 6
512 74
513 191
514 142
515 78
516 44
517 142
518 169
519 178
520 22
521 89
522 59
523 18
524 71
525 188
526 173
527 99
528 62
529 90
530 83
531 34
532 9
533 42
534 163
535 100
536 54
537 38
538 182
539 174
540 36
541 35
542 47
543 97
544 140
545 173
546 66
547 91
548 95
549 60
550 67
551 150
552 53
553 167
554 32
555 57
556 10
557 128
558 165
559 41
560 152
561 14
562 163
563 59
564 112
565 90
566 142
567 146
568 24
569 14
570 174
571 150
572 103
573 70
574 3
575 181
576 46
577 113
578 103
579 53
580 133
581 142
582 43
583 62
584 27
585 43
586 151
587 108
588 21
589 75
590 84
591 169
592 55
593 2
594 26
595 7
596 78
597 164
598 75
599 151
600 74
601 84
602 170
603 171
604 151
605 162
606 64
607 90
608 33
609 154
610 151
611 176
612 9
613 125
614 124
615 172
616 39
617 153
618 162
619 155
620 104
621 128
622 38
623 55
624 76
625 72
626 41
627 171
628 72
629 125
630 56
631 77
632 173
633 187
634 66
635 186
636 106
637 156
638 2
639 172
640 107
641 77
642 31
643 40
644 70
645 50
646 87
647 90
648 22
649 29
650 80
651 176
652 74
653 81
654 56
655 165
656 169
657 110
658 11
659 140
660 33
661 140
662 11
663 195
664 123
665 120
666 132
667 63
668 86
669 68
670 88
671 90
672 178
673 135
674 85
675 46
676 176
677 186
678 49
679 118
680 194
681 172
682 117
683 169
684 17
685 10
686 142
687 94
688 175
689 157
690 59
691 59
692 85
693 91
694 169
695 80
696 7
697 142
698 158
699 16
700 111
701 162
702 41
703 166
704 12
705 23
706 162
707 141
708 117
709 104
710 58
711 7
712 191
713 92
714 94
715 173
716 44
717 102
718 134
719 43
720 39
721 26
722 122
723 28
724 53
725 72
726 144
727 60
728 52
729 106
730 14
731 57
732 49
733 184
734 122
735 112
736 102
737 48
738 192
739 174
740 161
741 166
742 46
743 102
744 145
745 147
746 28
747 67
748 78
749 174
750 109
751 178
752 31
753 30
754 131
755 127
756 39
757 84
758 68
759 7
760 29
761 158
762 118
763 16
764 40
765 182
766 113
767 63
768 147
769 150
770 8
771 5
772 79
773 161
774 160
775 157
776 16
777 172
778 64
779 13
780 174
781 154
782 19
783 126
784 46
785 81
786 178
787 23
788 132
789 156
790 44
791 177
792 107
793 68
794 94
795 5
796 152
797 95
798 189
799 12
800 131
801 61
802 170
803 163
804 1
805 96
806 142
807 90
808 36
809 95
810 184
811 84
812 55
813 41
814 98
815 32
816 140
817 152
818 9
819 63
820 102
821 80
822 163
823 137
824 17
825 182
826 181
827 195
828 88
829 44
830 173
831 89
832 52
833 56
834 142
835 12
836 22
837 98
838 114
839 190
840 119
841 116
842 118
843 9
844 93
845 137
846 165
847 183
848 63
849 172
850 61
851 124
852 32
853 106
854 81
855 178
856 18
857 11
858 102
859 122
860 75
861 144
862 143
863 38
864 118
865 63
866 24
867 187
868 86
869 95
870 26
871 67
872 145
873 37
874 37
875 113
876 4
877 148
878 173
879 169
880 13
881 158
882 20
883 163
884 157
885 12
886 60
887 114
888 71
889 60
890 144
891 131
892 164
893 192
894 35
895 156
896 123
897 192
898 122
899 76
900 41
901 161
902 132
903 27
904 164
905 105
906 20
907 49
908 113
909 97
910 43
911 36
912 58
913 161
914 8
915 94
916 120
917 27
918 70
919 57
920 184
921 33
922 124
923 16
924 4
925 174
926 104
927 38
928 185
929 192
930 126
931 73
932 17
933 61
934 195
935 116
936 60
937 135
938 160
939 106
940 129
941 9
942 3
943 82
944 77
945 119
946 169
947 115
948 190
949 64
950 150
951 51
952 110
953 40
954 28
955 37
956 132
957 183
958 65
959 163
960 42
961 84
962 125
963 104
964 10
965 4
966 167
967 145
968 145
969 97
970 131
971 72
972 116
973 188
974 26
975 156
976 168
977 94
978 73
979 181
980 176
981 117
982 161
983 23
984 133
985 159
986 11
987 159
988 106
989 146
990 65
991 45
992 191
993 71
994 196
995 118
996 27
997 77
998 56
999 174
1000 6
1001 117
1002 76
1003 40
1004 153
1005 173
1006 4
1007 21
1008 152
1009 136
1010 86
1011 60
1012 142
1013 112
1014 105
1015 45
1016 117
1017 79
1018 137
1019 80
1020 110
1021 191
1022 58
1023 133
1024 137
1025 119
1026 26
1027 186
1028 22
1029 65
1030 9
1031 155
1032 191
1033 152
1034 109
1035 84
1036 60
1037 154
1038 74
1039 61
1040 151
1041 52
1042 175
1043 10
1044 124
1045 78
1046 169
1047 109
1048 17
1049 116
1050 67
1051 145
1052 139
1053 88
1054 49
1055 44
1056 29
1057 30
1058 192
1059 19
1060 37
1061 149
1062 68
1063 27
1064 67
1065 155
1066 114
1067 125
1068 66
1069 183
1070 27
1071 143
1072 10
1073 75
1074 59
1075 15
1076 18
1077 171
1078 104
1079 146
1080 10
1081 130
1082 167
1083 164
1084 165
1085 126
1086 171
1087 29
1088 79
1089 67
1090 89
1091 55
1092 40
1093 26
1094 1
1095 77
1096 177
1097 3
1098 129
1099 26
1100 196
1101 16
1102 147
1103 14
1104 184
1105 120
1106 142
1107 148
1108 93
1109 77
1110 27
1111 41
1112 137
1113 31
1114 67
1115 75
1116 149
1117 107
1118 83
1119 147
1120 96
1121 50
1122 45
1123 79
1124 129
1125 173
1126 26
1127 24
1128 175
1129 153
1130 182
1131 122
1132 22
1133 23
1134 143
1135 122
1136 165
1137 6
1138 189
1139 177
1140 180
1141 142
1142 51
1143 117
1144 142
1145 142
1146 128
1147 103
1148 48
1149 15
1150 168
1151 24
1152 152
1153 70
1154 18
1155 45
1156 130
1157 122
1158 189
1159 132
1160 45
1161 151
1162 142
1163 101
1164 78
1165 143
1166 49
1167 91
1168 151
1169 93
1170 63
1171 105
1172 76
1173 185
1174 48
1175 61
1176 47
