OBJECTIVE
2779209.37757505

P LOCATIONS
760
640
91
63
59

LOCATION USAGES
location (usage/capacity)
760 (65641.5/70000)
640 (70000/70000)
91 (70000/70000)
63 (70000/70000)
59 (70000/70000)

CUSTOMER ASSIGNMENTS
customer (demand) -> location (assigned demand)
1 (1) -> 760 (1) 
2 (5) -> 760 (5) 
3 (308.5) -> 640 (308.5) 
4 (313.5) -> 640 (313.5) 
5 (126) -> 640 (126) 
6 (228) -> 760 (228) 
7 (372.5) -> 760 (372.5) 
8 (1095) -> 760 (1095) 
9 (1792) -> 760 (1792) 
10 (1547.5) -> 760 (1547.5) 
11 (692) -> 760 (692) 
12 (1209.5) -> 640 (1209.5) 
13 (1617.5) -> 640 (1617.5) 
14 (602) -> 640 (602) 
15 (313.5) -> 760 (313.5) 
16 (1458) -> 760 (1458) 
17 (1521) -> 760 (1521) 
18 (4248) -> 760 (4248) 
19 (4046) -> 760 (4046) 
20 (60) -> 760 (60) 
21 (26) -> 760 (26) 
22 (1581.5) -> 640 (1581.5) 
23 (2068) -> 640 (2068) 
24 (4811.5) -> 760 (4811.5) 
25 (2820.5) -> 760 (2820.5) 
26 (1874) -> 760 (1874) 
27 (3613.5) -> 760 (3613.5) 
28 (3226) -> 760 (3226) 
29 (1431) -> 640 (1431) 
30 (3485.5) -> 640 (3485.5) 
31 (3600.5) -> 640 (3600.5) 
32 (2690.5) -> 760 (2690.5) 
33 (2138) -> 760 (2138) 
34 (5742.5) -> 760 (5742.5) 
35 (6956) -> 760 (6956) 
36 (4041.5) -> 760 (4041.5) 
37 (1504.5) -> 63 (1504.5) 
38 (2446.5) -> 640 (2446.5) 
39 (2918) -> 640 (2918) 
40 (720.5) -> 640 (720.5) 
41 (1733.5) -> 640 (1733.5) 
42 (8572) -> 640 (7162.00000000001) 760 (1409.99999999999) 
43 (5851.5) -> 760 (5851.5) 
44 (9941) -> 59 (9941) 
45 (4439.5) -> 59 (4439.5) 
46 (2714.5) -> 91 (2714.5) 
47 (1940.5) -> 63 (1940.5) 
48 (2765) -> 63 (2765) 
49 (1703) -> 63 (1703) 
50 (683.5) -> 63 (683.5) 
51 (548.5) -> 640 (548.5) 
52 (2542.5) -> 640 (2542.5) 
53 (931.5) -> 640 (931.5) 
54 (251) -> 640 (251) 
55 (251) -> 640 (251) 
56 (4057.5) -> 640 (4057.5) 
57 (2711) -> 760 (2711) 
58 (343.5) -> 760 (343.5) 
59 (6) -> 760 (6) 
60 (39) -> 59 (39) 
61 (11158) -> 59 (11158) 
62 (13134) -> 91 (13134) 
63 (6630.5) -> 59 (6461) 63 (169.5) 
64 (4286.5) -> 63 (4286.5) 
65 (4532.5) -> 63 (4532.5) 
66 (2851) -> 63 (2851) 
67 (7494.5) -> 63 (7494.5) 
68 (687.5) -> 640 (687.5) 
69 (1540) -> 640 (1540) 
70 (4026.5) -> 640 (4026.5) 
71 (3296.5) -> 640 (3296.5) 
72 (525) -> 640 (525) 
73 (387) -> 640 (387) 
74 (532.5) -> 640 (532.5) 
75 (288) -> 640 (288) 
76 (449) -> 640 (449) 
77 (2043) -> 91 (2043) 
78 (5186) -> 91 (5186) 
79 (9540) -> 91 (9540) 
80 (11706) -> 59 (4825) 91 (6881) 
81 (6753) -> 59 (6753) 
82 (5972.5) -> 91 (5972.5) 
83 (6641.5) -> 63 (6641.5) 
84 (3808.5) -> 63 (3808.5) 
85 (6908) -> 63 (6908) 
86 (3677) -> 63 (3677) 
87 (3588) -> 63 (3588) 
88 (1518) -> 640 (1518) 
89 (1302) -> 640 (1302) 
90 (502.5) -> 640 (502.5) 
91 (191) -> 640 (191) 
92 (1365.5) -> 640 (1365.5) 
93 (3072) -> 640 (3072) 
94 (979) -> 91 (725.000000000007) 640 (253.999999999993) 
95 (862.5) -> 91 (862.5) 
96 (6085.5) -> 59 (6085.5) 
97 (6452) -> 59 (6452) 
98 (7449.5) -> 91 (7449.5) 
99 (4831.5) -> 59 (4831.5) 
100 (2038) -> 59 (2038) 
101 (477.5) -> 91 (477.5) 
102 (179) -> 59 (179) 
103 (949.5) -> 63 (949.5) 
104 (6230) -> 63 (6230) 
105 (3346.5) -> 63 (3346.5) 
106 (461.5) -> 640 (461.5) 
107 (517.5) -> 640 (517.5) 
108 (595.5) -> 640 (595.5) 
109 (290.5) -> 640 (290.5) 
110 (309.5) -> 640 (309.5) 
111 (451) -> 640 (451) 
112 (2425.5) -> 640 (2425.5) 
113 (398) -> 640 (398) 
114 (334.5) -> 91 (334.5) 
115 (3344) -> 91 (3344) 
116 (3706) -> 91 (3706) 
117 (4084.5) -> 91 (4084.5) 
118 (854.5) -> 59 (854.5) 
119 (19) -> 91 (19) 
120 (32) -> 91 (32) 
121 (324) -> 63 (324) 
122 (1854.5) -> 63 (1854.5) 
123 (441.5) -> 63 (441.5) 
124 (114) -> 640 (114) 
125 (161.5) -> 640 (161.5) 
126 (128) -> 640 (128) 
127 (154.5) -> 640 (154.5) 
128 (25) -> 640 (25) 
129 (18) -> 640 (18) 
130 (58) -> 640 (58) 
131 (12) -> 91 (12) 
132 (171.5) -> 91 (171.5) 
133 (1899.5) -> 91 (1899.5) 
134 (2393) -> 59 (2393) 
135 (1027) -> 91 (1027) 
136 (260) -> 91 (260) 
137 (42) -> 91 (42) 
138 (262) -> 63 (262) 
139 (589.5) -> 63 (589.5) 
140 (81) -> 63 (81) 
141 (108) -> 63 (108) 
142 (6) -> 640 (6) 
143 (102) -> 640 (102) 
144 (36) -> 59 (36) 
145 (82.5) -> 91 (82.5) 
146 (262.5) -> 59 (262.5) 
147 (1501.5) -> 59 (1501.5) 
148 (1853.5) -> 63 (1853.5) 
149 (374) -> 63 (374) 
150 (2) -> 63 (2) 
151 (159) -> 63 (159) 
152 (2) -> 63 (2) 
153 (111) -> 640 (111) 
154 (74) -> 640 (74) 
155 (108) -> 640 (108) 
156 (203) -> 640 (203) 
157 (876) -> 640 (876) 
158 (175.5) -> 59 (175.5) 
159 (20) -> 59 (20) 
160 (219.5) -> 59 (219.5) 
161 (3) -> 59 (3) 
162 (28) -> 59 (28) 
163 (38) -> 59 (38) 
164 (976) -> 59 (976) 
165 (748) -> 63 (748) 
166 (4) -> 63 (4) 
167 (3) -> 63 (3) 
168 (7) -> 63 (7) 
169 (222.5) -> 640 (222.5) 
170 (187.5) -> 640 (187.5) 
171 (107) -> 640 (107) 
172 (106.5) -> 640 (106.5) 
173 (416) -> 640 (416) 
174 (32) -> 640 (32) 
175 (63) -> 59 (63) 
176 (167.5) -> 59 (167.5) 
177 (46.5) -> 59 (46.5) 
178 (86) -> 63 (86) 
179 (18.5) -> 63 (18.5) 
180 (379.5) -> 640 (379.5) 
181 (125) -> 640 (125) 
182 (202.5) -> 640 (202.5) 
183 (179) -> 640 (179) 
184 (465.5) -> 640 (465.5) 
185 (7) -> 640 (7) 
186 (4) -> 59 (4) 
187 (3) -> 59 (3) 
188 (6) -> 59 (6) 
189 (3) -> 63 (3) 
190 (139) -> 640 (139) 
