p_locations
529
580
298
534
355

assignment
529: 2 7 8 9 10 11 18 19 20 21 26 27 28 33 34 35 36 42 43 
580: 44 45 46 60 61 62 63 80 81 82 83 99 100 101 102 120 
298: 55 56 57 58 59 72 73 74 75 76 77 78 79 89 90 91 92 93 94 95 96 97 98 108 109 110 111 112 113 114 115 116 117 118 119 124 125 126 127 128 129 130 131 132 133 134 135 136 142 143 144 145 146 147 148 153 154 155 156 157 158 159 160 161 162 163 164 165 166 169 170 171 172 173 174 175 176 177 178 179 180 181 182 183 184 185 186 187 188 189 190 
534: 1 3 4 5 6 12 13 14 15 16 17 22 23 24 25 29 30 31 32 38 39 40 41 51 52 53 54 68 69 70 71 88 106 107 
355: 37 47 48 49 50 64 65 66 67 84 85 86 87 103 104 105 121 122 123 137 138 139 140 141 149 150 151 152 167 168 

distances
529: 2 (39.0387) 7 (2413.64) 8 (6272.36) 9 (14861.3) 10 (16217.4) 11 (8989.84) 18 (16703.8) 19 (16447.9) 20 (483.687) 21 (317.012) 26 (6740.53) 27 (9449.33) 28 (8107.02) 33 (7005.32) 34 (7719.51) 35 (8935.72) 36 (10977.2) 42 (25570.8) 43 (10609.5) 
580: 44 (15807.7) 45 (8982) 46 (9483.04) 60 (92.3122) 61 (5976.9) 62 (10050.2) 63 (13979.5) 80 (21338.3) 81 (13298.2) 82 (13871.1) 83 (21513.2) 99 (14955.5) 100 (5675.68) 101 (2264.57) 102 (1381.78) 120 (281.132) 
298: 55 (1024.12) 56 (14008.8) 57 (8253.1) 58 (1069.6) 59 (20.8189) 72 (2505.62) 73 (2353.19) 74 (2700.23) 75 (1034.54) 76 (866.576) 77 (2688.68) 78 (2894.68) 79 (11758.5) 89 (9208.69) 90 (2646.19) 91 (1342.93) 92 (10767.8) 93 (17735.5) 94 (4670.69) 95 (2932.01) 96 (19946.5) 97 (12263.9) 98 (15620.8) 108 (5042.99) 109 (2246.92) 110 (2866.95) 111 (3611.35) 112 (14428.4) 113 (2873.95) 114 (2639.5) 115 (15385.4) 116 (13448.7) 117 (13236.9) 118 (4905.78) 119 (218.974) 124 (1140.31) 125 (1286.95) 126 (1321.17) 127 (1519.36) 128 (264.065) 129 (201.142) 130 (406.462) 131 (95.5537) 132 (1254) 133 (10388) 134 (12083.2) 135 (4931.14) 136 (1842.16) 142 (83.707) 143 (1011.96) 144 (426.229) 145 (696.344) 146 (1942.16) 147 (10843.5) 148 (12918.5) 153 (1540.87) 154 (1115.83) 155 (1494.95) 156 (2519.98) 157 (11047.6) 158 (2241.52) 159 (321.388) 160 (2860.81) 161 (33.1343) 162 (330.577) 163 (392.727) 164 (8940.93) 165 (6626.08) 166 (43.3302) 169 (2810.75) 170 (3049.25) 171 (1621.09) 172 (1319.47) 173 (5265.76) 174 (452.724) 175 (934.932) 176 (2328.25) 177 (632.107) 178 (1044.86) 179 (268.939) 180 (4779.52) 181 (1900.2) 182 (2949.33) 183 (2350.39) 184 (7046.5) 185 (111.454) 186 (64.957) 187 (54.9992) 188 (98.3812) 189 (46.8487) 190 (1810.02) 
534: 1 (7.57802) 3 (2075.49) 4 (1910.33) 5 (843.022) 6 (1615.11) 12 (6943.15) 13 (6307.47) 14 (2849.01) 15 (1523.49) 16 (7209.23) 17 (7430.19) 22 (5681.37) 23 (3286.77) 24 (11012.7) 25 (7434.2) 29 (4891.6) 30 (3718.83) 31 (4631.9) 32 (6248.36) 38 (7035.34) 39 (6827.42) 40 (4015.29) 41 (7044.81) 51 (3727.62) 52 (10240.3) 53 (4384.04) 54 (1397.43) 68 (5680.27) 69 (10899.2) 70 (23467.5) 71 (20360.8) 88 (14144.6) 106 (4678.3) 107 (5183.91) 
355: 37 (9481.62) 47 (7087.28) 48 (7325.4) 49 (5316.74) 50 (3806.86) 64 (6828.04) 65 (3288.26) 66 (6890.45) 67 (29973.6) 84 (10643) 85 (9602.9) 86 (11461.8) 87 (15196.2) 103 (3311.96) 104 (17116.6) 105 (9795.54) 121 (1799.85) 122 (8224.2) 123 (4232.91) 137 (321.47) 138 (1742.28) 139 (6275.52) 140 (785.606) 141 (897.351) 149 (3353.51) 150 (20.257) 151 (1882.01) 152 (33.4345) 167 (44.1376) 168 (124.858) 
