location subarea_id
219 2
243 2
970 3
971 3
876 4
877 4
922 4
1186 5
1234 5
1235 5
158 6
159 6
182 6
183 6
184 6
185 6
208 6
209 6
210 6
211 6
212 6
1943 7
1562 8
1563 8
948 9
1316 10
1358 10
1359 10
1996 12
1997 12
2005 12
1710 13
1711 13
1741 13
646 14
647 14
690 14
599 15
637 15
638 15
639 15
640 15
681 15
682 15
287 16
311 16
312 16
313 16
336 16
360 16
562 17
563 17
598 17
738 18
277 20
323 21
347 21
372 21
33 22
50 22
51 22
92 22
524 23
525 23
522 24
523 24
526 25
559 25
560 25
999 26
1000 26
1051 26
1052 26
1537 27
1585 27
1586 27
1630 27
1631 27
1636 28
1675 28
1090 29
1141 29
625 30
626 30
627 30
556 31
591 31
592 31
990 32
985 33
1332 34
1375 34
1376 34
1412 34
1632 35
1633 35
1668 36
1704 36
1737 36
995 37
1047 37
949 38
1001 38
1198 39
1199 39
1245 39
1085 40
1086 40
755 41
756 41
848 42
1291 43
1043 44
1044 44
1283 45
1284 45
1634 46
896 47
940 47
941 47
942 47
992 47
993 47
1105 49
1106 49
676 50
632 51
670 52
711 52
712 52
1336 53
1337 53
1338 53
1381 53
1153 54
1154 54
717 55
709 56
751 56
1535 57
1536 57
1617 58
1660 58
510 59
511 59
1701 60
1733 60
1734 60
1661 61
1696 61
1441 62
1488 62
665 63
666 63
577 64
578 64
662 65
706 65
1578 66
1623 67
1624 67
1845 68
1864 68
1575 69
1576 69
1620 69
923 70
975 70
479 71
480 71
1530 72
1531 72
1077 73
1579 74
1577 75
1621 75
1662 75
827 76
875 76
969 77
1021 77
744 78
1226 79
1227 79
1572 80
1573 80
1574 80
1619 80
1523 81
1401 82
742 83
743 83
789 83
661 85
705 85
1616 86
1658 86
2004 87
2014 87
2015 87
2026 87
2027 87
1715 88
1749 88
1929 89
1942 89
1932 90
1946 90
1901 91
1978 92
1804 93
1979 94
1980 94
1782 95
1810 95
1811 95
1982 96
2003 97
1951 98
1952 98
1965 98
470 99
414 100
415 100
441 100
289 101
316 101
567 102
568 102
501 103
502 103
535 103
236 104
310 105
391 106
416 106
417 106
35 107
36 107
37 107
53 107
54 107
56 107
1165 108
1212 108
1213 108
1684 109
1685 109
1466 110
1507 110
1215 111
1260 111
1261 111
1612 112
1613 112
809 113
810 113
857 113
1304 114
1305 114
1348 114
1349 114
1516 115
1564 115
1125 116
1173 116
1174 116
1175 116
1176 116
1177 116
1222 116
1223 116
1262 117
1306 117
1607 118
1648 118
1649 118
1650 118
1651 118
1691 118
1692 118
1693 118
824 119
825 119
826 119
1070 120
965 121
1017 121
1018 121
1786 123
1814 123
1815 123
1299 124
402 125
427 125
428 125
456 125
99 126
122 126
123 126
147 126
148 126
633 127
393 128
429 129
222 130
247 130
248 130
488 131
489 131
521 131
292 132
244 133
268 134
294 134
295 134
272 135
273 135
298 135
328 136
329 136
352 136
353 136
484 137
516 137
517 137
518 137
420 138
421 138
423 138
450 138
451 138
452 138
483 138
217 139
139 140
164 140
2023 141
2024 141
2030 141
2031 141
378 142
379 142
403 142
404 142
1840 143
1841 143
1863 143
276 144
197 145
198 145
226 145
373 146
374 146
398 146
783 147
972 148
973 148
749 149
750 149
795 149
796 149
927 150
931 151
1589 152
1539 153
1540 153
1541 153
1590 153
1591 153
1592 153
1593 153
1580 154
1625 154
1379 155
1416 155
348 156
1960 157
1961 157
1828 158
1851 158
1852 158
593 159
1962 160
1973 160
1974 160
2013 161
2025 161
2032 161
718 162
758 162
759 162
760 162
804 162
1594 163
1329 164
1324 165
1325 165
1236 166
1280 166
1417 167
1458 167
1459 167
1460 167
1499 167
1500 167
1501 167
1502 167
1547 167
1549 167
1092 168
1142 168
1143 168
1712 169
1745 169
1748 170
1148 171
1196 171
1333 172
1334 172
1036 173
1087 173
1088 173
929 174
930 174
1286 175
1287 175
986 176
987 176
1040 176
1746 177
1747 177
1774 177
1775 177
1803 177
991 178
844 179
893 179
715 180
939 181
845 182
846 182
1455 183
1456 183
1201 184
1202 184
1203 184
1246 184
1247 184
1248 184
1292 184
547 185
581 185
582 185
1445 186
1446 186
1447 186
1491 186
1492 186
1493 186
1050 187
1103 187
1104 187
673 189
716 189
1702 190
1703 190
1735 190
1765 190
1766 190
1794 190
1582 191
1626 191
805 192
852 192
899 192
900 192
901 192
945 192
946 192
947 192
997 192
998 192
933 193
1084 194
1398 195
1484 195
1485 195
660 196
1271 197
1313 197
1314 197
1315 197
1356 197
1357 197
1571 198
793 199
794 199
1569 201
1570 201
1179 202
656 203
788 204
1319 205
1665 206
1666 206
1667 206
835 207
883 207
884 207
1355 208
1127 209
1618 210
1847 211
1849 211
1867 211
1868 211
1986 212
1771 213
1798 213
1799 213
1800 213
1825 213
1826 213
1905 214
1906 214
1963 215
1964 215
1975 215
1987 215
1953 216
1954 216
1967 216
1968 216
1805 217
1957 218
1958 218
1959 218
1971 218
1972 218
2000 219
2001 219
2002 219
1885 220
1886 220
1743 222
1770 222
1680 223
1998 224
2006 224
2007 224
2016 224
2017 224
1888 226
1889 227
1937 228
1950 228
1927 229
1938 230
1742 231
1769 231
314 232
315 232
174 234
612 235
692 236
734 236
337 237
130 239
154 240
180 240
230 241
231 241
256 241
603 242
643 242
366 243
367 243
263 244
288 244
442 245
443 245
471 246
503 246
644 247
645 247
686 247
687 247
688 247
730 247
564 248
565 248
600 248
601 248
641 248
1551 249
1599 249
1600 249
1007 250
821 251
822 251
1221 252
1266 252
1267 252
1268 252
1309 252
1310 252
1598 253
1641 253
1392 254
1393 254
867 255
915 255
963 256
964 256
1557 257
1558 258
1559 258
1560 258
1605 258
1606 258
772 259
773 259
774 259
817 259
1058 260
1059 260
1112 260
1066 261
1119 261
907 262
908 262
953 262
954 262
858 263
906 263
951 263
952 263
1003 263
1004 263
1426 264
1427 264
1428 264
1471 264
1472 264
1513 264
140 265
296 266
459 267
460 267
491 267
492 267
325 268
326 268
350 268
351 269
1147 272
1545 273
937 275
1627 276
1094 277
1095 277
1377 278
1378 278
1089 279
1139 279
1140 279
1189 279
1190 279
1370 280
1371 280
1408 280
1187 281
841 282
1243 283
1244 283
1288 283
1150 284
1151 284
1674 285
1276 286
1277 286
1320 286
849 287
996 288
1048 288
1049 288
1328 289
1034 290
943 291
944 291
1146 292
667 293
710 293
892 294
938 294
720 296
797 297
980 298
981 298
1033 298
757 300
1596 301
1194 302
1195 302
1240 302
1241 302
1242 302
1285 302
1330 302
1331 302
1373 303
1670 304
1671 304
1706 304
1669 305
754 306
1635 307
1673 307
895 308
1548 309
1137 310
806 311
853 311
854 311
855 311
902 311
668 312
1705 313
1738 313
1739 313
1281 314
1327 314
1372 314
1454 315
1795 316
669 317
1402 318
1403 318
671 319
713 319
714 319
1736 321
1767 321
1197 322
1096 323
1097 323
838 324
839 324
1321 325
1322 325
586 326
587 326
982 327
983 327
1035 327
1542 328
1543 328
984 329
801 330
589 331
897 332
898 332
1640 334
894 335
1136 336
800 337
677 338
719 338
1361 339
1362 339
1407 340
1409 340
1410 340
1448 340
1449 340
1450 340
1451 340
994 341
1045 341
1046 341
1102 342
1152 342
1002 343
1053 343
583 344
584 344
585 344
630 345
631 345
674 345
675 345
628 346
672 346
515 347
548 347
549 347
798 348
1193 349
1237 349
1238 349
1239 349
1282 349
624 350
1829 351
1380 352
1418 352
1419 352
1496 353
1497 353
1498 353
1544 353
1713 354
590 355
1155 356
1191 357
1192 357
752 358
753 358
1038 359
1039 359
1091 359
1100 360
1101 360
1546 361
1200 362
1098 363
1099 363
1149 363
1054 364
1413 365
761 369
1363 370
1364 370
936 371
988 371
1773 373
1278 374
1279 374
1289 375
1290 375
1335 375
1414 375
1415 375
1457 375
1323 376
1365 376
1366 376
1367 376
1404 376
1405 376
799 377
847 377
519 378
550 378
551 378
552 378
588 378
840 379
888 379
889 379
890 379
934 379
935 379
1638 380
1639 380
1677 380
1041 381
1374 382
1411 382
885 383
1093 384
1144 384
1145 384
1138 385
1188 385
1676 386
1714 386
1583 387
1584 387
1628 387
1629 387
1672 387
1707 387
629 388
1037 389
842 390
843 390
891 390
886 391
932 391
1326 392
1368 392
1595 393
1637 393
1369 394
1406 394
1587 395
1588 395
802 397
850 397
851 397
989 398
1042 398
803 399
1818 400
1843 400
1844 400
782 401
828 401
829 401
1791 402
1819 402
1181 403
1229 403
1452 404
1453 404
1494 404
1495 404
1538 404
1440 406
1483 406
1525 406
1526 406
1697 407
1698 407
1699 407
701 408
919 409
700 410
739 410
1490 411
882 412
707 413
708 413
702 414
1182 415
1230 415
576 417
616 417
655 417
1076 418
703 419
741 421
1130 422
1180 422
1527 423
1528 423
1225 424
1270 424
620 425
621 425
747 426
792 426
833 427
879 427
1486 428
1487 428
1529 428
1031 429
1730 430
1731 430
1762 430
1272 431
1273 431
1274 431
1318 431
1442 433
1443 433
1444 433
834 434
880 434
881 434
622 436
1622 437
745 438
1025 439
698 440
699 440
979 442
976 443
832 444
1027 445
1028 445
1029 445
1030 445
1079 445
1080 445
1081 445
920 446
921 446
1269 447
1311 447
1312 447
1178 448
1224 448
1663 449
1664 449
1700 449
1732 449
1082 452
1083 452
791 454
1026 455
790 456
836 456
878 458
924 458
1763 459
1764 459
1792 459
1820 459
1397 461
1435 461
1436 461
1479 461
1480 461
1522 461
614 462
615 462
654 462
619 463
659 463
1231 465
1659 466
1695 466
579 467
580 467
784 468
830 468
831 468
543 469
704 470
1023 471
1075 471
512 472
978 473
1520 474
1521 474
1567 474
1568 474
1614 474
1615 474
1533 476
1534 476
1581 476
740 477
787 477
925 478
977 478
1437 479
1481 479
617 480
887 481
1317 483
1399 485
1400 485
974 488
1133 489
544 491
1233 492
1131 493
1132 493
1232 494
1275 494
481 495
513 495
514 495
546 495
1360 496
623 497
663 497
1024 499
1022 500
613 501
652 501
653 501
697 501
1129 502
1078 503
1228 504
478 505
1074 506
1128 506
748 507
1489 508
1532 508
1793 509
746 510
664 511
618 513
657 513
658 513
926 514
545 515
1032 516
1185 517
1438 518
1439 518
1482 518
1134 519
1135 519
785 520
786 520
1524 521
928 522
1854 523
837 524
1776 525
1751 526
1779 526
1780 526
1809 526
1918 527
1919 527
1872 528
1838 530
1923 532
1924 532
1835 533
1878 533
1984 536
1985 536
1995 536
1912 539
1917 540
1992 541
1940 542
1928 543
1718 545
1752 545
1882 546
1981 547
2018 551
2019 551
2008 552
1834 553
1808 556
1833 556
1856 556
1956 559
1892 560
1876 562
1893 562
1894 562
1801 563
1873 564
1890 564
1744 565
1772 565
1966 567
1708 568
1709 568
1740 568
1991 569
1753 570
1754 570
1781 570
1994 571
1911 573
1777 574
1944 575
1941 576
1857 578
1858 578
1877 578
1836 579
1837 579
1859 579
1860 579
1807 580
1832 580
1855 580
1875 580
1866 581
1883 581
1884 581
1902 581
1920 581
1934 581
1976 583
1977 583
1988 583
1989 583
1990 583
1999 583
1925 584
1939 584
1922 585
1778 586
1806 586
1831 586
2020 588
1861 589
1881 590
1899 590
1839 592
1993 593
1824 594
1848 594
1869 596
1887 596
1910 597
1827 598
1850 598
1802 599
1870 601
1871 601
1921 602
2010 603
1897 604
1874 605
1862 606
1903 608
1904 608
1879 609
2009 610
1678 613
1716 613
1750 613
1955 614
1755 615
1783 615
1784 615
1768 616
1796 616
1797 616
1821 617
1822 617
1823 617
1846 617
1865 617
1945 619
1830 623
1853 624
1812 625
1813 626
1909 627
1926 627
1969 629
1970 629
1895 630
1896 630
1880 631
1898 631
1935 632
1936 632
1947 632
1948 632
1679 633
1717 633
1900 634
1949 635
1913 636
1914 636
1915 636
1930 636
1931 636
1907 637
1908 637
1983 638
1916 639
1933 639
2035 640
2036 640
2037 640
2011 641
2012 641
2021 641
2022 641
2028 641
2029 641
2033 641
2034 641
388 642
389 642
413 642
436 642
437 642
438 642
439 642
440 642
465 642
466 642
467 642
468 642
469 642
499 642
500 642
537 643
538 643
308 644
11 645
12 645
13 645
14 645
16 645
17 645
18 645
19 645
20 645
21 645
22 645
23 645
24 645
25 645
26 645
27 645
28 645
38 645
39 645
40 645
41 645
42 645
43 645
44 645
45 645
46 645
47 645
58 645
59 645
60 645
61 645
62 645
63 645
64 645
65 645
66 645
82 645
83 645
84 645
85 645
86 645
87 645
88 645
111 645
112 645
114 645
134 645
572 646
573 646
608 646
609 646
309 647
334 648
335 648
359 648
75 649
76 649
105 650
129 650
605 652
52 653
317 655
575 656
611 657
651 657
355 658
356 658
262 660
606 661
386 662
411 662
341 663
177 664
178 664
203 664
204 664
232 665
233 665
126 666
57 667
80 667
81 667
161 668
186 668
187 668
213 668
648 669
649 669
340 670
235 671
261 671
77 672
101 672
569 673
258 674
283 674
357 675
358 675
383 675
384 675
102 676
307 677
331 677
332 677
339 678
392 679
444 679
445 679
446 679
447 679
448 679
472 679
473 679
474 679
475 679
476 679
477 679
506 679
507 679
508 679
509 679
539 679
541 679
542 679
238 680
239 680
264 680
265 680
534 681
529 682
530 682
536 683
176 684
202 684
149 685
150 685
106 686
540 687
604 688
570 689
504 690
505 690
214 692
89 693
90 693
113 693
135 693
136 693
642 694
684 694
685 694
463 695
464 695
496 695
338 696
363 696
407 697
408 697
409 697
434 697
435 697
100 698
381 699
382 699
574 700
610 700
650 700
693 700
571 701
607 701
175 702
201 702
566 703
602 703
385 704
410 704
55 706
78 706
79 706
531 707
532 707
1 708
2 708
3 708
4 708
5 708
6 708
7 708
8 708
9 708
10 708
15 708
29 708
30 708
107 709
108 709
109 709
110 709
131 709
132 709
133 709
155 709
156 709
157 709
160 709
181 709
205 709
206 709
237 710
722 711
723 711
763 711
764 711
103 712
104 712
127 712
128 712
151 712
152 712
153 712
365 714
207 715
234 715
259 715
260 715
284 715
285 715
286 715
290 716
257 717
282 717
533 718
361 719
362 719
497 720
498 720
387 721
412 721
333 722
364 724
390 724
1249 727
1293 727
1294 727
1339 728
1382 728
1383 728
1421 728
1422 728
1469 729
1470 729
1510 729
1511 729
1512 729
1787 730
1107 731
1158 731
767 732
768 732
811 732
1207 733
1208 733
1252 733
1253 733
1687 734
1725 734
1759 734
1553 735
1554 735
1642 736
1157 737
1156 738
1205 738
1206 738
1250 738
1016 739
1168 740
1169 740
1216 740
1352 741
1353 741
1354 741
1395 741
1433 741
1503 742
956 743
957 743
958 743
1550 744
1011 745
1063 745
1064 745
1116 745
1166 745
909 746
910 746
955 746
1214 747
1258 747
1259 747
1302 747
694 748
736 748
737 748
1555 749
1556 749
1603 749
1604 749
1647 749
1756 750
1117 751
1167 751
1346 752
1389 752
1390 752
1391 752
1429 752
1430 752
1217 753
1263 753
1073 754
1126 754
735 755
777 755
778 755
779 755
1519 756
960 757
1012 757
1465 758
1008 759
1009 759
1597 760
1602 761
1517 762
1565 762
1307 763
1308 763
1350 763
1351 763
1394 763
1432 763
1463 764
1504 764
1505 764
1552 764
1060 765
1061 765
1113 765
1114 765
1162 766
1163 766
1211 766
1072 767
1123 767
1124 767
1566 768
1068 769
1069 769
1121 769
1122 769
1423 770
1424 770
1467 770
1468 770
1508 770
1256 771
812 772
871 773
1071 774
1342 775
1384 775
1385 775
1118 776
1110 777
1111 777
1160 777
1726 778
1727 778
1728 778
1729 778
1760 778
1788 778
1816 778
1020 779
1431 780
1473 780
1474 780
1475 780
1514 780
1515 780
1065 781
1396 782
1434 782
1303 783
1347 783
1159 784
1476 785
1477 785
1478 785
1518 785
1682 786
1683 786
1719 786
1720 786
1721 786
1757 787
1758 787
1785 787
1464 788
1506 788
1164 789
1055 790
1056 790
1109 790
1015 791
1067 791
769 792
813 792
814 792
1171 793
1172 793
1219 793
1220 793
1264 793
1265 793
691 794
770 795
771 795
727 796
728 796
729 796
1688 798
1689 798
1690 798
1120 799
1170 799
1218 799
1655 800
1656 800
1657 800
1108 801
917 802
966 802
683 803
724 803
725 803
726 803
765 803
766 803
733 804
961 805
962 805
1013 805
1014 805
1643 806
1681 806
866 807
695 809
696 809
856 810
903 810
904 810
905 810
950 810
859 811
860 811
861 811
1561 812
1608 812
1609 812
1610 812
1611 812
1652 812
1653 812
1654 812
815 813
816 813
863 813
864 813
911 813
1686 814
1761 815
1789 815
1790 815
1817 815
1842 815
1694 816
689 817
731 817
732 817
1254 818
1255 818
1298 818
1204 819
780 820
781 820
1601 821
1644 821
1645 821
1646 821
862 822
874 823
775 824
776 824
818 824
819 824
820 824
868 824
869 824
870 824
916 824
1161 825
1209 825
1210 825
1005 827
1006 827
1057 827
1257 828
1300 828
1301 828
1345 828
918 829
967 829
968 829
1722 830
1723 830
1724 830
1296 831
1340 831
1341 831
865 832
912 832
913 832
914 832
959 832
1509 833
1420 834
1461 834
1462 834
1010 835
1062 835
1115 835
1019 836
1251 837
1295 837
1297 838
762 839
807 839
808 839
196 843
493 844
221 845
246 845
394 846
449 846
269 848
274 850
220 851
327 852
635 853
678 853
679 853
680 853
721 853
318 854
342 854
168 855
169 855
319 856
343 856
369 856
322 857
346 857
49 858
67 858
68 858
69 858
91 858
215 859
302 860
303 860
73 861
74 861
163 862
270 863
271 863
490 864
173 865
199 865
200 865
228 866
229 866
253 866
254 866
172 867
98 868
120 868
255 869
280 869
281 869
305 869
306 869
119 870
142 870
143 870
170 872
267 873
293 873
344 874
370 874
401 875
520 876
558 877
594 877
595 877
634 877
227 878
251 878
252 878
141 880
166 880
349 881
485 883
115 884
32 885
31 886
48 886
380 887
430 888
431 888
299 889
330 891
596 892
636 892
395 894
396 894
397 894
422 894
194 895
195 895
223 895
320 897
321 897
70 898
304 899
95 900
96 900
97 900
117 900
118 900
224 901
249 901
494 902
495 902
527 902
528 902
561 902
597 902
557 903
71 904
72 904
94 904
354 906
291 907
405 908
406 908
188 909
189 909
216 910
278 911
279 911
275 913
376 914
377 914
487 915
190 916
218 916
457 917
137 918
138 918
245 920
368 921
297 925
266 926
162 927
375 928
399 928
400 928
424 928
425 928
426 928
453 928
454 928
482 929
167 930
192 930
193 930
418 931
419 931
116 932
458 933
121 934
144 934
145 934
93 937
191 938
241 939
242 939
461 941
146 942
225 943
250 943
300 944
301 944
324 944
553 945
554 945
555 945
455 946
486 946
240 947
462 948
345 949
371 949
165 950
1183 951
1184 951
1343 952
1344 952
1386 952
1387 952
1388 952
1425 952
1891 953
179 954
124 955
125 955
34 956
823 957
872 957
873 957
432 958
433 958
171 959
