location subarea INSEE_COM
1 1 13096
2 1 13096
3 1 13096
4 1 13096
5 1 13096
6 1 13096
7 1 13096
8 1 13096
9 1 13096
10 1 13096
11 2 13004
12 2 13004
13 2 13004
14 2 13004
15 1 13096
16 2 13004
17 2 13004
18 2 13004
19 2 13004
20 2 13004
21 2 13004
22 2 13004
23 2 13004
24 2 13004
25 2 13004
26 2 13004
27 2 13004
28 2 13004
29 1 13096
30 1 13096
31 3 84064
32 4 84063
33 5 84078
34 6 13061
35 7 13108
36 7 13108
37 7 13108
38 2 13004
39 2 13004
40 2 13004
41 2 13004
42 2 13004
43 2 13004
44 2 13004
45 2 13004
46 2 13004
47 2 13004
48 3 84064
49 8 84019
50 5 84078
51 5 84078
52 9 13017
53 7 13108
54 7 13108
55 10 13094
56 7 13108
57 11 13038
58 2 13004
59 2 13004
60 2 13004
61 2 13004
62 2 13004
63 2 13004
64 2 13004
65 2 13004
66 2 13004
67 8 84019
68 8 84019
69 8 84019
70 12 84083
71 13 84091
72 13 84091
73 14 84027
74 14 84027
75 15 13010
76 15 13010
77 16 13045
78 10 13094
79 10 13094
80 11 13038
81 11 13038
82 2 13004
83 2 13004
84 2 13004
85 2 13004
86 2 13004
87 2 13004
88 2 13004
89 17 13078
90 17 13078
91 8 84019
92 5 84078
93 18 84135
94 13 84091
95 19 84087
96 19 84087
97 19 84087
98 20 84037
99 21 84007
100 22 13083
101 16 13045
102 23 13052
103 24 13100
104 24 13100
105 25 13011
106 26 13068
107 27 13097
108 27 13097
109 27 13097
110 27 13097
111 2 13004
112 2 13004
113 17 13078
114 2 13004
115 28 84061
116 29 84127
117 19 84087
118 19 84087
119 30 84039
120 20 84037
121 31 84129
122 21 84007
123 21 84007
124 32 13027
125 32 13027
126 33 13036
127 24 13100
128 24 13100
129 25 13011
130 34 13058
131 27 13097
132 27 13097
133 27 13097
134 2 13004
135 17 13078
136 17 13078
137 35 84106
138 35 84106
139 36 84134
140 37 84029
141 38 84056
142 30 84039
143 30 84039
144 31 84129
145 31 84129
146 39 84141
147 21 84007
148 21 84007
149 40 13066
150 40 13066
151 24 13100
152 24 13100
153 24 13100
154 41 13065
155 27 13097
156 27 13097
157 27 13097
158 42 13047
159 42 13047
160 27 13097
161 43 13039
162 44 84117
163 45 84028
164 36 84134
165 46 84149
166 38 84056
167 47 84122
168 48 84016
169 48 84016
170 49 84043
171 50 84119
172 51 84036
173 52 84034
174 53 13018
175 54 13089
176 55 13064
177 56 13034
178 56 13034
179 57 13006
180 41 13065
181 27 13097
182 42 13047
183 42 13047
184 42 13047
185 42 13047
186 43 13039
187 43 13039
188 58 84096
189 58 84096
190 59 84104
191 60 84136
192 47 84122
193 47 84122
194 61 84080
195 61 84080
196 62 84001
197 63 84132
198 63 84132
199 52 84034
200 52 84034
201 54 13089
202 55 13064
203 56 13034
204 56 13034
205 27 13097
206 27 13097
207 64 13103
208 42 13047
209 42 13047
210 42 13047
211 42 13047
212 42 13047
213 43 13039
214 65 13077
215 66 84022
216 67 84098
217 68 84126
218 59 84104
219 69 84049
220 70 84012
221 71 84004
222 72 84031
223 61 84080
224 73 84088
225 74 84142
226 63 84132
227 75 84054
228 76 84035
229 76 84035
230 77 13067
231 77 13067
232 78 13035
233 78 13035
234 64 13103
235 79 13044
236 80 13063
237 81 13098
238 82 13056
239 82 13056
240 83 84146
241 84 84137
242 84 84137
243 69 84049
244 85 84059
245 86 84109
246 71 84004
247 72 84031
248 72 84031
249 73 84088
250 74 84142
251 75 84054
252 75 84054
253 76 84035
254 76 84035
255 87 84038
256 77 13067
257 88 13105
258 89 13049
259 64 13103
260 64 13103
261 79 13044
262 90 13029
263 91 13092
264 82 13056
265 82 13056
266 92 84116
267 93 84044
268 94 84069
269 95 84008
270 96 84030
271 96 84030
272 97 84072
273 97 84072
274 98 84011
275 99 84101
276 100 84124
277 101 84062
278 102 84099
279 102 84099
280 87 84038
281 87 84038
282 88 13105
283 89 13049
284 64 13103
285 64 13103
286 64 13103
287 103 13051
288 91 13092
289 104 13026
290 105 13104
291 106 84094
292 107 84045
293 93 84044
294 94 84069
295 94 84069
296 108 84041
297 109 84115
298 97 84072
299 110 84070
300 111 84143
301 111 84143
302 112 84025
303 112 84025
304 113 84086
305 87 84038
306 87 84038
307 114 13053
308 115 13003
309 116 13008
310 117 13069
311 103 13051
312 103 13051
313 103 13051
314 118 13014
315 118 13014
316 104 13026
317 119 13021
318 120 84015
319 121 84017
320 122 84082
321 122 84082
322 123 84018
323 124 84075
324 111 84143
325 125 84050
326 125 84050
327 126 84013
328 127 84073
329 127 84073
330 128 84074
331 114 13053
332 114 13053
333 129 13115
334 130 13009
335 130 13009
336 103 13051
337 131 13037
338 132 13081
339 133 13054
340 134 13043
341 135 13033
342 120 84015
343 121 84017
344 136 84046
345 137 84148
346 123 84018
347 124 84075
348 138 84085
349 139 84057
350 125 84050
351 140 84051
352 127 84073
353 127 84073
354 141 84093
355 142 13024
356 142 13024
357 143 13050
358 143 13050
359 130 13009
360 103 13051
361 144 13112
362 144 13112
363 132 13081
364 145 13117
365 146 13102
366 147 13088
367 147 13088
368 148 84110
369 121 84017
370 136 84046
371 137 84148
372 124 84075
373 149 84066
374 149 84066
375 150 84118
376 151 84102
377 151 84102
378 152 84020
379 152 84020
380 153 84065
381 154 13084
382 154 13084
383 143 13050
384 143 13050
385 155 13091
386 156 13032
387 157 13114
388 158 13001
389 158 13001
390 145 13117
391 159 13071
392 160 13055
393 161 84021
394 162 84005
395 163 84079
396 163 84079
397 163 84079
398 149 84066
399 150 84118
400 150 84118
401 164 84047
402 165 84003
403 152 84020
404 152 84020
405 166 84095
406 166 84095
407 167 13082
408 167 13082
409 167 13082
410 155 13091
411 156 13032
412 157 13114
413 158 13001
414 168 13019
415 168 13019
416 159 13071
417 159 13071
418 169 84125
419 169 84125
420 170 84123
421 170 84123
422 163 84079
423 170 84123
424 150 84118
425 150 84118
426 150 84118
427 165 84003
428 165 84003
429 171 84023
430 172 84068
431 172 84068
432 173 84026
433 173 84026
434 167 13082
435 167 13082
436 158 13001
437 158 13001
438 158 13001
439 158 13001
440 158 13001
441 168 13019
442 174 13106
443 174 13106
444 160 13055
445 160 13055
446 160 13055
447 160 13055
448 160 13055
449 162 84005
450 170 84123
451 170 84123
452 170 84123
453 150 84118
454 150 84118
455 175 84145
456 165 84003
457 176 84105
458 177 84128
459 178 84042
460 178 84042
461 179 84140
462 180 84147
463 181 13080
464 181 13080
465 158 13001
466 158 13001
467 158 13001
468 158 13001
469 158 13001
470 182 13015
471 183 13107
472 160 13055
473 160 13055
474 160 13055
475 160 13055
476 160 13055
477 160 13055
478 184 05150
479 185 05126
480 185 05126
481 186 05129
482 187 84120
483 170 84123
484 188 84107
485 189 84060
486 175 84145
487 190 84103
488 191 84032
489 191 84032
490 192 84033
491 178 84042
492 178 84042
493 193 84002
494 194 84089
495 194 84089
496 181 13080
497 195 13113
498 195 13113
499 158 13001
500 158 13001
501 196 13041
502 196 13041
503 183 13107
504 197 13075
505 197 13075
506 160 13055
507 160 13055
508 160 13055
509 160 13055
510 198 05024
511 198 05024
512 199 05091
513 186 05129
514 186 05129
515 200 04163
516 188 84107
517 188 84107
518 188 84107
519 201 04208
520 202 84048
521 191 84032
522 203 84112
523 203 84112
524 204 84084
525 204 84084
526 205 84133
527 194 84089
528 194 84089
529 206 13059
530 206 13059
531 207 13095
532 207 13095
533 208 13109
534 209 13060
535 196 13041
536 210 13062
537 211 13002
538 211 13002
539 160 13055
540 212 13070
541 160 13055
542 160 13055
543 213 05088
544 214 05117
545 215 05169
546 186 05129
547 216 04140
548 200 04163
549 200 04163
550 201 04208
551 201 04208
552 201 04208
553 217 84144
554 217 84144
555 217 84144
556 218 04045
557 219 84090
558 220 84052
559 205 84133
560 205 84133
561 194 84089
562 221 13074
563 221 13074
564 222 13111
565 222 13111
566 223 13090
567 224 13040
568 224 13040
569 225 13046
570 226 13073
571 227 13086
572 228 13005
573 228 13005
574 229 13085
575 230 13022
576 231 05019
577 232 05048
578 232 05048
579 233 05086
580 233 05086
581 216 04140
582 216 04140
583 234 04159
584 234 04159
585 234 04159
586 235 04132
587 235 04132
588 201 04208
589 236 04142
590 237 04175
591 218 04045
592 218 04045
593 238 84151
594 220 84052
595 220 84052
596 239 84076
597 194 84089
598 221 13074
599 240 13048
600 222 13111
601 222 13111
602 223 13090
603 241 13087
604 242 13072
605 243 13013
606 244 13031
607 227 13086
608 228 13005
609 228 13005
610 229 13085
611 245 13023
612 246 13028
613 247 05146
614 248 05080
615 248 05080
616 231 05019
617 249 05102
618 250 05167
619 251 05081
620 252 05033
621 252 05033
622 253 05051
623 254 05135
624 255 04169
625 256 04018
626 256 04018
627 256 04018
628 257 04162
629 258 04227
630 259 04160
631 259 04160
632 260 04129
633 261 84009
634 220 84052
635 262 84014
636 239 84076
637 240 13048
638 240 13048
639 240 13048
640 240 13048
641 222 13111
642 263 13079
643 241 13087
644 264 13110
645 264 13110
646 265 13007
647 265 13007
648 266 13042
649 266 13042
650 229 13085
651 245 13023
652 247 05146
653 247 05146
654 248 05080
655 231 05019
656 267 05154
657 250 05167
658 250 05167
659 251 05081
660 268 05076
661 269 05172
662 270 05097
663 254 05135
664 271 05160
665 272 05047
666 272 05047
667 273 04051
668 274 04095
669 275 04101
670 276 04141
671 277 04104
672 257 04162
673 278 04192
674 259 04160
675 259 04160
676 279 04128
677 280 04152
678 262 84014
679 262 84014
680 262 84014
681 240 13048
682 240 13048
683 281 83104
684 263 13079
685 263 13079
686 264 13110
687 264 13110
688 264 13110
689 282 83120
690 265 13007
691 283 83093
692 284 13030
693 229 13085
694 285 83027
695 286 83112
696 286 83112
697 247 05146
698 287 05055
699 287 05055
700 288 05010
701 289 05008
702 290 05016
703 291 05021
704 292 05089
705 269 05172
706 270 05097
707 293 05014
708 293 05014
709 294 04199
710 273 04051
711 276 04141
712 276 04141
713 277 04104
714 277 04104
715 295 04111
716 278 04192
717 296 04190
718 297 04112
719 280 04152
720 298 04063
721 262 84014
722 299 13099
723 299 13099
724 281 83104
725 281 83104
726 281 83104
727 300 83097
728 300 83097
729 300 83097
730 264 13110
731 282 83120
732 282 83120
733 301 83105
734 284 13030
735 302 83035
736 285 83027
737 285 83027
738 303 83009
739 288 05010
740 304 05099
741 305 05028
742 306 05165
743 306 05165
744 307 05143
745 308 05053
746 309 05159
747 310 05034
748 311 05155
749 312 04139
750 312 04139
751 294 04199
752 313 04178
753 313 04178
754 314 04087
755 315 04088
756 315 04088
757 316 04068
758 297 04112
759 297 04112
760 297 04112
761 317 04197
762 318 83150
763 299 13099
764 299 13099
765 281 83104
766 281 83104
767 319 83006
768 319 83006
769 320 83089
770 321 83096
771 321 83096
772 322 83087
773 322 83087
774 322 83087
775 323 83127
776 323 83127
777 302 83035
778 302 83035
779 302 83035
780 324 83123
781 324 83123
782 325 05002
783 326 05042
784 327 05087
785 328 05179
786 328 05179
787 304 05099
788 329 05158
789 306 05165
790 330 05073
791 331 05070
792 310 05034
793 332 05118
794 332 05118
795 312 04139
796 312 04139
797 333 04065
798 334 04164
799 335 04206
800 336 04151
801 337 04138
802 338 04242
803 339 04245
804 297 04112
805 340 04230
806 341 04094
807 318 83150
808 318 83150
809 342 83066
810 342 83066
811 319 83006
812 343 83052
813 320 83089
814 320 83089
815 344 83116
816 344 83116
817 322 83087
818 323 83127
819 323 83127
820 323 83127
821 345 83016
822 345 83016
823 346 83090
824 347 83129
825 347 83129
826 347 83129
827 348 05138
828 325 05002
829 325 05002
830 327 05087
831 327 05087
832 349 05060
833 350 05035
834 351 05049
835 352 05178
836 330 05073
837 353 05173
838 354 04123
839 354 04123
840 355 04209
841 356 04027
842 357 04229
843 357 04229
844 358 04109
845 359 04130
846 359 04130
847 335 04206
848 360 04106
849 361 04034
850 338 04242
851 338 04242
852 340 04230
853 341 04094
854 341 04094
855 341 04094
856 362 83113
857 342 83066
858 363 83146
859 364 83114
860 364 83114
861 364 83114
862 365 83125
863 344 83116
864 344 83116
865 366 83140
866 367 83110
867 368 83076
868 323 83127
869 323 83127
870 323 83127
871 369 83053
872 346 83090
873 346 83090
874 370 83126
875 348 05138
876 371 05139
877 371 05139
878 372 05075
879 350 05035
880 351 05049
881 351 05049
882 373 05013
883 352 05178
884 352 05178
885 374 04216
886 375 04233
887 376 05103
888 355 04209
889 355 04209
890 355 04209
891 357 04229
892 377 04053
893 358 04109
894 378 04149
895 379 04091
896 380 04116
897 381 04143
898 381 04143
899 340 04230
900 340 04230
901 340 04230
902 341 04094
903 362 83113
904 362 83113
905 362 83113
906 363 83146
907 382 83145
908 382 83145
909 383 83025
910 383 83025
911 344 83116
912 366 83140
913 366 83140
914 366 83140
915 368 83076
916 323 83127
917 384 83103
918 385 83137
919 386 05009
920 387 05062
921 387 05062
922 371 05139
923 388 05123
924 372 05075
925 389 05100
926 390 05168
927 391 05071
928 392 05184
929 393 04058
930 393 04058
931 394 04207
932 375 04233
933 395 04231
934 355 04209
935 355 04209
936 396 04200
937 397 04013
938 377 04053
939 398 04127
940 380 04116
941 380 04116
942 380 04116
943 399 04041
944 399 04041
945 340 04230
946 340 04230
947 340 04230
948 400 04189
949 401 04081
950 362 83113
951 363 83146
952 363 83146
953 382 83145
954 382 83145
955 383 83025
956 402 83021
957 402 83021
958 402 83021
959 366 83140
960 403 83037
961 404 83108
962 404 83108
963 405 83077
964 405 83077
965 406 83131
966 384 83103
967 385 83137
968 385 83137
969 407 05142
970 408 05039
971 408 05039
972 409 05095
973 409 05095
974 410 05112
975 388 05123
976 411 05059
977 389 05100
978 412 05092
979 413 05057
980 414 04066
981 414 04066
982 415 04134
983 415 04134
984 416 04137
985 417 04050
986 418 04075
987 418 04075
988 396 04200
989 419 04244
990 420 04049
991 421 04079
992 380 04116
993 380 04116
994 422 04156
995 423 04077
996 424 04035
997 340 04230
998 340 04230
999 425 04004
1000 425 04004
1001 401 04081
1002 426 04158
1003 363 83146
1004 363 83146
1005 427 83135
1006 427 83135
1007 428 83012
1008 429 83039
1009 429 83039
1010 430 83143
1011 431 83023
1012 403 83037
1013 404 83108
1014 404 83108
1015 432 83088
1016 433 83017
1017 406 83131
1018 406 83131
1019 434 83144
1020 435 83062
1021 407 05142
1022 436 05144
1023 437 05090
1024 438 05141
1025 439 05054
1026 440 05072
1027 441 05061
1028 441 05061
1029 441 05061
1030 441 05061
1031 442 05037
1032 443 05170
1033 414 04066
1034 444 04037
1035 415 04134
1036 445 04057
1037 446 04228
1038 447 04179
1039 447 04179
1040 418 04075
1041 448 04211
1042 419 04244
1043 449 04108
1044 449 04108
1045 422 04156
1046 422 04156
1047 423 04077
1048 424 04035
1049 424 04035
1050 450 04166
1051 425 04004
1052 425 04004
1053 426 04158
1054 451 04186
1055 452 83084
1056 452 83084
1057 427 83135
1058 453 83095
1059 453 83095
1060 454 83045
1061 454 83045
1062 430 83143
1063 431 83023
1064 431 83023
1065 455 83064
1066 456 83106
1067 432 83088
1068 457 83049
1069 457 83049
1070 458 83130
1071 459 83054
1072 460 83047
1073 461 83034
1074 462 05152
1075 437 05090
1076 463 05020
1077 464 05132
1078 465 05148
1079 441 05061
1080 441 05061
1081 441 05061
1082 466 05068
1083 466 05068
1084 467 04234
1085 468 04085
1086 468 04085
1087 445 04057
1088 445 04057
1089 469 04023
1090 470 04016
1091 447 04179
1092 471 04040
1093 472 04217
1094 473 04021
1095 473 04021
1096 474 04122
1097 474 04122
1098 475 04181
1099 475 04181
1100 476 04182
1101 476 04182
1102 477 04157
1103 450 04166
1104 450 04166
1105 478 04124
1106 478 04124
1107 479 83005
1108 480 83102
1109 452 83084
1110 481 83060
1111 481 83060
1112 453 83095
1113 454 83045
1114 454 83045
1115 430 83143
1116 431 83023
1117 482 83030
1118 483 83059
1119 456 83106
1120 484 83100
1121 457 83049
1122 457 83049
1123 460 83047
1124 460 83047
1125 485 83069
1126 461 83034
1127 486 05182
1128 462 05152
1129 487 05147
1130 488 05029
1131 489 05124
1132 489 05124
1133 490 05113
1134 491 05176
1135 491 05176
1136 492 04150
1137 493 04093
1138 494 04222
1139 469 04023
1140 469 04023
1141 470 04016
1142 471 04040
1143 471 04040
1144 472 04217
1145 472 04217
1146 495 04047
1147 496 04001
1148 497 04046
1149 475 04181
1150 498 04031
1151 498 04031
1152 477 04157
1153 499 04172
1154 499 04172
1155 500 04176
1156 501 83015
1157 502 83014
1158 479 83005
1159 503 83078
1160 481 83060
1161 504 83128
1162 505 83046
1163 505 83046
1164 506 83083
1165 507 83032
1166 431 83023
1167 482 83030
1168 508 83018
1169 508 83018
1170 484 83100
1171 509 83091
1172 509 83091
1173 485 83069
1174 485 83069
1175 485 83069
1176 485 83069
1177 485 83069
1178 510 05064
1179 511 05153
1180 488 05029
1181 512 05004
1182 513 05017
1183 514 05011
1184 514 05011
1185 515 05171
1186 516 05022
1187 517 04026
1188 494 04222
1189 469 04023
1190 469 04023
1191 518 04177
1192 518 04177
1193 519 04167
1194 520 04070
1195 520 04070
1196 497 04046
1197 521 04121
1198 522 04084
1199 522 04084
1200 523 04184
1201 524 04135
1202 524 04135
1203 524 04135
1204 525 83122
1205 501 83015
1206 501 83015
1207 526 83007
1208 526 83007
1209 504 83128
1210 504 83128
1211 505 83046
1212 507 83032
1213 507 83032
1214 527 83026
1215 528 83057
1216 508 83018
1217 529 83033
1218 484 83100
1219 509 83091
1220 509 83091
1221 530 83071
1222 485 83069
1223 485 83069
1224 510 05064
1225 531 05032
1226 532 05145
1227 532 05145
1228 533 05149
1229 512 05004
1230 513 05017
1231 534 05084
1232 535 05127
1233 536 05121
1234 516 05022
1235 516 05022
1236 537 04020
1237 519 04167
1238 519 04167
1239 519 04167
1240 520 04070
1241 520 04070
1242 520 04070
1243 538 04028
1244 538 04028
1245 522 04084
1246 524 04135
1247 524 04135
1248 524 04135
1249 539 83002
1250 501 83015
1251 540 83147
1252 526 83007
1253 526 83007
1254 541 83121
1255 541 83121
1256 542 83051
1257 543 83136
1258 527 83026
1259 527 83026
1260 528 83057
1261 528 83057
1262 544 83092
1263 529 83033
1264 509 83091
1265 509 83091
1266 530 83071
1267 530 83071
1268 530 83071
1269 545 05063
1270 531 05032
1271 546 05096
1272 547 05040
1273 547 05040
1274 547 05040
1275 535 05127
1276 548 04033
1277 548 04033
1278 549 04203
1279 549 04203
1280 537 04020
1281 550 04097
1282 519 04167
1283 551 04113
1284 551 04113
1285 520 04070
1286 552 04074
1287 552 04074
1288 538 04028
1289 553 04204
1290 553 04204
1291 554 04107
1292 524 04135
1293 539 83002
1294 539 83002
1295 540 83147
1296 555 83139
1297 556 83149
1298 541 83121
1299 557 83154
1300 543 83136
1301 543 83136
1302 527 83026
1303 558 83073
1304 559 83067
1305 559 83067
1306 544 83092
1307 560 83043
1308 560 83043
1309 530 83071
1310 530 83071
1311 545 05063
1312 545 05063
1313 546 05096
1314 546 05096
1315 546 05096
1316 561 05114
1317 562 05106
1318 547 05040
1319 563 05163
1320 548 04033
1321 564 04126
1322 564 04126
1323 565 04205
1324 566 04017
1325 566 04017
1326 567 04235
1327 550 04097
1328 568 04036
1329 569 04009
1330 520 04070
1331 520 04070
1332 570 04059
1333 571 04055
1334 571 04055
1335 553 04204
1336 572 04144
1337 572 04144
1338 572 04144
1339 573 83003
1340 555 83139
1341 555 83139
1342 574 83058
1343 575 83072
1344 575 83072
1345 543 83136
1346 576 83031
1347 558 83073
1348 559 83067
1349 559 83067
1350 560 83043
1351 560 83043
1352 577 83019
1353 577 83019
1354 577 83019
1355 578 05181
1356 546 05096
1357 546 05096
1358 561 05114
1359 561 05114
1360 579 05130
1361 580 04154
1362 580 04154
1363 581 04198
1364 581 04198
1365 565 04205
1366 565 04205
1367 565 04205
1368 567 04235
1369 582 04237
1370 583 04024
1371 583 04024
1372 550 04097
1373 584 04072
1374 585 04214
1375 570 04059
1376 570 04059
1377 586 04022
1378 586 04022
1379 587 04030
1380 588 04171
1381 572 04144
1382 573 83003
1383 573 83003
1384 574 83058
1385 574 83058
1386 575 83072
1387 575 83072
1388 575 83072
1389 576 83031
1390 576 83031
1391 576 83031
1392 589 83075
1393 589 83075
1394 560 83043
1395 577 83019
1396 590 83070
1397 591 05079
1398 592 05058
1399 593 05108
1400 593 05108
1401 594 05164
1402 595 04102
1403 595 04102
1404 565 04205
1405 565 04205
1406 582 04237
1407 596 04155
1408 583 04024
1409 596 04155
1410 596 04155
1411 585 04214
1412 570 04059
1413 597 04187
1414 553 04204
1415 553 04204
1416 587 04030
1417 598 04039
1418 588 04171
1419 588 04171
1420 599 83142
1421 573 83003
1422 573 83003
1423 600 83050
1424 600 83050
1425 575 83072
1426 601 83148
1427 601 83148
1428 601 83148
1429 576 83031
1430 576 83031
1431 602 83063
1432 560 83043
1433 577 83019
1434 590 83070
1435 591 05079
1436 591 05079
1437 603 05101
1438 604 05175
1439 604 05175
1440 605 05006
1441 606 05046
1442 607 05045
1443 607 05045
1444 607 05045
1445 608 04161
1446 608 04161
1447 608 04161
1448 596 04155
1449 596 04155
1450 596 04155
1451 596 04155
1452 609 04218
1453 609 04218
1454 610 04099
1455 611 04133
1456 611 04133
1457 553 04204
1458 598 04039
1459 598 04039
1460 598 04039
1461 599 83142
1462 599 83142
1463 612 83044
1464 613 83082
1465 614 83038
1466 615 83056
1467 600 83050
1468 600 83050
1469 616 83004
1470 616 83004
1471 601 83148
1472 601 83148
1473 602 83063
1474 602 83063
1475 602 83063
1476 617 83079
1477 617 83079
1478 617 83079
1479 591 05079
1480 591 05079
1481 603 05101
1482 604 05175
1483 605 05006
1484 592 05058
1485 592 05058
1486 618 05036
1487 618 05036
1488 606 05046
1489 619 05156
1490 620 05012
1491 608 04161
1492 608 04161
1493 608 04161
1494 609 04218
1495 609 04218
1496 621 04173
1497 621 04173
1498 621 04173
1499 598 04039
1500 598 04039
1501 598 04039
1502 598 04039
1503 622 83020
1504 612 83044
1505 612 83044
1506 613 83082
1507 615 83056
1508 600 83050
1509 623 83141
1510 616 83004
1511 616 83004
1512 616 83004
1513 601 83148
1514 602 83063
1515 602 83063
1516 624 83068
1517 625 83042
1518 617 83079
1519 626 83036
1520 627 05093
1521 627 05093
1522 591 05079
1523 628 05161
1524 629 05180
1525 605 05006
1526 605 05006
1527 630 05031
1528 630 05031
1529 618 05036
1530 631 05128
1531 631 05128
1532 619 05156
1533 632 05098
1534 632 05098
1535 633 04220
1536 633 04220
1537 634 04006
1538 609 04218
1539 635 04219
1540 635 04219
1541 635 04219
1542 636 04136
1543 636 04136
1544 621 04173
1545 637 04007
1546 638 04183
1547 598 04039
1548 639 04092
1549 598 04039
1550 640 83022
1551 641 83010
1552 612 83044
1553 642 83011
1554 642 83011
1555 643 83028
1556 643 83028
1557 644 83085
1558 645 83086
1559 645 83086
1560 645 83086
1561 646 83115
1562 647 83094
1563 647 83094
1564 624 83068
1565 625 83042
1566 648 83048
1567 627 05093
1568 627 05093
1569 649 05133
1570 649 05133
1571 650 05109
1572 651 05151
1573 651 05151
1574 651 05151
1575 652 05122
1576 652 05122
1577 653 05136
1578 654 05116
1579 655 05134
1580 656 05044
1581 632 05098
1582 657 04195
1583 658 04226
1584 658 04226
1585 634 04006
1586 634 04006
1587 659 04240
1588 659 04240
1589 660 04025
1590 635 04219
1591 635 04219
1592 635 04219
1593 635 04219
1594 661 04005
1595 662 04236
1596 663 04069
1597 664 83040
1598 665 83074
1599 641 83010
1600 641 83010
1601 666 83124
1602 667 83041
1603 643 83028
1604 643 83028
1605 645 83086
1606 645 83086
1607 668 83107
1608 646 83115
1609 646 83115
1610 646 83115
1611 646 83115
1612 669 83065
1613 669 83065
1614 627 05093
1615 627 05093
1616 670 05174
1617 671 05023
1618 672 05183
1619 651 05151
1620 652 05122
1621 653 05136
1622 673 05052
1623 674 05119
1624 674 05119
1625 656 05044
1626 657 04195
1627 675 04019
1628 658 04226
1629 658 04226
1630 634 04006
1631 634 04006
1632 676 04061
1633 676 04061
1634 677 04115
1635 678 04090
1636 679 04008
1637 662 04236
1638 680 04210
1639 680 04210
1640 681 04148
1641 665 83074
1642 682 83013
1643 683 83109
1644 666 83124
1645 666 83124
1646 666 83124
1647 643 83028
1648 668 83107
1649 668 83107
1650 668 83107
1651 668 83107
1652 646 83115
1653 646 83115
1654 646 83115
1655 684 83101
1656 684 83101
1657 684 83101
1658 670 05174
1659 685 05085
1660 671 05023
1661 686 05027
1662 653 05136
1663 687 05065
1664 687 05065
1665 688 05177
1666 688 05177
1667 688 05177
1668 689 04062
1669 690 04086
1670 691 04073
1671 691 04073
1672 658 04226
1673 678 04090
1674 692 04032
1675 679 04008
1676 693 04224
1677 680 04210
1678 694 06116
1679 695 06154
1680 696 06134
1681 683 83109
1682 697 83080
1683 697 83080
1684 698 83055
1685 698 83055
1686 699 83117
1687 700 83008
1688 701 83099
1689 701 83099
1690 701 83099
1691 668 83107
1692 668 83107
1693 668 83107
1694 702 83119
1695 685 05085
1696 686 05027
1697 703 05007
1698 703 05007
1699 703 05007
1700 687 05065
1701 704 05026
1702 705 04193
1703 705 04193
1704 689 04062
1705 706 04096
1706 691 04073
1707 658 04226
1708 707 06056
1709 707 06056
1710 708 06125
1711 708 06125
1712 709 04042
1713 710 04174
1714 693 04224
1715 711 06024
1716 694 06116
1717 695 06154
1718 712 06028
1719 697 83080
1720 697 83080
1721 697 83080
1722 713 83138
1723 713 83138
1724 713 83138
1725 700 83008
1726 714 83061
1727 714 83061
1728 714 83061
1729 714 83061
1730 715 05038
1731 715 05038
1732 687 05065
1733 704 05026
1734 704 05026
1735 705 04193
1736 716 04120
1737 689 04062
1738 706 04096
1739 706 04096
1740 707 06056
1741 708 06125
1742 717 06160
1743 718 06133
1744 719 06053
1745 709 04042
1746 720 04076
1747 720 04076
1748 721 04043
1749 711 06024
1750 694 06116
1751 722 06003
1752 712 06028
1753 723 06058
1754 723 06058
1755 724 06118
1756 725 83029
1757 726 83081
1758 726 83081
1759 700 83008
1760 714 83061
1761 727 83118
1762 715 05038
1763 728 05077
1764 728 05077
1765 705 04193
1766 705 04193
1767 716 04120
1768 729 06119
1769 717 06160
1770 718 06133
1771 730 06071
1772 719 06053
1773 731 04202
1774 720 04076
1775 720 04076
1776 732 06002
1777 733 06063
1778 734 06081
1779 722 06003
1780 722 06003
1781 723 06058
1782 735 06130
1783 724 06118
1784 724 06118
1785 726 83081
1786 736 83133
1787 737 83001
1788 714 83061
1789 727 83118
1790 727 83118
1791 738 05003
1792 728 05077
1793 739 05157
1794 705 04193
1795 740 04100
1796 729 06119
1797 729 06119
1798 730 06071
1799 730 06071
1800 730 06071
1801 741 06051
1802 742 06099
1803 720 04076
1804 743 06045
1805 744 06087
1806 734 06081
1807 745 06070
1808 746 06041
1809 722 06003
1810 735 06130
1811 735 06130
1812 747 06137
1813 748 06140
1814 736 83133
1815 736 83133
1816 714 83061
1817 727 83118
1818 749 05001
1819 738 05003
1820 728 05077
1821 750 06120
1822 750 06120
1823 750 06120
1824 751 06094
1825 730 06071
1826 730 06071
1827 752 06098
1828 753 06093
1829 754 04170
1830 755 06131
1831 734 06081
1832 745 06070
1833 746 06041
1834 756 06037
1835 757 06010
1836 758 06069
1837 758 06069
1838 759 06007
1839 760 06090
1840 761 06079
1841 761 06079
1842 727 83118
1843 749 05001
1844 749 05001
1845 762 05120
1846 750 06120
1847 763 06016
1848 751 06094
1849 763 06016
1850 752 06098
1851 753 06093
1852 753 06093
1853 764 06135
1854 765 06001
1855 745 06070
1856 746 06041
1857 766 06068
1858 766 06068
1859 758 06069
1860 758 06069
1861 767 06084
1862 768 06108
1863 761 06079
1864 762 05120
1865 750 06120
1866 769 06073
1867 763 06016
1868 763 06016
1869 770 06096
1870 771 06101
1871 771 06101
1872 772 06005
1873 773 06052
1874 774 06107
1875 745 06070
1876 775 06050
1877 766 06068
1878 757 06010
1879 776 06112
1880 777 06152
1881 778 06085
1882 779 06030
1883 769 06073
1884 769 06073
1885 780 06110
1886 780 06110
1887 770 06096
1888 781 06139
1889 782 06143
1890 773 06052
1891 783 06106
1892 784 06047
1893 775 06050
1894 775 06050
1895 785 06148
1896 785 06148
1897 786 06105
1898 777 06152
1899 778 06085
1900 787 06155
1901 788 06029
1902 769 06073
1903 789 06111
1904 789 06111
1905 790 06072
1906 790 06072
1907 791 06158
1908 791 06158
1909 792 06141
1910 793 06097
1911 794 06061
1912 795 06017
1913 796 06157
1914 796 06157
1915 796 06157
1916 797 06161
1917 798 06018
1918 799 06004
1919 799 06004
1920 769 06073
1921 800 06102
1922 801 06080
1923 802 06009
1924 802 06009
1925 803 06078
1926 792 06141
1927 804 06145
1928 805 06022
1929 806 06025
1930 796 06157
1931 796 06157
1932 807 06027
1933 797 06161
1934 769 06073
1935 808 06153
1936 808 06153
1937 809 06144
1938 810 06146
1939 803 06078
1940 811 06021
1941 812 06066
1942 806 06025
1943 813 06064
1944 814 06065
1945 815 06123
1946 807 06027
1947 808 06153
1948 808 06153
1949 816 06156
1950 809 06144
1951 817 06151
1952 817 06151
1953 818 06075
1954 818 06075
1955 819 06117
1956 820 06046
1957 821 06088
1958 821 06088
1959 821 06088
1960 822 06127
1961 822 06127
1962 823 06103
1963 824 06074
1964 824 06074
1965 817 06151
1966 825 06055
1967 818 06075
1968 818 06075
1969 826 06147
1970 826 06147
1971 821 06088
1972 821 06088
1973 823 06103
1974 823 06103
1975 824 06074
1976 827 06077
1977 827 06077
1978 828 06043
1979 829 06048
1980 829 06048
1981 830 06031
1982 831 06149
1983 832 06159
1984 833 06013
1985 833 06013
1986 834 06020
1987 824 06074
1988 827 06077
1989 827 06077
1990 827 06077
1991 835 06057
1992 836 06019
1993 837 06092
1994 838 06059
1995 833 06013
1996 839 06086
1997 839 06086
1998 840 06136
1999 827 06077
2000 841 06091
2001 841 06091
2002 841 06091
2003 842 06150
2004 843 06023
2005 839 06086
2006 840 06136
2007 840 06136
2008 844 06036
2009 845 06113
2010 846 06104
2011 847 06163
2012 847 06163
2013 848 06132
2014 843 06023
2015 843 06023
2016 840 06136
2017 840 06136
2018 849 06035
2019 849 06035
2020 850 06083
2021 847 06163
2022 847 06163
2023 851 06062
2024 851 06062
2025 848 06132
2026 843 06023
2027 843 06023
2028 847 06163
2029 847 06163
2030 851 06062
2031 851 06062
2032 848 06132
2033 847 06163
2034 847 06163
2035 852 06162
2036 852 06162
2037 852 06162
