location subarea codearondo
1 1 213
2 1 213
3 1 213
4 1 213
5 1 213
6 1 213
7 1 213
8 1 213
9 1 213
10 1 213
11 1 213
12 1 213
13 1 213
14 1 213
15 1 213
16 1 213
17 1 213
18 1 213
19 1 213
20 1 213
21 1 213
22 1 213
23 1 213
24 1 213
25 1 213
26 1 213
27 1 213
28 1 213
29 1 213
30 1 213
31 2 284
32 2 284
33 2 284
34 1 213
35 1 213
36 1 213
37 1 213
38 1 213
39 1 213
40 1 213
41 1 213
42 1 213
43 1 213
44 1 213
45 1 213
46 1 213
47 1 213
48 2 284
49 2 284
50 2 284
51 2 284
52 1 213
53 1 213
54 1 213
55 1 213
56 1 213
57 1 213
58 1 213
59 1 213
60 1 213
61 1 213
62 1 213
63 1 213
64 1 213
65 1 213
66 1 213
67 2 284
68 2 284
69 2 284
70 2 284
71 2 284
72 2 284
73 2 284
74 2 284
75 1 213
76 1 213
77 1 213
78 1 213
79 1 213
80 1 213
81 1 213
82 1 213
83 1 213
84 1 213
85 1 213
86 1 213
87 1 213
88 1 213
89 1 213
90 1 213
91 2 284
92 2 284
93 2 284
94 2 284
95 2 284
96 2 284
97 2 284
98 2 284
99 2 284
100 1 213
101 1 213
102 1 213
103 1 213
104 1 213
105 1 213
106 1 213
107 1 213
108 1 213
109 1 213
110 1 213
111 1 213
112 1 213
113 1 213
114 1 213
115 2 284
116 2 284
117 2 284
118 2 284
119 2 284
120 2 284
121 2 284
122 2 284
123 2 284
124 1 213
125 1 213
126 1 213
127 1 213
128 1 213
129 1 213
130 1 213
131 1 213
132 1 213
133 1 213
134 1 213
135 1 213
136 1 213
137 2 284
138 2 284
139 2 284
140 2 284
141 2 284
142 2 284
143 2 284
144 2 284
145 2 284
146 2 284
147 2 284
148 2 284
149 1 213
150 1 213
151 1 213
152 1 213
153 1 213
154 1 213
155 1 213
156 1 213
157 1 213
158 3 413
159 3 413
160 1 213
161 3 413
162 4 384
163 4 384
164 2 284
165 2 284
166 2 284
167 4 384
168 2 284
169 2 284
170 4 384
171 2 284
172 2 284
173 5 184
174 1 213
175 1 213
176 1 213
177 1 213
178 1 213
179 1 213
180 1 213
181 1 213
182 3 413
183 3 413
184 3 413
185 3 413
186 3 413
187 3 413
188 4 384
189 4 384
190 4 384
191 4 384
192 4 384
193 4 384
194 4 384
195 4 384
196 4 384
197 2 284
198 2 284
199 5 184
200 5 184
201 1 213
202 1 213
203 1 213
204 1 213
205 1 213
206 1 213
207 6 113
208 3 413
209 3 413
210 3 413
211 3 413
212 3 413
213 3 413
214 3 413
215 4 384
216 4 384
217 4 384
218 4 384
219 4 384
220 4 384
221 4 384
222 4 384
223 4 384
224 4 384
225 4 384
226 2 284
227 2 284
228 5 184
229 5 184
230 1 213
231 1 213
232 1 213
233 1 213
234 6 113
235 6 113
236 3 413
237 3 413
238 3 413
239 3 413
240 4 384
241 4 384
242 4 384
243 4 384
244 4 384
245 4 384
246 4 384
247 4 384
248 4 384
249 4 384
250 4 384
251 2 284
252 2 284
253 5 184
254 5 184
255 5 184
256 1 213
257 1 213
258 1 213
259 6 113
260 6 113
261 6 113
262 6 113
263 3 413
264 3 413
265 3 413
266 4 384
267 4 384
268 4 384
269 4 384
270 4 384
271 4 384
272 4 384
273 4 384
274 4 384
275 4 384
276 2 284
277 2 284
278 5 184
279 5 184
280 5 184
281 5 184
282 1 213
283 1 213
284 6 113
285 6 113
286 6 113
287 6 113
288 3 413
289 3 413
290 3 413
291 4 384
292 4 384
293 4 384
294 4 384
295 4 384
296 4 384
297 4 384
298 4 384
299 4 384
300 4 384
301 4 384
302 2 284
303 2 284
304 5 184
305 5 184
306 5 184
307 1 213
308 1 213
309 6 113
310 6 113
311 6 113
312 6 113
313 6 113
314 3 413
315 3 413
316 3 413
317 3 413
318 4 384
319 4 384
320 4 384
321 4 384
322 4 384
323 4 384
324 4 384
325 5 184
326 5 184
327 5 184
328 5 184
329 5 184
330 5 184
331 1 213
332 1 213
333 1 213
334 6 113
335 6 113
336 6 113
337 6 113
338 3 413
339 3 413
340 3 413
341 3 413
342 4 384
343 4 384
344 4 384
345 4 384
346 4 384
347 4 384
348 5 184
349 5 184
350 5 184
351 5 184
352 5 184
353 5 184
354 5 184
355 6 113
356 6 113
357 6 113
358 6 113
359 6 113
360 6 113
361 6 113
362 6 113
363 3 413
364 3 413
365 3 413
366 3 413
367 3 413
368 4 384
369 4 384
370 4 384
371 4 384
372 4 384
373 5 184
374 5 184
375 5 184
376 5 184
377 5 184
378 5 184
379 5 184
380 5 184
381 6 113
382 6 113
383 6 113
384 6 113
385 6 113
386 6 113
387 6 113
388 6 113
389 6 113
390 3 413
391 6 113
392 7 313
393 4 384
394 4 384
395 4 384
396 4 384
397 4 384
398 5 184
399 5 184
400 5 184
401 5 184
402 5 184
403 5 184
404 5 184
405 5 184
406 5 184
407 6 113
408 6 113
409 6 113
410 6 113
411 6 113
412 6 113
413 6 113
414 6 113
415 6 113
416 6 113
417 6 113
418 4 384
419 4 384
420 4 384
421 4 384
422 4 384
423 4 384
424 5 184
425 5 184
426 5 184
427 5 184
428 5 184
429 5 184
430 5 184
431 5 184
432 5 184
433 5 184
434 6 113
435 6 113
436 6 113
437 6 113
438 6 113
439 6 113
440 6 113
441 6 113
442 6 113
443 6 113
444 7 313
445 7 313
446 7 313
447 7 313
448 7 313
449 4 384
450 4 384
451 4 384
452 4 384
453 5 184
454 5 184
455 5 184
456 5 184
457 5 184
458 5 184
459 5 184
460 5 184
461 5 184
462 5 184
463 6 113
464 6 113
465 6 113
466 6 113
467 6 113
468 6 113
469 6 113
470 6 113
471 6 113
472 7 313
473 7 313
474 7 313
475 7 313
476 7 313
477 7 313
478 8 205
479 8 205
480 8 205
481 8 205
482 4 384
483 4 384
484 4 384
485 5 184
486 5 184
487 5 184
488 5 184
489 5 184
490 5 184
491 5 184
492 5 184
493 5 184
494 5 184
495 5 184
496 6 113
497 6 113
498 6 113
499 6 113
500 6 113
501 6 113
502 6 113
503 6 113
504 7 313
505 7 313
506 7 313
507 7 313
508 7 313
509 7 313
510 8 205
511 8 205
512 8 205
513 8 205
514 8 205
515 9 404
516 4 384
517 4 384
518 4 384
519 9 404
520 5 184
521 5 184
522 5 184
523 5 184
524 5 184
525 5 184
526 5 184
527 5 184
528 5 184
529 6 113
530 6 113
531 6 113
532 6 113
533 6 113
534 6 113
535 6 113
536 6 113
537 7 313
538 7 313
539 7 313
540 7 313
541 7 313
542 7 313
543 8 205
544 8 205
545 8 205
546 8 205
547 9 404
548 9 404
549 9 404
550 9 404
551 9 404
552 9 404
553 5 184
554 5 184
555 5 184
556 9 404
557 5 184
558 5 184
559 5 184
560 5 184
561 5 184
562 6 113
563 6 113
564 6 113
565 6 113
566 6 113
567 6 113
568 6 113
569 7 313
570 7 313
571 7 313
572 7 313
573 7 313
574 7 313
575 7 313
576 8 205
577 8 205
578 8 205
579 8 205
580 8 205
581 9 404
582 9 404
583 9 404
584 9 404
585 9 404
586 9 404
587 9 404
588 9 404
589 9 404
590 9 404
591 9 404
592 9 404
593 5 184
594 5 184
595 5 184
596 5 184
597 5 184
598 6 113
599 6 113
600 6 113
601 6 113
602 6 113
603 6 113
604 6 113
605 7 313
606 7 313
607 7 313
608 7 313
609 7 313
610 7 313
611 7 313
612 7 313
613 8 205
614 8 205
615 8 205
616 8 205
617 8 205
618 8 205
619 8 205
620 8 205
621 8 205
622 8 205
623 8 205
624 9 404
625 9 404
626 9 404
627 9 404
628 9 404
629 9 404
630 9 404
631 9 404
632 9 404
633 5 184
634 5 184
635 5 184
636 5 184
637 6 113
638 6 113
639 6 113
640 6 113
641 6 113
642 6 113
643 6 113
644 6 113
645 6 113
646 7 313
647 7 313
648 7 313
649 7 313
650 7 313
651 7 313
652 8 205
653 8 205
654 8 205
655 8 205
656 8 205
657 8 205
658 8 205
659 8 205
660 8 205
661 8 205
662 8 205
663 8 205
664 8 205
665 8 205
666 8 205
667 9 404
668 9 404
669 9 404
670 9 404
671 9 404
672 9 404
673 9 404
674 9 404
675 9 404
676 9 404
677 9 404
678 5 184
679 5 184
680 5 184
681 6 113
682 6 113
683 10 383
684 6 113
685 6 113
686 6 113
687 6 113
688 6 113
689 10 383
690 7 313
691 10 383
692 7 313
693 7 313
694 11 283
695 11 283
696 11 283
697 8 205
698 8 205
699 8 205
700 8 205
701 8 205
702 8 205
703 8 205
704 8 205
705 8 205
706 8 205
707 8 205
708 8 205
709 9 404
710 9 404
711 9 404
712 9 404
713 9 404
714 9 404
715 9 404
716 9 404
717 9 404
718 9 404
719 9 404
720 9 404
721 5 184
722 6 113
723 6 113
724 10 383
725 10 383
726 10 383
727 10 383
728 10 383
729 10 383
730 6 113
731 10 383
732 10 383
733 11 283
734 7 313
735 11 283
736 11 283
737 11 283
738 11 283
739 8 205
740 8 205
741 8 205
742 8 205
743 8 205
744 8 205
745 8 205
746 8 205
747 8 205
748 8 205
749 9 404
750 9 404
751 9 404
752 9 404
753 9 404
754 9 404
755 9 404
756 9 404
757 9 404
758 9 404
759 9 404
760 9 404
761 9 404
762 10 383
763 10 383
764 6 113
765 10 383
766 10 383
767 10 383
768 10 383
769 10 383
770 10 383
771 10 383
772 6 113
773 10 383
774 10 383
775 11 283
776 11 283
777 11 283
778 11 283
779 11 283
780 11 283
781 11 283
782 8 205
783 8 205
784 8 205
785 8 205
786 8 205
787 8 205
788 8 205
789 8 205
790 8 205
791 8 205
792 8 205
793 8 205
794 8 205
795 9 404
796 9 404
797 9 404
798 9 404
799 9 404
800 9 404
801 9 404
802 9 404
803 9 404
804 9 404
805 12 304
806 12 304
807 10 383
808 10 383
809 10 383
810 10 383
811 10 383
812 10 383
813 10 383
814 10 383
815 10 383
816 10 383
817 10 383
818 11 283
819 11 283
820 11 283
821 11 283
822 11 283
823 11 283
824 11 283
825 11 283
826 11 283
827 8 205
828 8 205
829 8 205
830 8 205
831 8 205
832 8 205
833 8 205
834 8 205
835 8 205
836 8 205
837 8 205
838 9 404
839 9 404
840 9 404
841 9 404
842 9 404
843 9 404
844 9 404
845 9 404
846 9 404
847 9 404
848 9 404
849 9 404
850 9 404
851 9 404
852 12 304
853 12 304
854 12 304
855 12 304
856 10 383
857 10 383
858 10 383
859 10 383
860 10 383
861 10 383
862 10 383
863 10 383
864 10 383
865 10 383
866 10 383
867 10 383
868 11 283
869 11 283
870 11 283
871 11 283
872 11 283
873 11 283
874 11 283
875 8 205
876 8 205
877 8 205
878 8 205
879 8 205
880 8 205
881 8 205
882 8 205
883 8 205
884 8 205
885 9 404
886 9 404
887 8 205
888 9 404
889 9 404
890 9 404
891 9 404
892 9 404
893 9 404
894 9 404
895 9 404
896 12 304
897 12 304
898 12 304
899 12 304
900 12 304
901 12 304
902 12 304
903 10 383
904 10 383
905 10 383
906 10 383
907 10 383
908 10 383
909 10 383
910 10 383
911 10 383
912 10 383
913 10 383
914 10 383
915 10 383
916 11 283
917 11 283
918 11 283
919 8 205
920 8 205
921 8 205
922 8 205
923 8 205
924 8 205
925 8 205
926 8 205
927 8 205
928 8 205
929 9 404
930 9 404
931 9 404
932 9 404
933 9 404
934 9 404
935 9 404
936 9 404
937 9 404
938 9 404
939 9 404
940 12 304
941 12 304
942 12 304
943 12 304
944 12 304
945 12 304
946 12 304
947 12 304
948 12 304
949 12 304
950 10 383
951 10 383
952 10 383
953 10 383
954 10 383
955 10 383
956 10 383
957 10 383
958 10 383
959 10 383
960 10 383
961 10 383
962 10 383
963 10 383
964 10 383
965 11 283
966 11 283
967 11 283
968 11 283
969 8 205
970 8 205
971 8 205
972 8 205
973 8 205
974 8 205
975 8 205
976 8 205
977 8 205
978 8 205
979 8 205
980 9 404
981 9 404
982 9 404
983 9 404
984 9 404
985 9 404
986 9 404
987 9 404
988 9 404
989 9 404
990 9 404
991 9 404
992 12 304
993 12 304
994 12 304
995 12 304
996 12 304
997 12 304
998 12 304
999 12 304
1000 12 304
1001 12 304
1002 12 304
1003 10 383
1004 10 383
1005 10 383
1006 10 383
1007 10 383
1008 10 383
1009 10 383
1010 10 383
1011 10 383
1012 10 383
1013 10 383
1014 10 383
1015 10 383
1016 11 283
1017 11 283
1018 11 283
1019 11 283
1020 11 283
1021 8 205
1022 8 205
1023 8 205
1024 8 205
1025 8 205
1026 8 205
1027 8 205
1028 8 205
1029 8 205
1030 8 205
1031 8 205
1032 8 205
1033 9 404
1034 9 404
1035 9 404
1036 9 404
1037 9 404
1038 9 404
1039 9 404
1040 9 404
1041 9 404
1042 9 404
1043 12 304
1044 12 304
1045 12 304
1046 12 304
1047 12 304
1048 12 304
1049 12 304
1050 12 304
1051 12 304
1052 12 304
1053 12 304
1054 12 304
1055 10 383
1056 10 383
1057 10 383
1058 10 383
1059 10 383
1060 10 383
1061 10 383
1062 10 383
1063 10 383
1064 10 383
1065 10 383
1066 10 383
1067 10 383
1068 11 283
1069 11 283
1070 11 283
1071 11 283
1072 11 283
1073 11 283
1074 8 205
1075 8 205
1076 8 205
1077 8 205
1078 8 205
1079 8 205
1080 8 205
1081 8 205
1082 8 205
1083 8 205
1084 9 404
1085 9 404
1086 9 404
1087 9 404
1088 9 404
1089 9 404
1090 9 404
1091 9 404
1092 12 304
1093 12 304
1094 12 304
1095 12 304
1096 12 304
1097 12 304
1098 12 304
1099 12 304
1100 12 304
1101 12 304
1102 12 304
1103 12 304
1104 12 304
1105 12 304
1106 12 304
1107 10 383
1108 10 383
1109 10 383
1110 10 383
1111 10 383
1112 10 383
1113 10 383
1114 10 383
1115 10 383
1116 10 383
1117 10 383
1118 10 383
1119 10 383
1120 11 283
1121 11 283
1122 11 283
1123 11 283
1124 11 283
1125 11 283
1126 11 283
1127 8 205
1128 8 205
1129 8 205
1130 8 205
1131 8 205
1132 8 205
1133 8 205
1134 8 205
1135 8 205
1136 9 404
1137 9 404
1138 9 404
1139 9 404
1140 9 404
1141 9 404
1142 12 304
1143 12 304
1144 12 304
1145 12 304
1146 12 304
1147 12 304
1148 12 304
1149 12 304
1150 12 304
1151 12 304
1152 12 304
1153 12 304
1154 12 304
1155 12 304
1156 10 383
1157 10 383
1158 10 383
1159 10 383
1160 10 383
1161 10 383
1162 10 383
1163 10 383
1164 10 383
1165 10 383
1166 10 383
1167 10 383
1168 10 383
1169 10 383
1170 11 283
1171 11 283
1172 11 283
1173 11 283
1174 11 283
1175 11 283
1176 11 283
1177 11 283
1178 8 205
1179 8 205
1180 8 205
1181 8 205
1182 8 205
1183 8 205
1184 8 205
1185 8 205
1186 8 205
1187 9 404
1188 9 404
1189 9 404
1190 9 404
1191 12 304
1192 12 304
1193 12 304
1194 12 304
1195 12 304
1196 12 304
1197 12 304
1198 12 304
1199 12 304
1200 12 304
1201 12 304
1202 12 304
1203 12 304
1204 10 383
1205 10 383
1206 10 383
1207 10 383
1208 10 383
1209 10 383
1210 10 383
1211 10 383
1212 10 383
1213 10 383
1214 10 383
1215 10 383
1216 10 383
1217 11 283
1218 11 283
1219 11 283
1220 11 283
1221 11 283
1222 11 283
1223 11 283
1224 8 205
1225 8 205
1226 8 205
1227 8 205
1228 8 205
1229 8 205
1230 8 205
1231 8 205
1232 8 205
1233 8 205
1234 8 205
1235 8 205
1236 12 304
1237 12 304
1238 12 304
1239 12 304
1240 12 304
1241 12 304
1242 12 304
1243 12 304
1244 12 304
1245 12 304
1246 12 304
1247 12 304
1248 12 304
1249 10 383
1250 10 383
1251 10 383
1252 10 383
1253 10 383
1254 13 183
1255 13 183
1256 10 383
1257 13 183
1258 10 383
1259 10 383
1260 10 383
1261 10 383
1262 10 383
1263 11 283
1264 11 283
1265 11 283
1266 11 283
1267 11 283
1268 11 283
1269 14 105
1270 8 205
1271 8 205
1272 8 205
1273 8 205
1274 8 205
1275 8 205
1276 15 104
1277 15 104
1278 12 304
1279 12 304
1280 12 304
1281 12 304
1282 12 304
1283 12 304
1284 12 304
1285 12 304
1286 12 304
1287 12 304
1288 12 304
1289 12 304
1290 12 304
1291 12 304
1292 12 304
1293 10 383
1294 10 383
1295 10 383
1296 10 383
1297 13 183
1298 13 183
1299 10 383
1300 13 183
1301 13 183
1302 10 383
1303 13 183
1304 10 383
1305 10 383
1306 10 383
1307 11 283
1308 11 283
1309 11 283
1310 11 283
1311 14 105
1312 14 105
1313 8 205
1314 8 205
1315 8 205
1316 8 205
1317 8 205
1318 8 205
1319 8 205
1320 15 104
1321 12 304
1322 12 304
1323 12 304
1324 12 304
1325 12 304
1326 12 304
1327 12 304
1328 12 304
1329 12 304
1330 12 304
1331 12 304
1332 12 304
1333 12 304
1334 12 304
1335 12 304
1336 12 304
1337 12 304
1338 12 304
1339 13 183
1340 13 183
1341 13 183
1342 13 183
1343 13 183
1344 13 183
1345 13 183
1346 13 183
1347 13 183
1348 10 383
1349 10 383
1350 11 283
1351 11 283
1352 11 283
1353 11 283
1354 11 283
1355 14 105
1356 8 205
1357 8 205
1358 8 205
1359 8 205
1360 8 205
1361 15 104
1362 15 104
1363 15 104
1364 15 104
1365 12 304
1366 12 304
1367 12 304
1368 12 304
1369 12 304
1370 12 304
1371 12 304
1372 12 304
1373 12 304
1374 12 304
1375 12 304
1376 12 304
1377 12 304
1378 12 304
1379 12 304
1380 16 204
1381 12 304
1382 13 183
1383 13 183
1384 13 183
1385 13 183
1386 13 183
1387 13 183
1388 13 183
1389 13 183
1390 13 183
1391 13 183
1392 13 183
1393 13 183
1394 11 283
1395 11 283
1396 11 283
1397 14 105
1398 14 105
1399 8 205
1400 8 205
1401 8 205
1402 15 104
1403 15 104
1404 12 304
1405 12 304
1406 12 304
1407 12 304
1408 12 304
1409 12 304
1410 12 304
1411 12 304
1412 12 304
1413 12 304
1414 12 304
1415 12 304
1416 12 304
1417 16 204
1418 16 204
1419 16 204
1420 13 183
1421 13 183
1422 13 183
1423 13 183
1424 13 183
1425 13 183
1426 13 183
1427 13 183
1428 13 183
1429 13 183
1430 13 183
1431 13 183
1432 11 283
1433 11 283
1434 11 283
1435 14 105
1436 14 105
1437 14 105
1438 14 105
1439 14 105
1440 14 105
1441 8 205
1442 8 205
1443 8 205
1444 8 205
1445 15 104
1446 15 104
1447 15 104
1448 12 304
1449 12 304
1450 12 304
1451 12 304
1452 16 204
1453 16 204
1454 16 204
1455 16 204
1456 16 204
1457 12 304
1458 16 204
1459 16 204
1460 16 204
1461 13 183
1462 13 183
1463 13 183
1464 13 183
1465 13 183
1466 13 183
1467 13 183
1468 13 183
1469 13 183
1470 13 183
1471 13 183
1472 13 183
1473 13 183
1474 13 183
1475 13 183
1476 13 183
1477 13 183
1478 13 183
1479 14 105
1480 14 105
1481 14 105
1482 14 105
1483 14 105
1484 14 105
1485 14 105
1486 8 205
1487 8 205
1488 8 205
1489 8 205
1490 8 205
1491 15 104
1492 15 104
1493 15 104
1494 16 204
1495 16 204
1496 16 204
1497 16 204
1498 16 204
1499 16 204
1500 16 204
1501 16 204
1502 16 204
1503 13 183
1504 13 183
1505 13 183
1506 13 183
1507 13 183
1508 13 183
1509 13 183
1510 13 183
1511 13 183
1512 13 183
1513 13 183
1514 13 183
1515 13 183
1516 13 183
1517 13 183
1518 13 183
1519 13 183
1520 14 105
1521 14 105
1522 14 105
1523 14 105
1524 14 105
1525 14 105
1526 14 105
1527 14 105
1528 14 105
1529 8 205
1530 8 205
1531 8 205
1532 8 205
1533 8 205
1534 8 205
1535 15 104
1536 15 104
1537 16 204
1538 16 204
1539 16 204
1540 16 204
1541 16 204
1542 16 204
1543 16 204
1544 16 204
1545 16 204
1546 16 204
1547 16 204
1548 16 204
1549 16 204
1550 13 183
1551 13 183
1552 13 183
1553 13 183
1554 13 183
1555 13 183
1556 13 183
1557 13 183
1558 13 183
1559 13 183
1560 13 183
1561 13 183
1562 13 183
1563 13 183
1564 13 183
1565 13 183
1566 13 183
1567 14 105
1568 14 105
1569 14 105
1570 14 105
1571 14 105
1572 14 105
1573 14 105
1574 14 105
1575 14 105
1576 14 105
1577 14 105
1578 14 105
1579 14 105
1580 8 205
1581 8 205
1582 15 104
1583 15 104
1584 15 104
1585 16 204
1586 16 204
1587 16 204
1588 16 204
1589 16 204
1590 16 204
1591 16 204
1592 16 204
1593 16 204
1594 16 204
1595 16 204
1596 16 204
1597 13 183
1598 13 183
1599 13 183
1600 13 183
1601 13 183
1602 13 183
1603 13 183
1604 13 183
1605 13 183
1606 13 183
1607 13 183
1608 13 183
1609 13 183
1610 13 183
1611 13 183
1612 13 183
1613 13 183
1614 14 105
1615 14 105
1616 14 105
1617 14 105
1618 14 105
1619 14 105
1620 14 105
1621 14 105
1622 14 105
1623 14 105
1624 14 105
1625 8 205
1626 15 104
1627 15 104
1628 15 104
1629 15 104
1630 16 204
1631 16 204
1632 16 204
1633 16 204
1634 16 204
1635 16 204
1636 16 204
1637 16 204
1638 16 204
1639 16 204
1640 16 204
1641 13 183
1642 13 183
1643 13 183
1644 13 183
1645 13 183
1646 13 183
1647 13 183
1648 13 183
1649 13 183
1650 13 183
1651 13 183
1652 13 183
1653 13 183
1654 13 183
1655 13 183
1656 13 183
1657 13 183
1658 14 105
1659 14 105
1660 14 105
1661 14 105
1662 14 105
1663 14 105
1664 14 105
1665 14 105
1666 14 105
1667 14 105
1668 15 104
1669 15 104
1670 15 104
1671 15 104
1672 15 104
1673 16 204
1674 16 204
1675 16 204
1676 16 204
1677 16 204
1678 17 106
1679 16 204
1680 17 106
1681 13 183
1682 13 183
1683 13 183
1684 13 183
1685 13 183
1686 13 183
1687 13 183
1688 13 183
1689 13 183
1690 13 183
1691 13 183
1692 13 183
1693 13 183
1694 13 183
1695 14 105
1696 14 105
1697 14 105
1698 14 105
1699 14 105
1700 14 105
1701 14 105
1702 15 104
1703 15 104
1704 15 104
1705 15 104
1706 15 104
1707 15 104
1708 18 206
1709 18 206
1710 18 206
1711 18 206
1712 16 204
1713 16 204
1714 16 204
1715 17 106
1716 17 106
1717 17 106
1718 17 106
1719 17 106
1720 13 183
1721 13 183
1722 13 183
1723 13 183
1724 13 183
1725 13 183
1726 13 183
1727 13 183
1728 13 183
1729 13 183
1730 14 105
1731 14 105
1732 14 105
1733 14 105
1734 14 105
1735 15 104
1736 15 104
1737 15 104
1738 15 104
1739 15 104
1740 18 206
1741 18 206
1742 18 206
1743 18 206
1744 18 206
1745 16 204
1746 16 204
1747 16 204
1748 16 204
1749 17 106
1750 17 106
1751 17 106
1752 17 106
1753 17 106
1754 13 183
1755 17 106
1756 13 183
1757 13 183
1758 13 183
1759 13 183
1760 13 183
1761 13 183
1762 14 105
1763 14 105
1764 14 105
1765 15 104
1766 15 104
1767 15 104
1768 18 206
1769 18 206
1770 18 206
1771 18 206
1772 18 206
1773 16 204
1774 16 204
1775 16 204
1776 17 106
1777 17 106
1778 17 106
1779 17 106
1780 17 106
1781 17 106
1782 17 106
1783 17 106
1784 17 106
1785 13 183
1786 13 183
1787 13 183
1788 13 183
1789 13 183
1790 13 183
1791 14 105
1792 14 105
1793 14 105
1794 15 104
1795 15 104
1796 18 206
1797 18 206
1798 18 206
1799 18 206
1800 18 206
1801 18 206
1802 18 206
1803 16 204
1804 17 106
1805 17 106
1806 17 106
1807 17 106
1808 17 106
1809 17 106
1810 17 106
1811 17 106
1812 17 106
1813 17 106
1814 13 183
1815 13 183
1816 13 183
1817 13 183
1818 14 105
1819 14 105
1820 14 105
1821 18 206
1822 18 206
1823 18 206
1824 18 206
1825 18 206
1826 18 206
1827 18 206
1828 18 206
1829 16 204
1830 17 106
1831 17 106
1832 17 106
1833 17 106
1834 17 106
1835 17 106
1836 17 106
1837 17 106
1838 17 106
1839 17 106
1840 17 106
1841 17 106
1842 13 183
1843 14 105
1844 14 105
1845 14 105
1846 18 206
1847 18 206
1848 18 206
1849 18 206
1850 18 206
1851 18 206
1852 18 206
1853 18 206
1854 17 106
1855 17 106
1856 17 106
1857 17 106
1858 17 106
1859 17 106
1860 17 106
1861 17 106
1862 17 106
1863 17 106
1864 14 105
1865 18 206
1866 18 206
1867 18 206
1868 18 206
1869 18 206
1870 18 206
1871 18 206
1872 18 206
1873 18 206
1874 17 106
1875 17 106
1876 17 106
1877 17 106
1878 17 106
1879 17 106
1880 17 106
1881 17 106
1882 17 106
1883 18 206
1884 18 206
1885 18 206
1886 18 206
1887 18 206
1888 18 206
1889 18 206
1890 18 206
1891 18 206
1892 17 106
1893 17 106
1894 17 106
1895 17 106
1896 17 106
1897 17 106
1898 17 106
1899 17 106
1900 17 106
1901 17 106
1902 18 206
1903 18 206
1904 18 206
1905 18 206
1906 18 206
1907 18 206
1908 18 206
1909 18 206
1910 18 206
1911 17 106
1912 17 106
1913 17 106
1914 17 106
1915 17 106
1916 17 106
1917 17 106
1918 17 106
1919 17 106
1920 18 206
1921 18 206
1922 18 206
1923 18 206
1924 18 206
1925 18 206
1926 18 206
1927 18 206
1928 17 106
1929 17 106
1930 17 106
1931 17 106
1932 17 106
1933 17 106
1934 18 206
1935 18 206
1936 18 206
1937 18 206
1938 18 206
1939 18 206
1940 18 206
1941 18 206
1942 17 106
1943 17 106
1944 17 106
1945 17 106
1946 17 106
1947 18 206
1948 18 206
1949 18 206
1950 18 206
1951 18 206
1952 18 206
1953 18 206
1954 18 206
1955 18 206
1956 18 206
1957 18 206
1958 18 206
1959 18 206
1960 18 206
1961 18 206
1962 18 206
1963 18 206
1964 18 206
1965 18 206
1966 18 206
1967 18 206
1968 18 206
1969 18 206
1970 18 206
1971 18 206
1972 18 206
1973 18 206
1974 18 206
1975 18 206
1976 18 206
1977 18 206
1978 18 206
1979 18 206
1980 18 206
1981 18 206
1982 18 206
1983 18 206
1984 18 206
1985 18 206
1986 18 206
1987 18 206
1988 18 206
1989 18 206
1990 18 206
1991 18 206
1992 18 206
1993 18 206
1994 18 206
1995 18 206
1996 18 206
1997 18 206
1998 18 206
1999 18 206
2000 18 206
2001 18 206
2002 18 206
2003 18 206
2004 18 206
2005 18 206
2006 18 206
2007 18 206
2008 18 206
2009 18 206
2010 18 206
2011 18 206
2012 18 206
2013 18 206
2014 18 206
2015 18 206
2016 18 206
2017 18 206
2018 18 206
2019 18 206
2020 18 206
2021 18 206
2022 18 206
2023 18 206
2024 18 206
2025 18 206
2026 18 206
2027 18 206
2028 18 206
2029 18 206
2030 18 206
2031 18 206
2032 18 206
2033 18 206
2034 18 206
2035 18 206
2036 18 206
2037 18 206
