customer p1x p1y p2x p2y p3x p3y p4x p4y
1 0.0 48.0 1.0 48.0 0.0 47.0 1.0 47.0
2 1.0 48.0 2.0 48.0 1.0 47.0 2.0 47.0
3 2.0 48.0 3.0 48.0 2.0 47.0 3.0 47.0
4 3.0 48.0 4.0 48.0 3.0 47.0 4.0 47.0
5 4.0 48.0 5.0 48.0 4.0 47.0 5.0 47.0
6 5.0 48.0 6.0 48.0 5.0 47.0 6.0 47.0
7 6.0 48.0 7.0 48.0 6.0 47.0 7.0 47.0
8 7.0 48.0 8.0 48.0 7.0 47.0 8.0 47.0
9 8.0 48.0 9.0 48.0 8.0 47.0 9.0 47.0
10 9.0 48.0 10.0 48.0 9.0 47.0 10.0 47.0
11 10.0 48.0 11.0 48.0 10.0 47.0 11.0 47.0
12 11.0 48.0 12.0 48.0 11.0 47.0 12.0 47.0
13 12.0 48.0 13.0 48.0 12.0 47.0 13.0 47.0
14 13.0 48.0 14.0 48.0 13.0 47.0 14.0 47.0
15 14.0 48.0 15.0 48.0 14.0 47.0 15.0 47.0
16 15.0 48.0 16.0 48.0 15.0 47.0 16.0 47.0
17 16.0 48.0 17.0 48.0 16.0 47.0 17.0 47.0
18 17.0 48.0 18.0 48.0 17.0 47.0 18.0 47.0
19 18.0 48.0 19.0 48.0 18.0 47.0 19.0 47.0
20 19.0 48.0 20.0 48.0 19.0 47.0 20.0 47.0
21 20.0 48.0 21.0 48.0 20.0 47.0 21.0 47.0
22 21.0 48.0 22.0 48.0 21.0 47.0 22.0 47.0
23 22.0 48.0 23.0 48.0 22.0 47.0 23.0 47.0
24 23.0 48.0 24.0 48.0 23.0 47.0 24.0 47.0
25 24.0 48.0 25.0 48.0 24.0 47.0 25.0 47.0
26 25.0 48.0 26.0 48.0 25.0 47.0 26.0 47.0
27 26.0 48.0 27.0 48.0 26.0 47.0 27.0 47.0
28 27.0 48.0 28.0 48.0 27.0 47.0 28.0 47.0
29 28.0 48.0 29.0 48.0 28.0 47.0 29.0 47.0
30 29.0 48.0 30.0 48.0 29.0 47.0 30.0 47.0
31 30.0 48.0 31.0 48.0 30.0 47.0 31.0 47.0
32 31.0 48.0 32.0 48.0 31.0 47.0 32.0 47.0
33 32.0 48.0 33.0 48.0 32.0 47.0 33.0 47.0
34 33.0 48.0 34.0 48.0 33.0 47.0 34.0 47.0
35 34.0 48.0 35.0 48.0 34.0 47.0 35.0 47.0
36 35.0 48.0 36.0 48.0 35.0 47.0 36.0 47.0
37 36.0 48.0 37.0 48.0 36.0 47.0 37.0 47.0
38 37.0 48.0 38.0 48.0 37.0 47.0 38.0 47.0
39 38.0 48.0 39.0 48.0 38.0 47.0 39.0 47.0
40 39.0 48.0 40.0 48.0 39.0 47.0 40.0 47.0
41 40.0 48.0 41.0 48.0 40.0 47.0 41.0 47.0
42 41.0 48.0 42.0 48.0 41.0 47.0 42.0 47.0
43 42.0 48.0 43.0 48.0 42.0 47.0 43.0 47.0
44 43.0 48.0 44.0 48.0 43.0 47.0 44.0 47.0
45 44.0 48.0 45.0 48.0 44.0 47.0 45.0 47.0
46 45.0 48.0 46.0 48.0 45.0 47.0 46.0 47.0
47 46.0 48.0 47.0 48.0 46.0 47.0 47.0 47.0
48 47.0 48.0 48.0 48.0 47.0 47.0 48.0 47.0
49 0.0 47.0 1.0 47.0 0.0 46.0 1.0 46.0
50 1.0 47.0 2.0 47.0 1.0 46.0 2.0 46.0
51 2.0 47.0 3.0 47.0 2.0 46.0 3.0 46.0
52 3.0 47.0 4.0 47.0 3.0 46.0 4.0 46.0
53 4.0 47.0 5.0 47.0 4.0 46.0 5.0 46.0
54 5.0 47.0 6.0 47.0 5.0 46.0 6.0 46.0
55 6.0 47.0 7.0 47.0 6.0 46.0 7.0 46.0
56 7.0 47.0 8.0 47.0 7.0 46.0 8.0 46.0
57 8.0 47.0 9.0 47.0 8.0 46.0 9.0 46.0
58 9.0 47.0 10.0 47.0 9.0 46.0 10.0 46.0
59 10.0 47.0 11.0 47.0 10.0 46.0 11.0 46.0
60 11.0 47.0 12.0 47.0 11.0 46.0 12.0 46.0
61 12.0 47.0 13.0 47.0 12.0 46.0 13.0 46.0
62 13.0 47.0 14.0 47.0 13.0 46.0 14.0 46.0
63 14.0 47.0 15.0 47.0 14.0 46.0 15.0 46.0
64 15.0 47.0 16.0 47.0 15.0 46.0 16.0 46.0
65 16.0 47.0 17.0 47.0 16.0 46.0 17.0 46.0
66 17.0 47.0 18.0 47.0 17.0 46.0 18.0 46.0
67 18.0 47.0 19.0 47.0 18.0 46.0 19.0 46.0
68 19.0 47.0 20.0 47.0 19.0 46.0 20.0 46.0
69 20.0 47.0 21.0 47.0 20.0 46.0 21.0 46.0
70 21.0 47.0 22.0 47.0 21.0 46.0 22.0 46.0
71 22.0 47.0 23.0 47.0 22.0 46.0 23.0 46.0
72 23.0 47.0 24.0 47.0 23.0 46.0 24.0 46.0
73 24.0 47.0 25.0 47.0 24.0 46.0 25.0 46.0
74 25.0 47.0 26.0 47.0 25.0 46.0 26.0 46.0
75 26.0 47.0 27.0 47.0 26.0 46.0 27.0 46.0
76 27.0 47.0 28.0 47.0 27.0 46.0 28.0 46.0
77 28.0 47.0 29.0 47.0 28.0 46.0 29.0 46.0
78 29.0 47.0 30.0 47.0 29.0 46.0 30.0 46.0
79 30.0 47.0 31.0 47.0 30.0 46.0 31.0 46.0
80 31.0 47.0 32.0 47.0 31.0 46.0 32.0 46.0
81 32.0 47.0 33.0 47.0 32.0 46.0 33.0 46.0
82 33.0 47.0 34.0 47.0 33.0 46.0 34.0 46.0
83 34.0 47.0 35.0 47.0 34.0 46.0 35.0 46.0
84 35.0 47.0 36.0 47.0 35.0 46.0 36.0 46.0
85 36.0 47.0 37.0 47.0 36.0 46.0 37.0 46.0
86 37.0 47.0 38.0 47.0 37.0 46.0 38.0 46.0
87 38.0 47.0 39.0 47.0 38.0 46.0 39.0 46.0
88 39.0 47.0 40.0 47.0 39.0 46.0 40.0 46.0
89 40.0 47.0 41.0 47.0 40.0 46.0 41.0 46.0
90 41.0 47.0 42.0 47.0 41.0 46.0 42.0 46.0
91 42.0 47.0 43.0 47.0 42.0 46.0 43.0 46.0
92 43.0 47.0 44.0 47.0 43.0 46.0 44.0 46.0
93 44.0 47.0 45.0 47.0 44.0 46.0 45.0 46.0
94 45.0 47.0 46.0 47.0 45.0 46.0 46.0 46.0
95 46.0 47.0 47.0 47.0 46.0 46.0 47.0 46.0
96 47.0 47.0 48.0 47.0 47.0 46.0 48.0 46.0
97 0.0 46.0 1.0 46.0 0.0 45.0 1.0 45.0
98 1.0 46.0 2.0 46.0 1.0 45.0 2.0 45.0
99 2.0 46.0 3.0 46.0 2.0 45.0 3.0 45.0
100 3.0 46.0 4.0 46.0 3.0 45.0 4.0 45.0
101 4.0 46.0 5.0 46.0 4.0 45.0 5.0 45.0
102 5.0 46.0 6.0 46.0 5.0 45.0 6.0 45.0
103 6.0 46.0 7.0 46.0 6.0 45.0 7.0 45.0
104 7.0 46.0 8.0 46.0 7.0 45.0 8.0 45.0
105 8.0 46.0 9.0 46.0 8.0 45.0 9.0 45.0
106 9.0 46.0 10.0 46.0 9.0 45.0 10.0 45.0
107 10.0 46.0 11.0 46.0 10.0 45.0 11.0 45.0
108 11.0 46.0 12.0 46.0 11.0 45.0 12.0 45.0
109 12.0 46.0 13.0 46.0 12.0 45.0 13.0 45.0
110 13.0 46.0 14.0 46.0 13.0 45.0 14.0 45.0
111 14.0 46.0 15.0 46.0 14.0 45.0 15.0 45.0
112 15.0 46.0 16.0 46.0 15.0 45.0 16.0 45.0
113 16.0 46.0 17.0 46.0 16.0 45.0 17.0 45.0
114 17.0 46.0 18.0 46.0 17.0 45.0 18.0 45.0
115 18.0 46.0 19.0 46.0 18.0 45.0 19.0 45.0
116 19.0 46.0 20.0 46.0 19.0 45.0 20.0 45.0
117 20.0 46.0 21.0 46.0 20.0 45.0 21.0 45.0
118 21.0 46.0 22.0 46.0 21.0 45.0 22.0 45.0
119 22.0 46.0 23.0 46.0 22.0 45.0 23.0 45.0
120 23.0 46.0 24.0 46.0 23.0 45.0 24.0 45.0
121 24.0 46.0 25.0 46.0 24.0 45.0 25.0 45.0
122 25.0 46.0 26.0 46.0 25.0 45.0 26.0 45.0
123 26.0 46.0 27.0 46.0 26.0 45.0 27.0 45.0
124 27.0 46.0 28.0 46.0 27.0 45.0 28.0 45.0
125 28.0 46.0 29.0 46.0 28.0 45.0 29.0 45.0
126 29.0 46.0 30.0 46.0 29.0 45.0 30.0 45.0
127 30.0 46.0 31.0 46.0 30.0 45.0 31.0 45.0
128 31.0 46.0 32.0 46.0 31.0 45.0 32.0 45.0
129 32.0 46.0 33.0 46.0 32.0 45.0 33.0 45.0
130 33.0 46.0 34.0 46.0 33.0 45.0 34.0 45.0
131 34.0 46.0 35.0 46.0 34.0 45.0 35.0 45.0
132 35.0 46.0 36.0 46.0 35.0 45.0 36.0 45.0
133 36.0 46.0 37.0 46.0 36.0 45.0 37.0 45.0
134 37.0 46.0 38.0 46.0 37.0 45.0 38.0 45.0
135 38.0 46.0 39.0 46.0 38.0 45.0 39.0 45.0
136 39.0 46.0 40.0 46.0 39.0 45.0 40.0 45.0
137 40.0 46.0 41.0 46.0 40.0 45.0 41.0 45.0
138 41.0 46.0 42.0 46.0 41.0 45.0 42.0 45.0
139 42.0 46.0 43.0 46.0 42.0 45.0 43.0 45.0
140 43.0 46.0 44.0 46.0 43.0 45.0 44.0 45.0
141 44.0 46.0 45.0 46.0 44.0 45.0 45.0 45.0
142 45.0 46.0 46.0 46.0 45.0 45.0 46.0 45.0
143 46.0 46.0 47.0 46.0 46.0 45.0 47.0 45.0
144 47.0 46.0 48.0 46.0 47.0 45.0 48.0 45.0
145 0.0 45.0 1.0 45.0 0.0 44.0 1.0 44.0
146 1.0 45.0 2.0 45.0 1.0 44.0 2.0 44.0
147 2.0 45.0 3.0 45.0 2.0 44.0 3.0 44.0
148 3.0 45.0 4.0 45.0 3.0 44.0 4.0 44.0
149 4.0 45.0 5.0 45.0 4.0 44.0 5.0 44.0
150 5.0 45.0 6.0 45.0 5.0 44.0 6.0 44.0
151 6.0 45.0 7.0 45.0 6.0 44.0 7.0 44.0
152 7.0 45.0 8.0 45.0 7.0 44.0 8.0 44.0
153 8.0 45.0 9.0 45.0 8.0 44.0 9.0 44.0
154 9.0 45.0 10.0 45.0 9.0 44.0 10.0 44.0
155 10.0 45.0 11.0 45.0 10.0 44.0 11.0 44.0
156 11.0 45.0 12.0 45.0 11.0 44.0 12.0 44.0
157 12.0 45.0 13.0 45.0 12.0 44.0 13.0 44.0
158 13.0 45.0 14.0 45.0 13.0 44.0 14.0 44.0
159 14.0 45.0 15.0 45.0 14.0 44.0 15.0 44.0
160 15.0 45.0 16.0 45.0 15.0 44.0 16.0 44.0
161 16.0 45.0 17.0 45.0 16.0 44.0 17.0 44.0
162 17.0 45.0 18.0 45.0 17.0 44.0 18.0 44.0
163 18.0 45.0 19.0 45.0 18.0 44.0 19.0 44.0
164 19.0 45.0 20.0 45.0 19.0 44.0 20.0 44.0
165 20.0 45.0 21.0 45.0 20.0 44.0 21.0 44.0
166 21.0 45.0 22.0 45.0 21.0 44.0 22.0 44.0
167 22.0 45.0 23.0 45.0 22.0 44.0 23.0 44.0
168 23.0 45.0 24.0 45.0 23.0 44.0 24.0 44.0
169 24.0 45.0 25.0 45.0 24.0 44.0 25.0 44.0
170 25.0 45.0 26.0 45.0 25.0 44.0 26.0 44.0
171 26.0 45.0 27.0 45.0 26.0 44.0 27.0 44.0
172 27.0 45.0 28.0 45.0 27.0 44.0 28.0 44.0
173 28.0 45.0 29.0 45.0 28.0 44.0 29.0 44.0
174 29.0 45.0 30.0 45.0 29.0 44.0 30.0 44.0
175 30.0 45.0 31.0 45.0 30.0 44.0 31.0 44.0
176 31.0 45.0 32.0 45.0 31.0 44.0 32.0 44.0
177 32.0 45.0 33.0 45.0 32.0 44.0 33.0 44.0
178 33.0 45.0 34.0 45.0 33.0 44.0 34.0 44.0
179 34.0 45.0 35.0 45.0 34.0 44.0 35.0 44.0
180 35.0 45.0 36.0 45.0 35.0 44.0 36.0 44.0
181 36.0 45.0 37.0 45.0 36.0 44.0 37.0 44.0
182 37.0 45.0 38.0 45.0 37.0 44.0 38.0 44.0
183 38.0 45.0 39.0 45.0 38.0 44.0 39.0 44.0
184 39.0 45.0 40.0 45.0 39.0 44.0 40.0 44.0
185 40.0 45.0 41.0 45.0 40.0 44.0 41.0 44.0
186 41.0 45.0 42.0 45.0 41.0 44.0 42.0 44.0
187 42.0 45.0 43.0 45.0 42.0 44.0 43.0 44.0
188 43.0 45.0 44.0 45.0 43.0 44.0 44.0 44.0
189 44.0 45.0 45.0 45.0 44.0 44.0 45.0 44.0
190 45.0 45.0 46.0 45.0 45.0 44.0 46.0 44.0
191 46.0 45.0 47.0 45.0 46.0 44.0 47.0 44.0
192 47.0 45.0 48.0 45.0 47.0 44.0 48.0 44.0
193 0.0 44.0 1.0 44.0 0.0 43.0 1.0 43.0
194 1.0 44.0 2.0 44.0 1.0 43.0 2.0 43.0
195 2.0 44.0 3.0 44.0 2.0 43.0 3.0 43.0
196 3.0 44.0 4.0 44.0 3.0 43.0 4.0 43.0
197 4.0 44.0 5.0 44.0 4.0 43.0 5.0 43.0
198 5.0 44.0 6.0 44.0 5.0 43.0 6.0 43.0
199 6.0 44.0 7.0 44.0 6.0 43.0 7.0 43.0
200 7.0 44.0 8.0 44.0 7.0 43.0 8.0 43.0
201 8.0 44.0 9.0 44.0 8.0 43.0 9.0 43.0
202 9.0 44.0 10.0 44.0 9.0 43.0 10.0 43.0
203 10.0 44.0 11.0 44.0 10.0 43.0 11.0 43.0
204 11.0 44.0 12.0 44.0 11.0 43.0 12.0 43.0
205 12.0 44.0 13.0 44.0 12.0 43.0 13.0 43.0
206 13.0 44.0 14.0 44.0 13.0 43.0 14.0 43.0
207 14.0 44.0 15.0 44.0 14.0 43.0 15.0 43.0
208 15.0 44.0 16.0 44.0 15.0 43.0 16.0 43.0
209 16.0 44.0 17.0 44.0 16.0 43.0 17.0 43.0
210 17.0 44.0 18.0 44.0 17.0 43.0 18.0 43.0
211 18.0 44.0 19.0 44.0 18.0 43.0 19.0 43.0
212 19.0 44.0 20.0 44.0 19.0 43.0 20.0 43.0
213 20.0 44.0 21.0 44.0 20.0 43.0 21.0 43.0
214 21.0 44.0 22.0 44.0 21.0 43.0 22.0 43.0
215 22.0 44.0 23.0 44.0 22.0 43.0 23.0 43.0
216 23.0 44.0 24.0 44.0 23.0 43.0 24.0 43.0
217 24.0 44.0 25.0 44.0 24.0 43.0 25.0 43.0
218 25.0 44.0 26.0 44.0 25.0 43.0 26.0 43.0
219 26.0 44.0 27.0 44.0 26.0 43.0 27.0 43.0
220 27.0 44.0 28.0 44.0 27.0 43.0 28.0 43.0
221 28.0 44.0 29.0 44.0 28.0 43.0 29.0 43.0
222 29.0 44.0 30.0 44.0 29.0 43.0 30.0 43.0
223 30.0 44.0 31.0 44.0 30.0 43.0 31.0 43.0
224 31.0 44.0 32.0 44.0 31.0 43.0 32.0 43.0
225 32.0 44.0 33.0 44.0 32.0 43.0 33.0 43.0
226 33.0 44.0 34.0 44.0 33.0 43.0 34.0 43.0
227 34.0 44.0 35.0 44.0 34.0 43.0 35.0 43.0
228 35.0 44.0 36.0 44.0 35.0 43.0 36.0 43.0
229 36.0 44.0 37.0 44.0 36.0 43.0 37.0 43.0
230 37.0 44.0 38.0 44.0 37.0 43.0 38.0 43.0
231 38.0 44.0 39.0 44.0 38.0 43.0 39.0 43.0
232 39.0 44.0 40.0 44.0 39.0 43.0 40.0 43.0
233 40.0 44.0 41.0 44.0 40.0 43.0 41.0 43.0
234 41.0 44.0 42.0 44.0 41.0 43.0 42.0 43.0
235 42.0 44.0 43.0 44.0 42.0 43.0 43.0 43.0
236 43.0 44.0 44.0 44.0 43.0 43.0 44.0 43.0
237 44.0 44.0 45.0 44.0 44.0 43.0 45.0 43.0
238 45.0 44.0 46.0 44.0 45.0 43.0 46.0 43.0
239 46.0 44.0 47.0 44.0 46.0 43.0 47.0 43.0
240 47.0 44.0 48.0 44.0 47.0 43.0 48.0 43.0
241 0.0 43.0 1.0 43.0 0.0 42.0 1.0 42.0
242 1.0 43.0 2.0 43.0 1.0 42.0 2.0 42.0
243 2.0 43.0 3.0 43.0 2.0 42.0 3.0 42.0
244 3.0 43.0 4.0 43.0 3.0 42.0 4.0 42.0
245 4.0 43.0 5.0 43.0 4.0 42.0 5.0 42.0
246 5.0 43.0 6.0 43.0 5.0 42.0 6.0 42.0
247 6.0 43.0 7.0 43.0 6.0 42.0 7.0 42.0
248 7.0 43.0 8.0 43.0 7.0 42.0 8.0 42.0
249 8.0 43.0 9.0 43.0 8.0 42.0 9.0 42.0
250 9.0 43.0 10.0 43.0 9.0 42.0 10.0 42.0
251 10.0 43.0 11.0 43.0 10.0 42.0 11.0 42.0
252 11.0 43.0 12.0 43.0 11.0 42.0 12.0 42.0
253 12.0 43.0 13.0 43.0 12.0 42.0 13.0 42.0
254 13.0 43.0 14.0 43.0 13.0 42.0 14.0 42.0
255 14.0 43.0 15.0 43.0 14.0 42.0 15.0 42.0
256 15.0 43.0 16.0 43.0 15.0 42.0 16.0 42.0
257 16.0 43.0 17.0 43.0 16.0 42.0 17.0 42.0
258 17.0 43.0 18.0 43.0 17.0 42.0 18.0 42.0
259 18.0 43.0 19.0 43.0 18.0 42.0 19.0 42.0
260 19.0 43.0 20.0 43.0 19.0 42.0 20.0 42.0
261 20.0 43.0 21.0 43.0 20.0 42.0 21.0 42.0
262 21.0 43.0 22.0 43.0 21.0 42.0 22.0 42.0
263 22.0 43.0 23.0 43.0 22.0 42.0 23.0 42.0
264 23.0 43.0 24.0 43.0 23.0 42.0 24.0 42.0
265 24.0 43.0 25.0 43.0 24.0 42.0 25.0 42.0
266 25.0 43.0 26.0 43.0 25.0 42.0 26.0 42.0
267 26.0 43.0 27.0 43.0 26.0 42.0 27.0 42.0
268 27.0 43.0 28.0 43.0 27.0 42.0 28.0 42.0
269 28.0 43.0 29.0 43.0 28.0 42.0 29.0 42.0
270 29.0 43.0 30.0 43.0 29.0 42.0 30.0 42.0
271 30.0 43.0 31.0 43.0 30.0 42.0 31.0 42.0
272 31.0 43.0 32.0 43.0 31.0 42.0 32.0 42.0
273 32.0 43.0 33.0 43.0 32.0 42.0 33.0 42.0
274 33.0 43.0 34.0 43.0 33.0 42.0 34.0 42.0
275 34.0 43.0 35.0 43.0 34.0 42.0 35.0 42.0
276 35.0 43.0 36.0 43.0 35.0 42.0 36.0 42.0
277 36.0 43.0 37.0 43.0 36.0 42.0 37.0 42.0
278 37.0 43.0 38.0 43.0 37.0 42.0 38.0 42.0
279 38.0 43.0 39.0 43.0 38.0 42.0 39.0 42.0
280 39.0 43.0 40.0 43.0 39.0 42.0 40.0 42.0
281 40.0 43.0 41.0 43.0 40.0 42.0 41.0 42.0
282 41.0 43.0 42.0 43.0 41.0 42.0 42.0 42.0
283 42.0 43.0 43.0 43.0 42.0 42.0 43.0 42.0
284 43.0 43.0 44.0 43.0 43.0 42.0 44.0 42.0
285 44.0 43.0 45.0 43.0 44.0 42.0 45.0 42.0
286 45.0 43.0 46.0 43.0 45.0 42.0 46.0 42.0
287 46.0 43.0 47.0 43.0 46.0 42.0 47.0 42.0
288 47.0 43.0 48.0 43.0 47.0 42.0 48.0 42.0
289 0.0 42.0 1.0 42.0 0.0 41.0 1.0 41.0
290 1.0 42.0 2.0 42.0 1.0 41.0 2.0 41.0
291 2.0 42.0 3.0 42.0 2.0 41.0 3.0 41.0
292 3.0 42.0 4.0 42.0 3.0 41.0 4.0 41.0
293 4.0 42.0 5.0 42.0 4.0 41.0 5.0 41.0
294 5.0 42.0 6.0 42.0 5.0 41.0 6.0 41.0
295 6.0 42.0 7.0 42.0 6.0 41.0 7.0 41.0
296 7.0 42.0 8.0 42.0 7.0 41.0 8.0 41.0
297 8.0 42.0 9.0 42.0 8.0 41.0 9.0 41.0
298 9.0 42.0 10.0 42.0 9.0 41.0 10.0 41.0
299 10.0 42.0 11.0 42.0 10.0 41.0 11.0 41.0
300 11.0 42.0 12.0 42.0 11.0 41.0 12.0 41.0
301 12.0 42.0 13.0 42.0 12.0 41.0 13.0 41.0
302 13.0 42.0 14.0 42.0 13.0 41.0 14.0 41.0
303 14.0 42.0 15.0 42.0 14.0 41.0 15.0 41.0
304 15.0 42.0 16.0 42.0 15.0 41.0 16.0 41.0
305 16.0 42.0 17.0 42.0 16.0 41.0 17.0 41.0
306 17.0 42.0 18.0 42.0 17.0 41.0 18.0 41.0
307 18.0 42.0 19.0 42.0 18.0 41.0 19.0 41.0
308 19.0 42.0 20.0 42.0 19.0 41.0 20.0 41.0
309 20.0 42.0 21.0 42.0 20.0 41.0 21.0 41.0
310 21.0 42.0 22.0 42.0 21.0 41.0 22.0 41.0
311 22.0 42.0 23.0 42.0 22.0 41.0 23.0 41.0
312 23.0 42.0 24.0 42.0 23.0 41.0 24.0 41.0
313 24.0 42.0 25.0 42.0 24.0 41.0 25.0 41.0
314 25.0 42.0 26.0 42.0 25.0 41.0 26.0 41.0
315 26.0 42.0 27.0 42.0 26.0 41.0 27.0 41.0
316 27.0 42.0 28.0 42.0 27.0 41.0 28.0 41.0
317 28.0 42.0 29.0 42.0 28.0 41.0 29.0 41.0
318 29.0 42.0 30.0 42.0 29.0 41.0 30.0 41.0
319 30.0 42.0 31.0 42.0 30.0 41.0 31.0 41.0
320 31.0 42.0 32.0 42.0 31.0 41.0 32.0 41.0
321 32.0 42.0 33.0 42.0 32.0 41.0 33.0 41.0
322 33.0 42.0 34.0 42.0 33.0 41.0 34.0 41.0
323 34.0 42.0 35.0 42.0 34.0 41.0 35.0 41.0
324 35.0 42.0 36.0 42.0 35.0 41.0 36.0 41.0
325 36.0 42.0 37.0 42.0 36.0 41.0 37.0 41.0
326 37.0 42.0 38.0 42.0 37.0 41.0 38.0 41.0
327 38.0 42.0 39.0 42.0 38.0 41.0 39.0 41.0
328 39.0 42.0 40.0 42.0 39.0 41.0 40.0 41.0
329 40.0 42.0 41.0 42.0 40.0 41.0 41.0 41.0
330 41.0 42.0 42.0 42.0 41.0 41.0 42.0 41.0
331 42.0 42.0 43.0 42.0 42.0 41.0 43.0 41.0
332 43.0 42.0 44.0 42.0 43.0 41.0 44.0 41.0
333 44.0 42.0 45.0 42.0 44.0 41.0 45.0 41.0
334 45.0 42.0 46.0 42.0 45.0 41.0 46.0 41.0
335 46.0 42.0 47.0 42.0 46.0 41.0 47.0 41.0
336 47.0 42.0 48.0 42.0 47.0 41.0 48.0 41.0
337 0.0 41.0 1.0 41.0 0.0 40.0 1.0 40.0
338 1.0 41.0 2.0 41.0 1.0 40.0 2.0 40.0
339 2.0 41.0 3.0 41.0 2.0 40.0 3.0 40.0
340 3.0 41.0 4.0 41.0 3.0 40.0 4.0 40.0
341 4.0 41.0 5.0 41.0 4.0 40.0 5.0 40.0
342 5.0 41.0 6.0 41.0 5.0 40.0 6.0 40.0
343 6.0 41.0 7.0 41.0 6.0 40.0 7.0 40.0
344 7.0 41.0 8.0 41.0 7.0 40.0 8.0 40.0
345 8.0 41.0 9.0 41.0 8.0 40.0 9.0 40.0
346 9.0 41.0 10.0 41.0 9.0 40.0 10.0 40.0
347 10.0 41.0 11.0 41.0 10.0 40.0 11.0 40.0
348 11.0 41.0 12.0 41.0 11.0 40.0 12.0 40.0
349 12.0 41.0 13.0 41.0 12.0 40.0 13.0 40.0
350 13.0 41.0 14.0 41.0 13.0 40.0 14.0 40.0
351 14.0 41.0 15.0 41.0 14.0 40.0 15.0 40.0
352 15.0 41.0 16.0 41.0 15.0 40.0 16.0 40.0
353 16.0 41.0 17.0 41.0 16.0 40.0 17.0 40.0
354 17.0 41.0 18.0 41.0 17.0 40.0 18.0 40.0
355 18.0 41.0 19.0 41.0 18.0 40.0 19.0 40.0
356 19.0 41.0 20.0 41.0 19.0 40.0 20.0 40.0
357 20.0 41.0 21.0 41.0 20.0 40.0 21.0 40.0
358 21.0 41.0 22.0 41.0 21.0 40.0 22.0 40.0
359 22.0 41.0 23.0 41.0 22.0 40.0 23.0 40.0
360 23.0 41.0 24.0 41.0 23.0 40.0 24.0 40.0
361 24.0 41.0 25.0 41.0 24.0 40.0 25.0 40.0
362 25.0 41.0 26.0 41.0 25.0 40.0 26.0 40.0
363 26.0 41.0 27.0 41.0 26.0 40.0 27.0 40.0
364 27.0 41.0 28.0 41.0 27.0 40.0 28.0 40.0
365 28.0 41.0 29.0 41.0 28.0 40.0 29.0 40.0
366 29.0 41.0 30.0 41.0 29.0 40.0 30.0 40.0
367 30.0 41.0 31.0 41.0 30.0 40.0 31.0 40.0
368 31.0 41.0 32.0 41.0 31.0 40.0 32.0 40.0
369 32.0 41.0 33.0 41.0 32.0 40.0 33.0 40.0
370 33.0 41.0 34.0 41.0 33.0 40.0 34.0 40.0
371 34.0 41.0 35.0 41.0 34.0 40.0 35.0 40.0
372 35.0 41.0 36.0 41.0 35.0 40.0 36.0 40.0
373 36.0 41.0 37.0 41.0 36.0 40.0 37.0 40.0
374 37.0 41.0 38.0 41.0 37.0 40.0 38.0 40.0
375 38.0 41.0 39.0 41.0 38.0 40.0 39.0 40.0
376 39.0 41.0 40.0 41.0 39.0 40.0 40.0 40.0
377 40.0 41.0 41.0 41.0 40.0 40.0 41.0 40.0
378 41.0 41.0 42.0 41.0 41.0 40.0 42.0 40.0
379 42.0 41.0 43.0 41.0 42.0 40.0 43.0 40.0
380 43.0 41.0 44.0 41.0 43.0 40.0 44.0 40.0
381 44.0 41.0 45.0 41.0 44.0 40.0 45.0 40.0
382 45.0 41.0 46.0 41.0 45.0 40.0 46.0 40.0
383 46.0 41.0 47.0 41.0 46.0 40.0 47.0 40.0
384 47.0 41.0 48.0 41.0 47.0 40.0 48.0 40.0
385 0.0 40.0 1.0 40.0 0.0 39.0 1.0 39.0
386 1.0 40.0 2.0 40.0 1.0 39.0 2.0 39.0
387 2.0 40.0 3.0 40.0 2.0 39.0 3.0 39.0
388 3.0 40.0 4.0 40.0 3.0 39.0 4.0 39.0
389 4.0 40.0 5.0 40.0 4.0 39.0 5.0 39.0
390 5.0 40.0 6.0 40.0 5.0 39.0 6.0 39.0
391 6.0 40.0 7.0 40.0 6.0 39.0 7.0 39.0
392 7.0 40.0 8.0 40.0 7.0 39.0 8.0 39.0
393 8.0 40.0 9.0 40.0 8.0 39.0 9.0 39.0
394 9.0 40.0 10.0 40.0 9.0 39.0 10.0 39.0
395 10.0 40.0 11.0 40.0 10.0 39.0 11.0 39.0
396 11.0 40.0 12.0 40.0 11.0 39.0 12.0 39.0
397 12.0 40.0 13.0 40.0 12.0 39.0 13.0 39.0
398 13.0 40.0 14.0 40.0 13.0 39.0 14.0 39.0
399 14.0 40.0 15.0 40.0 14.0 39.0 15.0 39.0
400 15.0 40.0 16.0 40.0 15.0 39.0 16.0 39.0
401 16.0 40.0 17.0 40.0 16.0 39.0 17.0 39.0
402 17.0 40.0 18.0 40.0 17.0 39.0 18.0 39.0
403 18.0 40.0 19.0 40.0 18.0 39.0 19.0 39.0
404 19.0 40.0 20.0 40.0 19.0 39.0 20.0 39.0
405 20.0 40.0 21.0 40.0 20.0 39.0 21.0 39.0
406 21.0 40.0 22.0 40.0 21.0 39.0 22.0 39.0
407 22.0 40.0 23.0 40.0 22.0 39.0 23.0 39.0
408 23.0 40.0 24.0 40.0 23.0 39.0 24.0 39.0
409 24.0 40.0 25.0 40.0 24.0 39.0 25.0 39.0
410 25.0 40.0 26.0 40.0 25.0 39.0 26.0 39.0
411 26.0 40.0 27.0 40.0 26.0 39.0 27.0 39.0
412 27.0 40.0 28.0 40.0 27.0 39.0 28.0 39.0
413 28.0 40.0 29.0 40.0 28.0 39.0 29.0 39.0
414 29.0 40.0 30.0 40.0 29.0 39.0 30.0 39.0
415 30.0 40.0 31.0 40.0 30.0 39.0 31.0 39.0
416 31.0 40.0 32.0 40.0 31.0 39.0 32.0 39.0
417 32.0 40.0 33.0 40.0 32.0 39.0 33.0 39.0
418 33.0 40.0 34.0 40.0 33.0 39.0 34.0 39.0
419 34.0 40.0 35.0 40.0 34.0 39.0 35.0 39.0
420 35.0 40.0 36.0 40.0 35.0 39.0 36.0 39.0
421 36.0 40.0 37.0 40.0 36.0 39.0 37.0 39.0
422 37.0 40.0 38.0 40.0 37.0 39.0 38.0 39.0
423 38.0 40.0 39.0 40.0 38.0 39.0 39.0 39.0
424 39.0 40.0 40.0 40.0 39.0 39.0 40.0 39.0
425 40.0 40.0 41.0 40.0 40.0 39.0 41.0 39.0
426 41.0 40.0 42.0 40.0 41.0 39.0 42.0 39.0
427 42.0 40.0 43.0 40.0 42.0 39.0 43.0 39.0
428 43.0 40.0 44.0 40.0 43.0 39.0 44.0 39.0
429 44.0 40.0 45.0 40.0 44.0 39.0 45.0 39.0
430 45.0 40.0 46.0 40.0 45.0 39.0 46.0 39.0
431 46.0 40.0 47.0 40.0 46.0 39.0 47.0 39.0
432 47.0 40.0 48.0 40.0 47.0 39.0 48.0 39.0
433 0.0 39.0 1.0 39.0 0.0 38.0 1.0 38.0
434 1.0 39.0 2.0 39.0 1.0 38.0 2.0 38.0
435 2.0 39.0 3.0 39.0 2.0 38.0 3.0 38.0
436 3.0 39.0 4.0 39.0 3.0 38.0 4.0 38.0
437 4.0 39.0 5.0 39.0 4.0 38.0 5.0 38.0
438 5.0 39.0 6.0 39.0 5.0 38.0 6.0 38.0
439 6.0 39.0 7.0 39.0 6.0 38.0 7.0 38.0
440 7.0 39.0 8.0 39.0 7.0 38.0 8.0 38.0
441 8.0 39.0 9.0 39.0 8.0 38.0 9.0 38.0
442 9.0 39.0 10.0 39.0 9.0 38.0 10.0 38.0
443 10.0 39.0 11.0 39.0 10.0 38.0 11.0 38.0
444 11.0 39.0 12.0 39.0 11.0 38.0 12.0 38.0
445 12.0 39.0 13.0 39.0 12.0 38.0 13.0 38.0
446 13.0 39.0 14.0 39.0 13.0 38.0 14.0 38.0
447 14.0 39.0 15.0 39.0 14.0 38.0 15.0 38.0
448 15.0 39.0 16.0 39.0 15.0 38.0 16.0 38.0
449 16.0 39.0 17.0 39.0 16.0 38.0 17.0 38.0
450 17.0 39.0 18.0 39.0 17.0 38.0 18.0 38.0
451 18.0 39.0 19.0 39.0 18.0 38.0 19.0 38.0
452 19.0 39.0 20.0 39.0 19.0 38.0 20.0 38.0
453 20.0 39.0 21.0 39.0 20.0 38.0 21.0 38.0
454 21.0 39.0 22.0 39.0 21.0 38.0 22.0 38.0
455 22.0 39.0 23.0 39.0 22.0 38.0 23.0 38.0
456 23.0 39.0 24.0 39.0 23.0 38.0 24.0 38.0
457 24.0 39.0 25.0 39.0 24.0 38.0 25.0 38.0
458 25.0 39.0 26.0 39.0 25.0 38.0 26.0 38.0
459 26.0 39.0 27.0 39.0 26.0 38.0 27.0 38.0
460 27.0 39.0 28.0 39.0 27.0 38.0 28.0 38.0
461 28.0 39.0 29.0 39.0 28.0 38.0 29.0 38.0
462 29.0 39.0 30.0 39.0 29.0 38.0 30.0 38.0
463 30.0 39.0 31.0 39.0 30.0 38.0 31.0 38.0
464 31.0 39.0 32.0 39.0 31.0 38.0 32.0 38.0
465 32.0 39.0 33.0 39.0 32.0 38.0 33.0 38.0
466 33.0 39.0 34.0 39.0 33.0 38.0 34.0 38.0
467 34.0 39.0 35.0 39.0 34.0 38.0 35.0 38.0
468 35.0 39.0 36.0 39.0 35.0 38.0 36.0 38.0
469 36.0 39.0 37.0 39.0 36.0 38.0 37.0 38.0
470 37.0 39.0 38.0 39.0 37.0 38.0 38.0 38.0
471 38.0 39.0 39.0 39.0 38.0 38.0 39.0 38.0
472 39.0 39.0 40.0 39.0 39.0 38.0 40.0 38.0
473 40.0 39.0 41.0 39.0 40.0 38.0 41.0 38.0
474 41.0 39.0 42.0 39.0 41.0 38.0 42.0 38.0
475 42.0 39.0 43.0 39.0 42.0 38.0 43.0 38.0
476 43.0 39.0 44.0 39.0 43.0 38.0 44.0 38.0
477 44.0 39.0 45.0 39.0 44.0 38.0 45.0 38.0
478 45.0 39.0 46.0 39.0 45.0 38.0 46.0 38.0
479 46.0 39.0 47.0 39.0 46.0 38.0 47.0 38.0
480 47.0 39.0 48.0 39.0 47.0 38.0 48.0 38.0
481 0.0 38.0 1.0 38.0 0.0 37.0 1.0 37.0
482 1.0 38.0 2.0 38.0 1.0 37.0 2.0 37.0
483 2.0 38.0 3.0 38.0 2.0 37.0 3.0 37.0
484 3.0 38.0 4.0 38.0 3.0 37.0 4.0 37.0
485 4.0 38.0 5.0 38.0 4.0 37.0 5.0 37.0
486 5.0 38.0 6.0 38.0 5.0 37.0 6.0 37.0
487 6.0 38.0 7.0 38.0 6.0 37.0 7.0 37.0
488 7.0 38.0 8.0 38.0 7.0 37.0 8.0 37.0
489 8.0 38.0 9.0 38.0 8.0 37.0 9.0 37.0
490 9.0 38.0 10.0 38.0 9.0 37.0 10.0 37.0
491 10.0 38.0 11.0 38.0 10.0 37.0 11.0 37.0
492 11.0 38.0 12.0 38.0 11.0 37.0 12.0 37.0
493 12.0 38.0 13.0 38.0 12.0 37.0 13.0 37.0
494 13.0 38.0 14.0 38.0 13.0 37.0 14.0 37.0
495 14.0 38.0 15.0 38.0 14.0 37.0 15.0 37.0
496 15.0 38.0 16.0 38.0 15.0 37.0 16.0 37.0
497 16.0 38.0 17.0 38.0 16.0 37.0 17.0 37.0
498 17.0 38.0 18.0 38.0 17.0 37.0 18.0 37.0
499 18.0 38.0 19.0 38.0 18.0 37.0 19.0 37.0
500 19.0 38.0 20.0 38.0 19.0 37.0 20.0 37.0
501 20.0 38.0 21.0 38.0 20.0 37.0 21.0 37.0
502 21.0 38.0 22.0 38.0 21.0 37.0 22.0 37.0
503 22.0 38.0 23.0 38.0 22.0 37.0 23.0 37.0
504 23.0 38.0 24.0 38.0 23.0 37.0 24.0 37.0
505 24.0 38.0 25.0 38.0 24.0 37.0 25.0 37.0
506 25.0 38.0 26.0 38.0 25.0 37.0 26.0 37.0
507 26.0 38.0 27.0 38.0 26.0 37.0 27.0 37.0
508 27.0 38.0 28.0 38.0 27.0 37.0 28.0 37.0
509 28.0 38.0 29.0 38.0 28.0 37.0 29.0 37.0
510 29.0 38.0 30.0 38.0 29.0 37.0 30.0 37.0
511 30.0 38.0 31.0 38.0 30.0 37.0 31.0 37.0
512 31.0 38.0 32.0 38.0 31.0 37.0 32.0 37.0
513 32.0 38.0 33.0 38.0 32.0 37.0 33.0 37.0
514 33.0 38.0 34.0 38.0 33.0 37.0 34.0 37.0
515 34.0 38.0 35.0 38.0 34.0 37.0 35.0 37.0
516 35.0 38.0 36.0 38.0 35.0 37.0 36.0 37.0
517 36.0 38.0 37.0 38.0 36.0 37.0 37.0 37.0
518 37.0 38.0 38.0 38.0 37.0 37.0 38.0 37.0
519 38.0 38.0 39.0 38.0 38.0 37.0 39.0 37.0
520 39.0 38.0 40.0 38.0 39.0 37.0 40.0 37.0
521 40.0 38.0 41.0 38.0 40.0 37.0 41.0 37.0
522 41.0 38.0 42.0 38.0 41.0 37.0 42.0 37.0
523 42.0 38.0 43.0 38.0 42.0 37.0 43.0 37.0
524 43.0 38.0 44.0 38.0 43.0 37.0 44.0 37.0
525 44.0 38.0 45.0 38.0 44.0 37.0 45.0 37.0
526 45.0 38.0 46.0 38.0 45.0 37.0 46.0 37.0
527 46.0 38.0 47.0 38.0 46.0 37.0 47.0 37.0
528 47.0 38.0 48.0 38.0 47.0 37.0 48.0 37.0
529 0.0 37.0 1.0 37.0 0.0 36.0 1.0 36.0
530 1.0 37.0 2.0 37.0 1.0 36.0 2.0 36.0
531 2.0 37.0 3.0 37.0 2.0 36.0 3.0 36.0
532 3.0 37.0 4.0 37.0 3.0 36.0 4.0 36.0
533 4.0 37.0 5.0 37.0 4.0 36.0 5.0 36.0
534 5.0 37.0 6.0 37.0 5.0 36.0 6.0 36.0
535 6.0 37.0 7.0 37.0 6.0 36.0 7.0 36.0
536 7.0 37.0 8.0 37.0 7.0 36.0 8.0 36.0
537 8.0 37.0 9.0 37.0 8.0 36.0 9.0 36.0
538 9.0 37.0 10.0 37.0 9.0 36.0 10.0 36.0
539 10.0 37.0 11.0 37.0 10.0 36.0 11.0 36.0
540 11.0 37.0 12.0 37.0 11.0 36.0 12.0 36.0
541 12.0 37.0 13.0 37.0 12.0 36.0 13.0 36.0
542 13.0 37.0 14.0 37.0 13.0 36.0 14.0 36.0
543 14.0 37.0 15.0 37.0 14.0 36.0 15.0 36.0
544 15.0 37.0 16.0 37.0 15.0 36.0 16.0 36.0
545 16.0 37.0 17.0 37.0 16.0 36.0 17.0 36.0
546 17.0 37.0 18.0 37.0 17.0 36.0 18.0 36.0
547 18.0 37.0 19.0 37.0 18.0 36.0 19.0 36.0
548 19.0 37.0 20.0 37.0 19.0 36.0 20.0 36.0
549 20.0 37.0 21.0 37.0 20.0 36.0 21.0 36.0
550 21.0 37.0 22.0 37.0 21.0 36.0 22.0 36.0
551 22.0 37.0 23.0 37.0 22.0 36.0 23.0 36.0
552 23.0 37.0 24.0 37.0 23.0 36.0 24.0 36.0
553 24.0 37.0 25.0 37.0 24.0 36.0 25.0 36.0
554 25.0 37.0 26.0 37.0 25.0 36.0 26.0 36.0
555 26.0 37.0 27.0 37.0 26.0 36.0 27.0 36.0
556 27.0 37.0 28.0 37.0 27.0 36.0 28.0 36.0
557 28.0 37.0 29.0 37.0 28.0 36.0 29.0 36.0
558 29.0 37.0 30.0 37.0 29.0 36.0 30.0 36.0
559 30.0 37.0 31.0 37.0 30.0 36.0 31.0 36.0
560 31.0 37.0 32.0 37.0 31.0 36.0 32.0 36.0
561 32.0 37.0 33.0 37.0 32.0 36.0 33.0 36.0
562 33.0 37.0 34.0 37.0 33.0 36.0 34.0 36.0
563 34.0 37.0 35.0 37.0 34.0 36.0 35.0 36.0
564 35.0 37.0 36.0 37.0 35.0 36.0 36.0 36.0
565 36.0 37.0 37.0 37.0 36.0 36.0 37.0 36.0
566 37.0 37.0 38.0 37.0 37.0 36.0 38.0 36.0
567 38.0 37.0 39.0 37.0 38.0 36.0 39.0 36.0
568 39.0 37.0 40.0 37.0 39.0 36.0 40.0 36.0
569 40.0 37.0 41.0 37.0 40.0 36.0 41.0 36.0
570 41.0 37.0 42.0 37.0 41.0 36.0 42.0 36.0
571 42.0 37.0 43.0 37.0 42.0 36.0 43.0 36.0
572 43.0 37.0 44.0 37.0 43.0 36.0 44.0 36.0
573 44.0 37.0 45.0 37.0 44.0 36.0 45.0 36.0
574 45.0 37.0 46.0 37.0 45.0 36.0 46.0 36.0
575 46.0 37.0 47.0 37.0 46.0 36.0 47.0 36.0
576 47.0 37.0 48.0 37.0 47.0 36.0 48.0 36.0
577 0.0 36.0 1.0 36.0 0.0 35.0 1.0 35.0
578 1.0 36.0 2.0 36.0 1.0 35.0 2.0 35.0
579 2.0 36.0 3.0 36.0 2.0 35.0 3.0 35.0
580 3.0 36.0 4.0 36.0 3.0 35.0 4.0 35.0
581 4.0 36.0 5.0 36.0 4.0 35.0 5.0 35.0
582 5.0 36.0 6.0 36.0 5.0 35.0 6.0 35.0
583 6.0 36.0 7.0 36.0 6.0 35.0 7.0 35.0
584 7.0 36.0 8.0 36.0 7.0 35.0 8.0 35.0
585 8.0 36.0 9.0 36.0 8.0 35.0 9.0 35.0
586 9.0 36.0 10.0 36.0 9.0 35.0 10.0 35.0
587 10.0 36.0 11.0 36.0 10.0 35.0 11.0 35.0
588 11.0 36.0 12.0 36.0 11.0 35.0 12.0 35.0
589 12.0 36.0 13.0 36.0 12.0 35.0 13.0 35.0
590 13.0 36.0 14.0 36.0 13.0 35.0 14.0 35.0
591 14.0 36.0 15.0 36.0 14.0 35.0 15.0 35.0
592 15.0 36.0 16.0 36.0 15.0 35.0 16.0 35.0
593 16.0 36.0 17.0 36.0 16.0 35.0 17.0 35.0
594 17.0 36.0 18.0 36.0 17.0 35.0 18.0 35.0
595 18.0 36.0 19.0 36.0 18.0 35.0 19.0 35.0
596 19.0 36.0 20.0 36.0 19.0 35.0 20.0 35.0
597 20.0 36.0 21.0 36.0 20.0 35.0 21.0 35.0
598 21.0 36.0 22.0 36.0 21.0 35.0 22.0 35.0
599 22.0 36.0 23.0 36.0 22.0 35.0 23.0 35.0
600 23.0 36.0 24.0 36.0 23.0 35.0 24.0 35.0
601 24.0 36.0 25.0 36.0 24.0 35.0 25.0 35.0
602 25.0 36.0 26.0 36.0 25.0 35.0 26.0 35.0
603 26.0 36.0 27.0 36.0 26.0 35.0 27.0 35.0
604 27.0 36.0 28.0 36.0 27.0 35.0 28.0 35.0
605 28.0 36.0 29.0 36.0 28.0 35.0 29.0 35.0
606 29.0 36.0 30.0 36.0 29.0 35.0 30.0 35.0
607 30.0 36.0 31.0 36.0 30.0 35.0 31.0 35.0
608 31.0 36.0 32.0 36.0 31.0 35.0 32.0 35.0
609 32.0 36.0 33.0 36.0 32.0 35.0 33.0 35.0
610 33.0 36.0 34.0 36.0 33.0 35.0 34.0 35.0
611 34.0 36.0 35.0 36.0 34.0 35.0 35.0 35.0
612 35.0 36.0 36.0 36.0 35.0 35.0 36.0 35.0
613 36.0 36.0 37.0 36.0 36.0 35.0 37.0 35.0
614 37.0 36.0 38.0 36.0 37.0 35.0 38.0 35.0
615 38.0 36.0 39.0 36.0 38.0 35.0 39.0 35.0
616 39.0 36.0 40.0 36.0 39.0 35.0 40.0 35.0
617 40.0 36.0 41.0 36.0 40.0 35.0 41.0 35.0
618 41.0 36.0 42.0 36.0 41.0 35.0 42.0 35.0
619 42.0 36.0 43.0 36.0 42.0 35.0 43.0 35.0
620 43.0 36.0 44.0 36.0 43.0 35.0 44.0 35.0
621 44.0 36.0 45.0 36.0 44.0 35.0 45.0 35.0
622 45.0 36.0 46.0 36.0 45.0 35.0 46.0 35.0
623 46.0 36.0 47.0 36.0 46.0 35.0 47.0 35.0
624 47.0 36.0 48.0 36.0 47.0 35.0 48.0 35.0
625 0.0 35.0 1.0 35.0 0.0 34.0 1.0 34.0
626 1.0 35.0 2.0 35.0 1.0 34.0 2.0 34.0
627 2.0 35.0 3.0 35.0 2.0 34.0 3.0 34.0
628 3.0 35.0 4.0 35.0 3.0 34.0 4.0 34.0
629 4.0 35.0 5.0 35.0 4.0 34.0 5.0 34.0
630 5.0 35.0 6.0 35.0 5.0 34.0 6.0 34.0
631 6.0 35.0 7.0 35.0 6.0 34.0 7.0 34.0
632 7.0 35.0 8.0 35.0 7.0 34.0 8.0 34.0
633 8.0 35.0 9.0 35.0 8.0 34.0 9.0 34.0
634 9.0 35.0 10.0 35.0 9.0 34.0 10.0 34.0
635 10.0 35.0 11.0 35.0 10.0 34.0 11.0 34.0
636 11.0 35.0 12.0 35.0 11.0 34.0 12.0 34.0
637 12.0 35.0 13.0 35.0 12.0 34.0 13.0 34.0
638 13.0 35.0 14.0 35.0 13.0 34.0 14.0 34.0
639 14.0 35.0 15.0 35.0 14.0 34.0 15.0 34.0
640 15.0 35.0 16.0 35.0 15.0 34.0 16.0 34.0
641 16.0 35.0 17.0 35.0 16.0 34.0 17.0 34.0
642 17.0 35.0 18.0 35.0 17.0 34.0 18.0 34.0
643 18.0 35.0 19.0 35.0 18.0 34.0 19.0 34.0
644 19.0 35.0 20.0 35.0 19.0 34.0 20.0 34.0
645 20.0 35.0 21.0 35.0 20.0 34.0 21.0 34.0
646 21.0 35.0 22.0 35.0 21.0 34.0 22.0 34.0
647 22.0 35.0 23.0 35.0 22.0 34.0 23.0 34.0
648 23.0 35.0 24.0 35.0 23.0 34.0 24.0 34.0
649 24.0 35.0 25.0 35.0 24.0 34.0 25.0 34.0
650 25.0 35.0 26.0 35.0 25.0 34.0 26.0 34.0
651 26.0 35.0 27.0 35.0 26.0 34.0 27.0 34.0
652 27.0 35.0 28.0 35.0 27.0 34.0 28.0 34.0
653 28.0 35.0 29.0 35.0 28.0 34.0 29.0 34.0
654 29.0 35.0 30.0 35.0 29.0 34.0 30.0 34.0
655 30.0 35.0 31.0 35.0 30.0 34.0 31.0 34.0
656 31.0 35.0 32.0 35.0 31.0 34.0 32.0 34.0
657 32.0 35.0 33.0 35.0 32.0 34.0 33.0 34.0
658 33.0 35.0 34.0 35.0 33.0 34.0 34.0 34.0
659 34.0 35.0 35.0 35.0 34.0 34.0 35.0 34.0
660 35.0 35.0 36.0 35.0 35.0 34.0 36.0 34.0
661 36.0 35.0 37.0 35.0 36.0 34.0 37.0 34.0
662 37.0 35.0 38.0 35.0 37.0 34.0 38.0 34.0
663 38.0 35.0 39.0 35.0 38.0 34.0 39.0 34.0
664 39.0 35.0 40.0 35.0 39.0 34.0 40.0 34.0
665 40.0 35.0 41.0 35.0 40.0 34.0 41.0 34.0
666 41.0 35.0 42.0 35.0 41.0 34.0 42.0 34.0
667 42.0 35.0 43.0 35.0 42.0 34.0 43.0 34.0
668 43.0 35.0 44.0 35.0 43.0 34.0 44.0 34.0
669 44.0 35.0 45.0 35.0 44.0 34.0 45.0 34.0
670 45.0 35.0 46.0 35.0 45.0 34.0 46.0 34.0
671 46.0 35.0 47.0 35.0 46.0 34.0 47.0 34.0
672 47.0 35.0 48.0 35.0 47.0 34.0 48.0 34.0
673 0.0 34.0 1.0 34.0 0.0 33.0 1.0 33.0
674 1.0 34.0 2.0 34.0 1.0 33.0 2.0 33.0
675 2.0 34.0 3.0 34.0 2.0 33.0 3.0 33.0
676 3.0 34.0 4.0 34.0 3.0 33.0 4.0 33.0
677 4.0 34.0 5.0 34.0 4.0 33.0 5.0 33.0
678 5.0 34.0 6.0 34.0 5.0 33.0 6.0 33.0
679 6.0 34.0 7.0 34.0 6.0 33.0 7.0 33.0
680 7.0 34.0 8.0 34.0 7.0 33.0 8.0 33.0
681 8.0 34.0 9.0 34.0 8.0 33.0 9.0 33.0
682 9.0 34.0 10.0 34.0 9.0 33.0 10.0 33.0
683 10.0 34.0 11.0 34.0 10.0 33.0 11.0 33.0
684 11.0 34.0 12.0 34.0 11.0 33.0 12.0 33.0
685 12.0 34.0 13.0 34.0 12.0 33.0 13.0 33.0
686 13.0 34.0 14.0 34.0 13.0 33.0 14.0 33.0
687 14.0 34.0 15.0 34.0 14.0 33.0 15.0 33.0
688 15.0 34.0 16.0 34.0 15.0 33.0 16.0 33.0
689 16.0 34.0 17.0 34.0 16.0 33.0 17.0 33.0
690 17.0 34.0 18.0 34.0 17.0 33.0 18.0 33.0
691 18.0 34.0 19.0 34.0 18.0 33.0 19.0 33.0
692 19.0 34.0 20.0 34.0 19.0 33.0 20.0 33.0
693 20.0 34.0 21.0 34.0 20.0 33.0 21.0 33.0
694 21.0 34.0 22.0 34.0 21.0 33.0 22.0 33.0
695 22.0 34.0 23.0 34.0 22.0 33.0 23.0 33.0
696 23.0 34.0 24.0 34.0 23.0 33.0 24.0 33.0
697 24.0 34.0 25.0 34.0 24.0 33.0 25.0 33.0
698 25.0 34.0 26.0 34.0 25.0 33.0 26.0 33.0
699 26.0 34.0 27.0 34.0 26.0 33.0 27.0 33.0
700 27.0 34.0 28.0 34.0 27.0 33.0 28.0 33.0
701 28.0 34.0 29.0 34.0 28.0 33.0 29.0 33.0
702 29.0 34.0 30.0 34.0 29.0 33.0 30.0 33.0
703 30.0 34.0 31.0 34.0 30.0 33.0 31.0 33.0
704 31.0 34.0 32.0 34.0 31.0 33.0 32.0 33.0
705 32.0 34.0 33.0 34.0 32.0 33.0 33.0 33.0
706 33.0 34.0 34.0 34.0 33.0 33.0 34.0 33.0
707 34.0 34.0 35.0 34.0 34.0 33.0 35.0 33.0
708 35.0 34.0 36.0 34.0 35.0 33.0 36.0 33.0
709 36.0 34.0 37.0 34.0 36.0 33.0 37.0 33.0
710 37.0 34.0 38.0 34.0 37.0 33.0 38.0 33.0
711 38.0 34.0 39.0 34.0 38.0 33.0 39.0 33.0
712 39.0 34.0 40.0 34.0 39.0 33.0 40.0 33.0
713 40.0 34.0 41.0 34.0 40.0 33.0 41.0 33.0
714 41.0 34.0 42.0 34.0 41.0 33.0 42.0 33.0
715 42.0 34.0 43.0 34.0 42.0 33.0 43.0 33.0
716 43.0 34.0 44.0 34.0 43.0 33.0 44.0 33.0
717 44.0 34.0 45.0 34.0 44.0 33.0 45.0 33.0
718 45.0 34.0 46.0 34.0 45.0 33.0 46.0 33.0
719 46.0 34.0 47.0 34.0 46.0 33.0 47.0 33.0
720 47.0 34.0 48.0 34.0 47.0 33.0 48.0 33.0
721 0.0 33.0 1.0 33.0 0.0 32.0 1.0 32.0
722 1.0 33.0 2.0 33.0 1.0 32.0 2.0 32.0
723 2.0 33.0 3.0 33.0 2.0 32.0 3.0 32.0
724 3.0 33.0 4.0 33.0 3.0 32.0 4.0 32.0
725 4.0 33.0 5.0 33.0 4.0 32.0 5.0 32.0
726 5.0 33.0 6.0 33.0 5.0 32.0 6.0 32.0
727 6.0 33.0 7.0 33.0 6.0 32.0 7.0 32.0
728 7.0 33.0 8.0 33.0 7.0 32.0 8.0 32.0
729 8.0 33.0 9.0 33.0 8.0 32.0 9.0 32.0
730 9.0 33.0 10.0 33.0 9.0 32.0 10.0 32.0
731 10.0 33.0 11.0 33.0 10.0 32.0 11.0 32.0
732 11.0 33.0 12.0 33.0 11.0 32.0 12.0 32.0
733 12.0 33.0 13.0 33.0 12.0 32.0 13.0 32.0
734 13.0 33.0 14.0 33.0 13.0 32.0 14.0 32.0
735 14.0 33.0 15.0 33.0 14.0 32.0 15.0 32.0
736 15.0 33.0 16.0 33.0 15.0 32.0 16.0 32.0
737 16.0 33.0 17.0 33.0 16.0 32.0 17.0 32.0
738 17.0 33.0 18.0 33.0 17.0 32.0 18.0 32.0
739 18.0 33.0 19.0 33.0 18.0 32.0 19.0 32.0
740 19.0 33.0 20.0 33.0 19.0 32.0 20.0 32.0
741 20.0 33.0 21.0 33.0 20.0 32.0 21.0 32.0
742 21.0 33.0 22.0 33.0 21.0 32.0 22.0 32.0
743 22.0 33.0 23.0 33.0 22.0 32.0 23.0 32.0
744 23.0 33.0 24.0 33.0 23.0 32.0 24.0 32.0
745 24.0 33.0 25.0 33.0 24.0 32.0 25.0 32.0
746 25.0 33.0 26.0 33.0 25.0 32.0 26.0 32.0
747 26.0 33.0 27.0 33.0 26.0 32.0 27.0 32.0
748 27.0 33.0 28.0 33.0 27.0 32.0 28.0 32.0
749 28.0 33.0 29.0 33.0 28.0 32.0 29.0 32.0
750 29.0 33.0 30.0 33.0 29.0 32.0 30.0 32.0
751 30.0 33.0 31.0 33.0 30.0 32.0 31.0 32.0
752 31.0 33.0 32.0 33.0 31.0 32.0 32.0 32.0
753 32.0 33.0 33.0 33.0 32.0 32.0 33.0 32.0
754 33.0 33.0 34.0 33.0 33.0 32.0 34.0 32.0
755 34.0 33.0 35.0 33.0 34.0 32.0 35.0 32.0
756 35.0 33.0 36.0 33.0 35.0 32.0 36.0 32.0
757 36.0 33.0 37.0 33.0 36.0 32.0 37.0 32.0
758 37.0 33.0 38.0 33.0 37.0 32.0 38.0 32.0
759 38.0 33.0 39.0 33.0 38.0 32.0 39.0 32.0
760 39.0 33.0 40.0 33.0 39.0 32.0 40.0 32.0
761 40.0 33.0 41.0 33.0 40.0 32.0 41.0 32.0
762 41.0 33.0 42.0 33.0 41.0 32.0 42.0 32.0
763 42.0 33.0 43.0 33.0 42.0 32.0 43.0 32.0
764 43.0 33.0 44.0 33.0 43.0 32.0 44.0 32.0
765 44.0 33.0 45.0 33.0 44.0 32.0 45.0 32.0
766 45.0 33.0 46.0 33.0 45.0 32.0 46.0 32.0
767 46.0 33.0 47.0 33.0 46.0 32.0 47.0 32.0
768 47.0 33.0 48.0 33.0 47.0 32.0 48.0 32.0
769 0.0 32.0 1.0 32.0 0.0 31.0 1.0 31.0
770 1.0 32.0 2.0 32.0 1.0 31.0 2.0 31.0
771 2.0 32.0 3.0 32.0 2.0 31.0 3.0 31.0
772 3.0 32.0 4.0 32.0 3.0 31.0 4.0 31.0
773 4.0 32.0 5.0 32.0 4.0 31.0 5.0 31.0
774 5.0 32.0 6.0 32.0 5.0 31.0 6.0 31.0
775 6.0 32.0 7.0 32.0 6.0 31.0 7.0 31.0
776 7.0 32.0 8.0 32.0 7.0 31.0 8.0 31.0
777 8.0 32.0 9.0 32.0 8.0 31.0 9.0 31.0
778 9.0 32.0 10.0 32.0 9.0 31.0 10.0 31.0
779 10.0 32.0 11.0 32.0 10.0 31.0 11.0 31.0
780 11.0 32.0 12.0 32.0 11.0 31.0 12.0 31.0
781 12.0 32.0 13.0 32.0 12.0 31.0 13.0 31.0
782 13.0 32.0 14.0 32.0 13.0 31.0 14.0 31.0
783 14.0 32.0 15.0 32.0 14.0 31.0 15.0 31.0
784 15.0 32.0 16.0 32.0 15.0 31.0 16.0 31.0
785 16.0 32.0 17.0 32.0 16.0 31.0 17.0 31.0
786 17.0 32.0 18.0 32.0 17.0 31.0 18.0 31.0
787 18.0 32.0 19.0 32.0 18.0 31.0 19.0 31.0
788 19.0 32.0 20.0 32.0 19.0 31.0 20.0 31.0
789 20.0 32.0 21.0 32.0 20.0 31.0 21.0 31.0
790 21.0 32.0 22.0 32.0 21.0 31.0 22.0 31.0
791 22.0 32.0 23.0 32.0 22.0 31.0 23.0 31.0
792 23.0 32.0 24.0 32.0 23.0 31.0 24.0 31.0
793 24.0 32.0 25.0 32.0 24.0 31.0 25.0 31.0
794 25.0 32.0 26.0 32.0 25.0 31.0 26.0 31.0
795 26.0 32.0 27.0 32.0 26.0 31.0 27.0 31.0
796 27.0 32.0 28.0 32.0 27.0 31.0 28.0 31.0
797 28.0 32.0 29.0 32.0 28.0 31.0 29.0 31.0
798 29.0 32.0 30.0 32.0 29.0 31.0 30.0 31.0
799 30.0 32.0 31.0 32.0 30.0 31.0 31.0 31.0
800 31.0 32.0 32.0 32.0 31.0 31.0 32.0 31.0
801 32.0 32.0 33.0 32.0 32.0 31.0 33.0 31.0
802 33.0 32.0 34.0 32.0 33.0 31.0 34.0 31.0
803 34.0 32.0 35.0 32.0 34.0 31.0 35.0 31.0
804 35.0 32.0 36.0 32.0 35.0 31.0 36.0 31.0
805 36.0 32.0 37.0 32.0 36.0 31.0 37.0 31.0
806 37.0 32.0 38.0 32.0 37.0 31.0 38.0 31.0
807 38.0 32.0 39.0 32.0 38.0 31.0 39.0 31.0
808 39.0 32.0 40.0 32.0 39.0 31.0 40.0 31.0
809 40.0 32.0 41.0 32.0 40.0 31.0 41.0 31.0
810 41.0 32.0 42.0 32.0 41.0 31.0 42.0 31.0
811 42.0 32.0 43.0 32.0 42.0 31.0 43.0 31.0
812 43.0 32.0 44.0 32.0 43.0 31.0 44.0 31.0
813 44.0 32.0 45.0 32.0 44.0 31.0 45.0 31.0
814 45.0 32.0 46.0 32.0 45.0 31.0 46.0 31.0
815 46.0 32.0 47.0 32.0 46.0 31.0 47.0 31.0
816 47.0 32.0 48.0 32.0 47.0 31.0 48.0 31.0
817 0.0 31.0 1.0 31.0 0.0 30.0 1.0 30.0
818 1.0 31.0 2.0 31.0 1.0 30.0 2.0 30.0
819 2.0 31.0 3.0 31.0 2.0 30.0 3.0 30.0
820 3.0 31.0 4.0 31.0 3.0 30.0 4.0 30.0
821 4.0 31.0 5.0 31.0 4.0 30.0 5.0 30.0
822 5.0 31.0 6.0 31.0 5.0 30.0 6.0 30.0
823 6.0 31.0 7.0 31.0 6.0 30.0 7.0 30.0
824 7.0 31.0 8.0 31.0 7.0 30.0 8.0 30.0
825 8.0 31.0 9.0 31.0 8.0 30.0 9.0 30.0
826 9.0 31.0 10.0 31.0 9.0 30.0 10.0 30.0
827 10.0 31.0 11.0 31.0 10.0 30.0 11.0 30.0
828 11.0 31.0 12.0 31.0 11.0 30.0 12.0 30.0
829 12.0 31.0 13.0 31.0 12.0 30.0 13.0 30.0
830 13.0 31.0 14.0 31.0 13.0 30.0 14.0 30.0
831 14.0 31.0 15.0 31.0 14.0 30.0 15.0 30.0
832 15.0 31.0 16.0 31.0 15.0 30.0 16.0 30.0
833 16.0 31.0 17.0 31.0 16.0 30.0 17.0 30.0
834 17.0 31.0 18.0 31.0 17.0 30.0 18.0 30.0
835 18.0 31.0 19.0 31.0 18.0 30.0 19.0 30.0
836 19.0 31.0 20.0 31.0 19.0 30.0 20.0 30.0
837 20.0 31.0 21.0 31.0 20.0 30.0 21.0 30.0
838 21.0 31.0 22.0 31.0 21.0 30.0 22.0 30.0
839 22.0 31.0 23.0 31.0 22.0 30.0 23.0 30.0
840 23.0 31.0 24.0 31.0 23.0 30.0 24.0 30.0
841 24.0 31.0 25.0 31.0 24.0 30.0 25.0 30.0
842 25.0 31.0 26.0 31.0 25.0 30.0 26.0 30.0
843 26.0 31.0 27.0 31.0 26.0 30.0 27.0 30.0
844 27.0 31.0 28.0 31.0 27.0 30.0 28.0 30.0
845 28.0 31.0 29.0 31.0 28.0 30.0 29.0 30.0
846 29.0 31.0 30.0 31.0 29.0 30.0 30.0 30.0
847 30.0 31.0 31.0 31.0 30.0 30.0 31.0 30.0
848 31.0 31.0 32.0 31.0 31.0 30.0 32.0 30.0
849 32.0 31.0 33.0 31.0 32.0 30.0 33.0 30.0
850 33.0 31.0 34.0 31.0 33.0 30.0 34.0 30.0
851 34.0 31.0 35.0 31.0 34.0 30.0 35.0 30.0
852 35.0 31.0 36.0 31.0 35.0 30.0 36.0 30.0
853 36.0 31.0 37.0 31.0 36.0 30.0 37.0 30.0
854 37.0 31.0 38.0 31.0 37.0 30.0 38.0 30.0
855 38.0 31.0 39.0 31.0 38.0 30.0 39.0 30.0
856 39.0 31.0 40.0 31.0 39.0 30.0 40.0 30.0
857 40.0 31.0 41.0 31.0 40.0 30.0 41.0 30.0
858 41.0 31.0 42.0 31.0 41.0 30.0 42.0 30.0
859 42.0 31.0 43.0 31.0 42.0 30.0 43.0 30.0
860 43.0 31.0 44.0 31.0 43.0 30.0 44.0 30.0
861 44.0 31.0 45.0 31.0 44.0 30.0 45.0 30.0
862 45.0 31.0 46.0 31.0 45.0 30.0 46.0 30.0
863 46.0 31.0 47.0 31.0 46.0 30.0 47.0 30.0
864 47.0 31.0 48.0 31.0 47.0 30.0 48.0 30.0
865 0.0 30.0 1.0 30.0 0.0 29.0 1.0 29.0
866 1.0 30.0 2.0 30.0 1.0 29.0 2.0 29.0
867 2.0 30.0 3.0 30.0 2.0 29.0 3.0 29.0
868 3.0 30.0 4.0 30.0 3.0 29.0 4.0 29.0
869 4.0 30.0 5.0 30.0 4.0 29.0 5.0 29.0
870 5.0 30.0 6.0 30.0 5.0 29.0 6.0 29.0
871 6.0 30.0 7.0 30.0 6.0 29.0 7.0 29.0
872 7.0 30.0 8.0 30.0 7.0 29.0 8.0 29.0
873 8.0 30.0 9.0 30.0 8.0 29.0 9.0 29.0
874 9.0 30.0 10.0 30.0 9.0 29.0 10.0 29.0
875 10.0 30.0 11.0 30.0 10.0 29.0 11.0 29.0
876 11.0 30.0 12.0 30.0 11.0 29.0 12.0 29.0
877 12.0 30.0 13.0 30.0 12.0 29.0 13.0 29.0
878 13.0 30.0 14.0 30.0 13.0 29.0 14.0 29.0
879 14.0 30.0 15.0 30.0 14.0 29.0 15.0 29.0
880 15.0 30.0 16.0 30.0 15.0 29.0 16.0 29.0
881 16.0 30.0 17.0 30.0 16.0 29.0 17.0 29.0
882 17.0 30.0 18.0 30.0 17.0 29.0 18.0 29.0
883 18.0 30.0 19.0 30.0 18.0 29.0 19.0 29.0
884 19.0 30.0 20.0 30.0 19.0 29.0 20.0 29.0
885 20.0 30.0 21.0 30.0 20.0 29.0 21.0 29.0
886 21.0 30.0 22.0 30.0 21.0 29.0 22.0 29.0
887 22.0 30.0 23.0 30.0 22.0 29.0 23.0 29.0
888 23.0 30.0 24.0 30.0 23.0 29.0 24.0 29.0
889 24.0 30.0 25.0 30.0 24.0 29.0 25.0 29.0
890 25.0 30.0 26.0 30.0 25.0 29.0 26.0 29.0
891 26.0 30.0 27.0 30.0 26.0 29.0 27.0 29.0
892 27.0 30.0 28.0 30.0 27.0 29.0 28.0 29.0
893 28.0 30.0 29.0 30.0 28.0 29.0 29.0 29.0
894 29.0 30.0 30.0 30.0 29.0 29.0 30.0 29.0
895 30.0 30.0 31.0 30.0 30.0 29.0 31.0 29.0
896 31.0 30.0 32.0 30.0 31.0 29.0 32.0 29.0
897 32.0 30.0 33.0 30.0 32.0 29.0 33.0 29.0
898 33.0 30.0 34.0 30.0 33.0 29.0 34.0 29.0
899 34.0 30.0 35.0 30.0 34.0 29.0 35.0 29.0
900 35.0 30.0 36.0 30.0 35.0 29.0 36.0 29.0
901 36.0 30.0 37.0 30.0 36.0 29.0 37.0 29.0
902 37.0 30.0 38.0 30.0 37.0 29.0 38.0 29.0
903 38.0 30.0 39.0 30.0 38.0 29.0 39.0 29.0
904 39.0 30.0 40.0 30.0 39.0 29.0 40.0 29.0
905 40.0 30.0 41.0 30.0 40.0 29.0 41.0 29.0
906 41.0 30.0 42.0 30.0 41.0 29.0 42.0 29.0
907 42.0 30.0 43.0 30.0 42.0 29.0 43.0 29.0
908 43.0 30.0 44.0 30.0 43.0 29.0 44.0 29.0
909 44.0 30.0 45.0 30.0 44.0 29.0 45.0 29.0
910 45.0 30.0 46.0 30.0 45.0 29.0 46.0 29.0
911 46.0 30.0 47.0 30.0 46.0 29.0 47.0 29.0
912 47.0 30.0 48.0 30.0 47.0 29.0 48.0 29.0
913 0.0 29.0 1.0 29.0 0.0 28.0 1.0 28.0
914 1.0 29.0 2.0 29.0 1.0 28.0 2.0 28.0
915 2.0 29.0 3.0 29.0 2.0 28.0 3.0 28.0
916 3.0 29.0 4.0 29.0 3.0 28.0 4.0 28.0
917 4.0 29.0 5.0 29.0 4.0 28.0 5.0 28.0
918 5.0 29.0 6.0 29.0 5.0 28.0 6.0 28.0
919 6.0 29.0 7.0 29.0 6.0 28.0 7.0 28.0
920 7.0 29.0 8.0 29.0 7.0 28.0 8.0 28.0
921 8.0 29.0 9.0 29.0 8.0 28.0 9.0 28.0
922 9.0 29.0 10.0 29.0 9.0 28.0 10.0 28.0
923 10.0 29.0 11.0 29.0 10.0 28.0 11.0 28.0
924 11.0 29.0 12.0 29.0 11.0 28.0 12.0 28.0
925 12.0 29.0 13.0 29.0 12.0 28.0 13.0 28.0
926 13.0 29.0 14.0 29.0 13.0 28.0 14.0 28.0
927 14.0 29.0 15.0 29.0 14.0 28.0 15.0 28.0
928 15.0 29.0 16.0 29.0 15.0 28.0 16.0 28.0
929 16.0 29.0 17.0 29.0 16.0 28.0 17.0 28.0
930 17.0 29.0 18.0 29.0 17.0 28.0 18.0 28.0
931 18.0 29.0 19.0 29.0 18.0 28.0 19.0 28.0
932 19.0 29.0 20.0 29.0 19.0 28.0 20.0 28.0
933 20.0 29.0 21.0 29.0 20.0 28.0 21.0 28.0
934 21.0 29.0 22.0 29.0 21.0 28.0 22.0 28.0
935 22.0 29.0 23.0 29.0 22.0 28.0 23.0 28.0
936 23.0 29.0 24.0 29.0 23.0 28.0 24.0 28.0
937 24.0 29.0 25.0 29.0 24.0 28.0 25.0 28.0
938 25.0 29.0 26.0 29.0 25.0 28.0 26.0 28.0
939 26.0 29.0 27.0 29.0 26.0 28.0 27.0 28.0
940 27.0 29.0 28.0 29.0 27.0 28.0 28.0 28.0
941 28.0 29.0 29.0 29.0 28.0 28.0 29.0 28.0
942 29.0 29.0 30.0 29.0 29.0 28.0 30.0 28.0
943 30.0 29.0 31.0 29.0 30.0 28.0 31.0 28.0
944 31.0 29.0 32.0 29.0 31.0 28.0 32.0 28.0
945 32.0 29.0 33.0 29.0 32.0 28.0 33.0 28.0
946 33.0 29.0 34.0 29.0 33.0 28.0 34.0 28.0
947 34.0 29.0 35.0 29.0 34.0 28.0 35.0 28.0
948 35.0 29.0 36.0 29.0 35.0 28.0 36.0 28.0
949 36.0 29.0 37.0 29.0 36.0 28.0 37.0 28.0
950 37.0 29.0 38.0 29.0 37.0 28.0 38.0 28.0
951 38.0 29.0 39.0 29.0 38.0 28.0 39.0 28.0
952 39.0 29.0 40.0 29.0 39.0 28.0 40.0 28.0
953 40.0 29.0 41.0 29.0 40.0 28.0 41.0 28.0
954 41.0 29.0 42.0 29.0 41.0 28.0 42.0 28.0
955 42.0 29.0 43.0 29.0 42.0 28.0 43.0 28.0
956 43.0 29.0 44.0 29.0 43.0 28.0 44.0 28.0
957 44.0 29.0 45.0 29.0 44.0 28.0 45.0 28.0
958 45.0 29.0 46.0 29.0 45.0 28.0 46.0 28.0
959 46.0 29.0 47.0 29.0 46.0 28.0 47.0 28.0
960 47.0 29.0 48.0 29.0 47.0 28.0 48.0 28.0
961 0.0 28.0 1.0 28.0 0.0 27.0 1.0 27.0
962 1.0 28.0 2.0 28.0 1.0 27.0 2.0 27.0
963 2.0 28.0 3.0 28.0 2.0 27.0 3.0 27.0
964 3.0 28.0 4.0 28.0 3.0 27.0 4.0 27.0
965 4.0 28.0 5.0 28.0 4.0 27.0 5.0 27.0
966 5.0 28.0 6.0 28.0 5.0 27.0 6.0 27.0
967 6.0 28.0 7.0 28.0 6.0 27.0 7.0 27.0
968 7.0 28.0 8.0 28.0 7.0 27.0 8.0 27.0
969 8.0 28.0 9.0 28.0 8.0 27.0 9.0 27.0
970 9.0 28.0 10.0 28.0 9.0 27.0 10.0 27.0
971 10.0 28.0 11.0 28.0 10.0 27.0 11.0 27.0
972 11.0 28.0 12.0 28.0 11.0 27.0 12.0 27.0
973 12.0 28.0 13.0 28.0 12.0 27.0 13.0 27.0
974 13.0 28.0 14.0 28.0 13.0 27.0 14.0 27.0
975 14.0 28.0 15.0 28.0 14.0 27.0 15.0 27.0
976 15.0 28.0 16.0 28.0 15.0 27.0 16.0 27.0
977 16.0 28.0 17.0 28.0 16.0 27.0 17.0 27.0
978 17.0 28.0 18.0 28.0 17.0 27.0 18.0 27.0
979 18.0 28.0 19.0 28.0 18.0 27.0 19.0 27.0
980 19.0 28.0 20.0 28.0 19.0 27.0 20.0 27.0
981 20.0 28.0 21.0 28.0 20.0 27.0 21.0 27.0
982 21.0 28.0 22.0 28.0 21.0 27.0 22.0 27.0
983 22.0 28.0 23.0 28.0 22.0 27.0 23.0 27.0
984 23.0 28.0 24.0 28.0 23.0 27.0 24.0 27.0
985 24.0 28.0 25.0 28.0 24.0 27.0 25.0 27.0
986 25.0 28.0 26.0 28.0 25.0 27.0 26.0 27.0
987 26.0 28.0 27.0 28.0 26.0 27.0 27.0 27.0
988 27.0 28.0 28.0 28.0 27.0 27.0 28.0 27.0
989 28.0 28.0 29.0 28.0 28.0 27.0 29.0 27.0
990 29.0 28.0 30.0 28.0 29.0 27.0 30.0 27.0
991 30.0 28.0 31.0 28.0 30.0 27.0 31.0 27.0
992 31.0 28.0 32.0 28.0 31.0 27.0 32.0 27.0
993 32.0 28.0 33.0 28.0 32.0 27.0 33.0 27.0
994 33.0 28.0 34.0 28.0 33.0 27.0 34.0 27.0
995 34.0 28.0 35.0 28.0 34.0 27.0 35.0 27.0
996 35.0 28.0 36.0 28.0 35.0 27.0 36.0 27.0
997 36.0 28.0 37.0 28.0 36.0 27.0 37.0 27.0
998 37.0 28.0 38.0 28.0 37.0 27.0 38.0 27.0
999 38.0 28.0 39.0 28.0 38.0 27.0 39.0 27.0
1000 39.0 28.0 40.0 28.0 39.0 27.0 40.0 27.0
1001 40.0 28.0 41.0 28.0 40.0 27.0 41.0 27.0
1002 41.0 28.0 42.0 28.0 41.0 27.0 42.0 27.0
1003 42.0 28.0 43.0 28.0 42.0 27.0 43.0 27.0
1004 43.0 28.0 44.0 28.0 43.0 27.0 44.0 27.0
1005 44.0 28.0 45.0 28.0 44.0 27.0 45.0 27.0
1006 45.0 28.0 46.0 28.0 45.0 27.0 46.0 27.0
1007 46.0 28.0 47.0 28.0 46.0 27.0 47.0 27.0
1008 47.0 28.0 48.0 28.0 47.0 27.0 48.0 27.0
1009 0.0 27.0 1.0 27.0 0.0 26.0 1.0 26.0
1010 1.0 27.0 2.0 27.0 1.0 26.0 2.0 26.0
1011 2.0 27.0 3.0 27.0 2.0 26.0 3.0 26.0
1012 3.0 27.0 4.0 27.0 3.0 26.0 4.0 26.0
1013 4.0 27.0 5.0 27.0 4.0 26.0 5.0 26.0
1014 5.0 27.0 6.0 27.0 5.0 26.0 6.0 26.0
1015 6.0 27.0 7.0 27.0 6.0 26.0 7.0 26.0
1016 7.0 27.0 8.0 27.0 7.0 26.0 8.0 26.0
1017 8.0 27.0 9.0 27.0 8.0 26.0 9.0 26.0
1018 9.0 27.0 10.0 27.0 9.0 26.0 10.0 26.0
1019 10.0 27.0 11.0 27.0 10.0 26.0 11.0 26.0
1020 11.0 27.0 12.0 27.0 11.0 26.0 12.0 26.0
1021 12.0 27.0 13.0 27.0 12.0 26.0 13.0 26.0
1022 13.0 27.0 14.0 27.0 13.0 26.0 14.0 26.0
1023 14.0 27.0 15.0 27.0 14.0 26.0 15.0 26.0
1024 15.0 27.0 16.0 27.0 15.0 26.0 16.0 26.0
1025 16.0 27.0 17.0 27.0 16.0 26.0 17.0 26.0
1026 17.0 27.0 18.0 27.0 17.0 26.0 18.0 26.0
1027 18.0 27.0 19.0 27.0 18.0 26.0 19.0 26.0
1028 19.0 27.0 20.0 27.0 19.0 26.0 20.0 26.0
1029 20.0 27.0 21.0 27.0 20.0 26.0 21.0 26.0
1030 21.0 27.0 22.0 27.0 21.0 26.0 22.0 26.0
1031 22.0 27.0 23.0 27.0 22.0 26.0 23.0 26.0
1032 23.0 27.0 24.0 27.0 23.0 26.0 24.0 26.0
1033 24.0 27.0 25.0 27.0 24.0 26.0 25.0 26.0
1034 25.0 27.0 26.0 27.0 25.0 26.0 26.0 26.0
1035 26.0 27.0 27.0 27.0 26.0 26.0 27.0 26.0
1036 27.0 27.0 28.0 27.0 27.0 26.0 28.0 26.0
1037 28.0 27.0 29.0 27.0 28.0 26.0 29.0 26.0
1038 29.0 27.0 30.0 27.0 29.0 26.0 30.0 26.0
1039 30.0 27.0 31.0 27.0 30.0 26.0 31.0 26.0
1040 31.0 27.0 32.0 27.0 31.0 26.0 32.0 26.0
1041 32.0 27.0 33.0 27.0 32.0 26.0 33.0 26.0
1042 33.0 27.0 34.0 27.0 33.0 26.0 34.0 26.0
1043 34.0 27.0 35.0 27.0 34.0 26.0 35.0 26.0
1044 35.0 27.0 36.0 27.0 35.0 26.0 36.0 26.0
1045 36.0 27.0 37.0 27.0 36.0 26.0 37.0 26.0
1046 37.0 27.0 38.0 27.0 37.0 26.0 38.0 26.0
1047 38.0 27.0 39.0 27.0 38.0 26.0 39.0 26.0
1048 39.0 27.0 40.0 27.0 39.0 26.0 40.0 26.0
1049 40.0 27.0 41.0 27.0 40.0 26.0 41.0 26.0
1050 41.0 27.0 42.0 27.0 41.0 26.0 42.0 26.0
1051 42.0 27.0 43.0 27.0 42.0 26.0 43.0 26.0
1052 43.0 27.0 44.0 27.0 43.0 26.0 44.0 26.0
1053 44.0 27.0 45.0 27.0 44.0 26.0 45.0 26.0
1054 45.0 27.0 46.0 27.0 45.0 26.0 46.0 26.0
1055 46.0 27.0 47.0 27.0 46.0 26.0 47.0 26.0
1056 47.0 27.0 48.0 27.0 47.0 26.0 48.0 26.0
1057 0.0 26.0 1.0 26.0 0.0 25.0 1.0 25.0
1058 1.0 26.0 2.0 26.0 1.0 25.0 2.0 25.0
1059 2.0 26.0 3.0 26.0 2.0 25.0 3.0 25.0
1060 3.0 26.0 4.0 26.0 3.0 25.0 4.0 25.0
1061 4.0 26.0 5.0 26.0 4.0 25.0 5.0 25.0
1062 5.0 26.0 6.0 26.0 5.0 25.0 6.0 25.0
1063 6.0 26.0 7.0 26.0 6.0 25.0 7.0 25.0
1064 7.0 26.0 8.0 26.0 7.0 25.0 8.0 25.0
1065 8.0 26.0 9.0 26.0 8.0 25.0 9.0 25.0
1066 9.0 26.0 10.0 26.0 9.0 25.0 10.0 25.0
1067 10.0 26.0 11.0 26.0 10.0 25.0 11.0 25.0
1068 11.0 26.0 12.0 26.0 11.0 25.0 12.0 25.0
1069 12.0 26.0 13.0 26.0 12.0 25.0 13.0 25.0
1070 13.0 26.0 14.0 26.0 13.0 25.0 14.0 25.0
1071 14.0 26.0 15.0 26.0 14.0 25.0 15.0 25.0
1072 15.0 26.0 16.0 26.0 15.0 25.0 16.0 25.0
1073 16.0 26.0 17.0 26.0 16.0 25.0 17.0 25.0
1074 17.0 26.0 18.0 26.0 17.0 25.0 18.0 25.0
1075 18.0 26.0 19.0 26.0 18.0 25.0 19.0 25.0
1076 19.0 26.0 20.0 26.0 19.0 25.0 20.0 25.0
1077 20.0 26.0 21.0 26.0 20.0 25.0 21.0 25.0
1078 21.0 26.0 22.0 26.0 21.0 25.0 22.0 25.0
1079 22.0 26.0 23.0 26.0 22.0 25.0 23.0 25.0
1080 23.0 26.0 24.0 26.0 23.0 25.0 24.0 25.0
1081 24.0 26.0 25.0 26.0 24.0 25.0 25.0 25.0
1082 25.0 26.0 26.0 26.0 25.0 25.0 26.0 25.0
1083 26.0 26.0 27.0 26.0 26.0 25.0 27.0 25.0
1084 27.0 26.0 28.0 26.0 27.0 25.0 28.0 25.0
1085 28.0 26.0 29.0 26.0 28.0 25.0 29.0 25.0
1086 29.0 26.0 30.0 26.0 29.0 25.0 30.0 25.0
1087 30.0 26.0 31.0 26.0 30.0 25.0 31.0 25.0
1088 31.0 26.0 32.0 26.0 31.0 25.0 32.0 25.0
1089 32.0 26.0 33.0 26.0 32.0 25.0 33.0 25.0
1090 33.0 26.0 34.0 26.0 33.0 25.0 34.0 25.0
1091 34.0 26.0 35.0 26.0 34.0 25.0 35.0 25.0
1092 35.0 26.0 36.0 26.0 35.0 25.0 36.0 25.0
1093 36.0 26.0 37.0 26.0 36.0 25.0 37.0 25.0
1094 37.0 26.0 38.0 26.0 37.0 25.0 38.0 25.0
1095 38.0 26.0 39.0 26.0 38.0 25.0 39.0 25.0
1096 39.0 26.0 40.0 26.0 39.0 25.0 40.0 25.0
1097 40.0 26.0 41.0 26.0 40.0 25.0 41.0 25.0
1098 41.0 26.0 42.0 26.0 41.0 25.0 42.0 25.0
1099 42.0 26.0 43.0 26.0 42.0 25.0 43.0 25.0
1100 43.0 26.0 44.0 26.0 43.0 25.0 44.0 25.0
1101 44.0 26.0 45.0 26.0 44.0 25.0 45.0 25.0
1102 45.0 26.0 46.0 26.0 45.0 25.0 46.0 25.0
1103 46.0 26.0 47.0 26.0 46.0 25.0 47.0 25.0
1104 47.0 26.0 48.0 26.0 47.0 25.0 48.0 25.0
1105 0.0 25.0 1.0 25.0 0.0 24.0 1.0 24.0
1106 1.0 25.0 2.0 25.0 1.0 24.0 2.0 24.0
1107 2.0 25.0 3.0 25.0 2.0 24.0 3.0 24.0
1108 3.0 25.0 4.0 25.0 3.0 24.0 4.0 24.0
1109 4.0 25.0 5.0 25.0 4.0 24.0 5.0 24.0
1110 5.0 25.0 6.0 25.0 5.0 24.0 6.0 24.0
1111 6.0 25.0 7.0 25.0 6.0 24.0 7.0 24.0
1112 7.0 25.0 8.0 25.0 7.0 24.0 8.0 24.0
1113 8.0 25.0 9.0 25.0 8.0 24.0 9.0 24.0
1114 9.0 25.0 10.0 25.0 9.0 24.0 10.0 24.0
1115 10.0 25.0 11.0 25.0 10.0 24.0 11.0 24.0
1116 11.0 25.0 12.0 25.0 11.0 24.0 12.0 24.0
1117 12.0 25.0 13.0 25.0 12.0 24.0 13.0 24.0
1118 13.0 25.0 14.0 25.0 13.0 24.0 14.0 24.0
1119 14.0 25.0 15.0 25.0 14.0 24.0 15.0 24.0
1120 15.0 25.0 16.0 25.0 15.0 24.0 16.0 24.0
1121 16.0 25.0 17.0 25.0 16.0 24.0 17.0 24.0
1122 17.0 25.0 18.0 25.0 17.0 24.0 18.0 24.0
1123 18.0 25.0 19.0 25.0 18.0 24.0 19.0 24.0
1124 19.0 25.0 20.0 25.0 19.0 24.0 20.0 24.0
1125 20.0 25.0 21.0 25.0 20.0 24.0 21.0 24.0
1126 21.0 25.0 22.0 25.0 21.0 24.0 22.0 24.0
1127 22.0 25.0 23.0 25.0 22.0 24.0 23.0 24.0
1128 23.0 25.0 24.0 25.0 23.0 24.0 24.0 24.0
1129 24.0 25.0 25.0 25.0 24.0 24.0 25.0 24.0
1130 25.0 25.0 26.0 25.0 25.0 24.0 26.0 24.0
1131 26.0 25.0 27.0 25.0 26.0 24.0 27.0 24.0
1132 27.0 25.0 28.0 25.0 27.0 24.0 28.0 24.0
1133 28.0 25.0 29.0 25.0 28.0 24.0 29.0 24.0
1134 29.0 25.0 30.0 25.0 29.0 24.0 30.0 24.0
1135 30.0 25.0 31.0 25.0 30.0 24.0 31.0 24.0
1136 31.0 25.0 32.0 25.0 31.0 24.0 32.0 24.0
1137 32.0 25.0 33.0 25.0 32.0 24.0 33.0 24.0
1138 33.0 25.0 34.0 25.0 33.0 24.0 34.0 24.0
1139 34.0 25.0 35.0 25.0 34.0 24.0 35.0 24.0
1140 35.0 25.0 36.0 25.0 35.0 24.0 36.0 24.0
1141 36.0 25.0 37.0 25.0 36.0 24.0 37.0 24.0
1142 37.0 25.0 38.0 25.0 37.0 24.0 38.0 24.0
1143 38.0 25.0 39.0 25.0 38.0 24.0 39.0 24.0
1144 39.0 25.0 40.0 25.0 39.0 24.0 40.0 24.0
1145 40.0 25.0 41.0 25.0 40.0 24.0 41.0 24.0
1146 41.0 25.0 42.0 25.0 41.0 24.0 42.0 24.0
1147 42.0 25.0 43.0 25.0 42.0 24.0 43.0 24.0
1148 43.0 25.0 44.0 25.0 43.0 24.0 44.0 24.0
1149 44.0 25.0 45.0 25.0 44.0 24.0 45.0 24.0
1150 45.0 25.0 46.0 25.0 45.0 24.0 46.0 24.0
1151 46.0 25.0 47.0 25.0 46.0 24.0 47.0 24.0
1152 47.0 25.0 48.0 25.0 47.0 24.0 48.0 24.0
1153 0.0 24.0 1.0 24.0 0.0 23.0 1.0 23.0
1154 1.0 24.0 2.0 24.0 1.0 23.0 2.0 23.0
1155 2.0 24.0 3.0 24.0 2.0 23.0 3.0 23.0
1156 3.0 24.0 4.0 24.0 3.0 23.0 4.0 23.0
1157 4.0 24.0 5.0 24.0 4.0 23.0 5.0 23.0
1158 5.0 24.0 6.0 24.0 5.0 23.0 6.0 23.0
1159 6.0 24.0 7.0 24.0 6.0 23.0 7.0 23.0
1160 7.0 24.0 8.0 24.0 7.0 23.0 8.0 23.0
1161 8.0 24.0 9.0 24.0 8.0 23.0 9.0 23.0
1162 9.0 24.0 10.0 24.0 9.0 23.0 10.0 23.0
1163 10.0 24.0 11.0 24.0 10.0 23.0 11.0 23.0
1164 11.0 24.0 12.0 24.0 11.0 23.0 12.0 23.0
1165 12.0 24.0 13.0 24.0 12.0 23.0 13.0 23.0
1166 13.0 24.0 14.0 24.0 13.0 23.0 14.0 23.0
1167 14.0 24.0 15.0 24.0 14.0 23.0 15.0 23.0
1168 15.0 24.0 16.0 24.0 15.0 23.0 16.0 23.0
1169 16.0 24.0 17.0 24.0 16.0 23.0 17.0 23.0
1170 17.0 24.0 18.0 24.0 17.0 23.0 18.0 23.0
1171 18.0 24.0 19.0 24.0 18.0 23.0 19.0 23.0
1172 19.0 24.0 20.0 24.0 19.0 23.0 20.0 23.0
1173 20.0 24.0 21.0 24.0 20.0 23.0 21.0 23.0
1174 21.0 24.0 22.0 24.0 21.0 23.0 22.0 23.0
1175 22.0 24.0 23.0 24.0 22.0 23.0 23.0 23.0
1176 23.0 24.0 24.0 24.0 23.0 23.0 24.0 23.0
1177 24.0 24.0 25.0 24.0 24.0 23.0 25.0 23.0
1178 25.0 24.0 26.0 24.0 25.0 23.0 26.0 23.0
1179 26.0 24.0 27.0 24.0 26.0 23.0 27.0 23.0
1180 27.0 24.0 28.0 24.0 27.0 23.0 28.0 23.0
1181 28.0 24.0 29.0 24.0 28.0 23.0 29.0 23.0
1182 29.0 24.0 30.0 24.0 29.0 23.0 30.0 23.0
1183 30.0 24.0 31.0 24.0 30.0 23.0 31.0 23.0
1184 31.0 24.0 32.0 24.0 31.0 23.0 32.0 23.0
1185 32.0 24.0 33.0 24.0 32.0 23.0 33.0 23.0
1186 33.0 24.0 34.0 24.0 33.0 23.0 34.0 23.0
1187 34.0 24.0 35.0 24.0 34.0 23.0 35.0 23.0
1188 35.0 24.0 36.0 24.0 35.0 23.0 36.0 23.0
1189 36.0 24.0 37.0 24.0 36.0 23.0 37.0 23.0
1190 37.0 24.0 38.0 24.0 37.0 23.0 38.0 23.0
1191 38.0 24.0 39.0 24.0 38.0 23.0 39.0 23.0
1192 39.0 24.0 40.0 24.0 39.0 23.0 40.0 23.0
1193 40.0 24.0 41.0 24.0 40.0 23.0 41.0 23.0
1194 41.0 24.0 42.0 24.0 41.0 23.0 42.0 23.0
1195 42.0 24.0 43.0 24.0 42.0 23.0 43.0 23.0
1196 43.0 24.0 44.0 24.0 43.0 23.0 44.0 23.0
1197 44.0 24.0 45.0 24.0 44.0 23.0 45.0 23.0
1198 45.0 24.0 46.0 24.0 45.0 23.0 46.0 23.0
1199 46.0 24.0 47.0 24.0 46.0 23.0 47.0 23.0
1200 47.0 24.0 48.0 24.0 47.0 23.0 48.0 23.0
1201 0.0 23.0 1.0 23.0 0.0 22.0 1.0 22.0
1202 1.0 23.0 2.0 23.0 1.0 22.0 2.0 22.0
1203 2.0 23.0 3.0 23.0 2.0 22.0 3.0 22.0
1204 3.0 23.0 4.0 23.0 3.0 22.0 4.0 22.0
1205 4.0 23.0 5.0 23.0 4.0 22.0 5.0 22.0
1206 5.0 23.0 6.0 23.0 5.0 22.0 6.0 22.0
1207 6.0 23.0 7.0 23.0 6.0 22.0 7.0 22.0
1208 7.0 23.0 8.0 23.0 7.0 22.0 8.0 22.0
1209 8.0 23.0 9.0 23.0 8.0 22.0 9.0 22.0
1210 9.0 23.0 10.0 23.0 9.0 22.0 10.0 22.0
1211 10.0 23.0 11.0 23.0 10.0 22.0 11.0 22.0
1212 11.0 23.0 12.0 23.0 11.0 22.0 12.0 22.0
1213 12.0 23.0 13.0 23.0 12.0 22.0 13.0 22.0
1214 13.0 23.0 14.0 23.0 13.0 22.0 14.0 22.0
1215 14.0 23.0 15.0 23.0 14.0 22.0 15.0 22.0
1216 15.0 23.0 16.0 23.0 15.0 22.0 16.0 22.0
1217 16.0 23.0 17.0 23.0 16.0 22.0 17.0 22.0
1218 17.0 23.0 18.0 23.0 17.0 22.0 18.0 22.0
1219 18.0 23.0 19.0 23.0 18.0 22.0 19.0 22.0
1220 19.0 23.0 20.0 23.0 19.0 22.0 20.0 22.0
1221 20.0 23.0 21.0 23.0 20.0 22.0 21.0 22.0
1222 21.0 23.0 22.0 23.0 21.0 22.0 22.0 22.0
1223 22.0 23.0 23.0 23.0 22.0 22.0 23.0 22.0
1224 23.0 23.0 24.0 23.0 23.0 22.0 24.0 22.0
1225 24.0 23.0 25.0 23.0 24.0 22.0 25.0 22.0
1226 25.0 23.0 26.0 23.0 25.0 22.0 26.0 22.0
1227 26.0 23.0 27.0 23.0 26.0 22.0 27.0 22.0
1228 27.0 23.0 28.0 23.0 27.0 22.0 28.0 22.0
1229 28.0 23.0 29.0 23.0 28.0 22.0 29.0 22.0
1230 29.0 23.0 30.0 23.0 29.0 22.0 30.0 22.0
1231 30.0 23.0 31.0 23.0 30.0 22.0 31.0 22.0
1232 31.0 23.0 32.0 23.0 31.0 22.0 32.0 22.0
1233 32.0 23.0 33.0 23.0 32.0 22.0 33.0 22.0
1234 33.0 23.0 34.0 23.0 33.0 22.0 34.0 22.0
1235 34.0 23.0 35.0 23.0 34.0 22.0 35.0 22.0
1236 35.0 23.0 36.0 23.0 35.0 22.0 36.0 22.0
1237 36.0 23.0 37.0 23.0 36.0 22.0 37.0 22.0
1238 37.0 23.0 38.0 23.0 37.0 22.0 38.0 22.0
1239 38.0 23.0 39.0 23.0 38.0 22.0 39.0 22.0
1240 39.0 23.0 40.0 23.0 39.0 22.0 40.0 22.0
1241 40.0 23.0 41.0 23.0 40.0 22.0 41.0 22.0
1242 41.0 23.0 42.0 23.0 41.0 22.0 42.0 22.0
1243 42.0 23.0 43.0 23.0 42.0 22.0 43.0 22.0
1244 43.0 23.0 44.0 23.0 43.0 22.0 44.0 22.0
1245 44.0 23.0 45.0 23.0 44.0 22.0 45.0 22.0
1246 45.0 23.0 46.0 23.0 45.0 22.0 46.0 22.0
1247 46.0 23.0 47.0 23.0 46.0 22.0 47.0 22.0
1248 47.0 23.0 48.0 23.0 47.0 22.0 48.0 22.0
1249 0.0 22.0 1.0 22.0 0.0 21.0 1.0 21.0
1250 1.0 22.0 2.0 22.0 1.0 21.0 2.0 21.0
1251 2.0 22.0 3.0 22.0 2.0 21.0 3.0 21.0
1252 3.0 22.0 4.0 22.0 3.0 21.0 4.0 21.0
1253 4.0 22.0 5.0 22.0 4.0 21.0 5.0 21.0
1254 5.0 22.0 6.0 22.0 5.0 21.0 6.0 21.0
1255 6.0 22.0 7.0 22.0 6.0 21.0 7.0 21.0
1256 7.0 22.0 8.0 22.0 7.0 21.0 8.0 21.0
1257 8.0 22.0 9.0 22.0 8.0 21.0 9.0 21.0
1258 9.0 22.0 10.0 22.0 9.0 21.0 10.0 21.0
1259 10.0 22.0 11.0 22.0 10.0 21.0 11.0 21.0
1260 11.0 22.0 12.0 22.0 11.0 21.0 12.0 21.0
1261 12.0 22.0 13.0 22.0 12.0 21.0 13.0 21.0
1262 13.0 22.0 14.0 22.0 13.0 21.0 14.0 21.0
1263 14.0 22.0 15.0 22.0 14.0 21.0 15.0 21.0
1264 15.0 22.0 16.0 22.0 15.0 21.0 16.0 21.0
1265 16.0 22.0 17.0 22.0 16.0 21.0 17.0 21.0
1266 17.0 22.0 18.0 22.0 17.0 21.0 18.0 21.0
1267 18.0 22.0 19.0 22.0 18.0 21.0 19.0 21.0
1268 19.0 22.0 20.0 22.0 19.0 21.0 20.0 21.0
1269 20.0 22.0 21.0 22.0 20.0 21.0 21.0 21.0
1270 21.0 22.0 22.0 22.0 21.0 21.0 22.0 21.0
1271 22.0 22.0 23.0 22.0 22.0 21.0 23.0 21.0
1272 23.0 22.0 24.0 22.0 23.0 21.0 24.0 21.0
1273 24.0 22.0 25.0 22.0 24.0 21.0 25.0 21.0
1274 25.0 22.0 26.0 22.0 25.0 21.0 26.0 21.0
1275 26.0 22.0 27.0 22.0 26.0 21.0 27.0 21.0
1276 27.0 22.0 28.0 22.0 27.0 21.0 28.0 21.0
1277 28.0 22.0 29.0 22.0 28.0 21.0 29.0 21.0
1278 29.0 22.0 30.0 22.0 29.0 21.0 30.0 21.0
1279 30.0 22.0 31.0 22.0 30.0 21.0 31.0 21.0
1280 31.0 22.0 32.0 22.0 31.0 21.0 32.0 21.0
1281 32.0 22.0 33.0 22.0 32.0 21.0 33.0 21.0
1282 33.0 22.0 34.0 22.0 33.0 21.0 34.0 21.0
1283 34.0 22.0 35.0 22.0 34.0 21.0 35.0 21.0
1284 35.0 22.0 36.0 22.0 35.0 21.0 36.0 21.0
1285 36.0 22.0 37.0 22.0 36.0 21.0 37.0 21.0
1286 37.0 22.0 38.0 22.0 37.0 21.0 38.0 21.0
1287 38.0 22.0 39.0 22.0 38.0 21.0 39.0 21.0
1288 39.0 22.0 40.0 22.0 39.0 21.0 40.0 21.0
1289 40.0 22.0 41.0 22.0 40.0 21.0 41.0 21.0
1290 41.0 22.0 42.0 22.0 41.0 21.0 42.0 21.0
1291 42.0 22.0 43.0 22.0 42.0 21.0 43.0 21.0
1292 43.0 22.0 44.0 22.0 43.0 21.0 44.0 21.0
1293 44.0 22.0 45.0 22.0 44.0 21.0 45.0 21.0
1294 45.0 22.0 46.0 22.0 45.0 21.0 46.0 21.0
1295 46.0 22.0 47.0 22.0 46.0 21.0 47.0 21.0
1296 47.0 22.0 48.0 22.0 47.0 21.0 48.0 21.0
1297 0.0 21.0 1.0 21.0 0.0 20.0 1.0 20.0
1298 1.0 21.0 2.0 21.0 1.0 20.0 2.0 20.0
1299 2.0 21.0 3.0 21.0 2.0 20.0 3.0 20.0
1300 3.0 21.0 4.0 21.0 3.0 20.0 4.0 20.0
1301 4.0 21.0 5.0 21.0 4.0 20.0 5.0 20.0
1302 5.0 21.0 6.0 21.0 5.0 20.0 6.0 20.0
1303 6.0 21.0 7.0 21.0 6.0 20.0 7.0 20.0
1304 7.0 21.0 8.0 21.0 7.0 20.0 8.0 20.0
1305 8.0 21.0 9.0 21.0 8.0 20.0 9.0 20.0
1306 9.0 21.0 10.0 21.0 9.0 20.0 10.0 20.0
1307 10.0 21.0 11.0 21.0 10.0 20.0 11.0 20.0
1308 11.0 21.0 12.0 21.0 11.0 20.0 12.0 20.0
1309 12.0 21.0 13.0 21.0 12.0 20.0 13.0 20.0
1310 13.0 21.0 14.0 21.0 13.0 20.0 14.0 20.0
1311 14.0 21.0 15.0 21.0 14.0 20.0 15.0 20.0
1312 15.0 21.0 16.0 21.0 15.0 20.0 16.0 20.0
1313 16.0 21.0 17.0 21.0 16.0 20.0 17.0 20.0
1314 17.0 21.0 18.0 21.0 17.0 20.0 18.0 20.0
1315 18.0 21.0 19.0 21.0 18.0 20.0 19.0 20.0
1316 19.0 21.0 20.0 21.0 19.0 20.0 20.0 20.0
1317 20.0 21.0 21.0 21.0 20.0 20.0 21.0 20.0
1318 21.0 21.0 22.0 21.0 21.0 20.0 22.0 20.0
1319 22.0 21.0 23.0 21.0 22.0 20.0 23.0 20.0
1320 23.0 21.0 24.0 21.0 23.0 20.0 24.0 20.0
1321 24.0 21.0 25.0 21.0 24.0 20.0 25.0 20.0
1322 25.0 21.0 26.0 21.0 25.0 20.0 26.0 20.0
1323 26.0 21.0 27.0 21.0 26.0 20.0 27.0 20.0
1324 27.0 21.0 28.0 21.0 27.0 20.0 28.0 20.0
1325 28.0 21.0 29.0 21.0 28.0 20.0 29.0 20.0
1326 29.0 21.0 30.0 21.0 29.0 20.0 30.0 20.0
1327 30.0 21.0 31.0 21.0 30.0 20.0 31.0 20.0
1328 31.0 21.0 32.0 21.0 31.0 20.0 32.0 20.0
1329 32.0 21.0 33.0 21.0 32.0 20.0 33.0 20.0
1330 33.0 21.0 34.0 21.0 33.0 20.0 34.0 20.0
1331 34.0 21.0 35.0 21.0 34.0 20.0 35.0 20.0
1332 35.0 21.0 36.0 21.0 35.0 20.0 36.0 20.0
1333 36.0 21.0 37.0 21.0 36.0 20.0 37.0 20.0
1334 37.0 21.0 38.0 21.0 37.0 20.0 38.0 20.0
1335 38.0 21.0 39.0 21.0 38.0 20.0 39.0 20.0
1336 39.0 21.0 40.0 21.0 39.0 20.0 40.0 20.0
1337 40.0 21.0 41.0 21.0 40.0 20.0 41.0 20.0
1338 41.0 21.0 42.0 21.0 41.0 20.0 42.0 20.0
1339 42.0 21.0 43.0 21.0 42.0 20.0 43.0 20.0
1340 43.0 21.0 44.0 21.0 43.0 20.0 44.0 20.0
1341 44.0 21.0 45.0 21.0 44.0 20.0 45.0 20.0
1342 45.0 21.0 46.0 21.0 45.0 20.0 46.0 20.0
1343 46.0 21.0 47.0 21.0 46.0 20.0 47.0 20.0
1344 47.0 21.0 48.0 21.0 47.0 20.0 48.0 20.0
1345 0.0 20.0 1.0 20.0 0.0 19.0 1.0 19.0
1346 1.0 20.0 2.0 20.0 1.0 19.0 2.0 19.0
1347 2.0 20.0 3.0 20.0 2.0 19.0 3.0 19.0
1348 3.0 20.0 4.0 20.0 3.0 19.0 4.0 19.0
1349 4.0 20.0 5.0 20.0 4.0 19.0 5.0 19.0
1350 5.0 20.0 6.0 20.0 5.0 19.0 6.0 19.0
1351 6.0 20.0 7.0 20.0 6.0 19.0 7.0 19.0
1352 7.0 20.0 8.0 20.0 7.0 19.0 8.0 19.0
1353 8.0 20.0 9.0 20.0 8.0 19.0 9.0 19.0
1354 9.0 20.0 10.0 20.0 9.0 19.0 10.0 19.0
1355 10.0 20.0 11.0 20.0 10.0 19.0 11.0 19.0
1356 11.0 20.0 12.0 20.0 11.0 19.0 12.0 19.0
1357 12.0 20.0 13.0 20.0 12.0 19.0 13.0 19.0
1358 13.0 20.0 14.0 20.0 13.0 19.0 14.0 19.0
1359 14.0 20.0 15.0 20.0 14.0 19.0 15.0 19.0
1360 15.0 20.0 16.0 20.0 15.0 19.0 16.0 19.0
1361 16.0 20.0 17.0 20.0 16.0 19.0 17.0 19.0
1362 17.0 20.0 18.0 20.0 17.0 19.0 18.0 19.0
1363 18.0 20.0 19.0 20.0 18.0 19.0 19.0 19.0
1364 19.0 20.0 20.0 20.0 19.0 19.0 20.0 19.0
1365 20.0 20.0 21.0 20.0 20.0 19.0 21.0 19.0
1366 21.0 20.0 22.0 20.0 21.0 19.0 22.0 19.0
1367 22.0 20.0 23.0 20.0 22.0 19.0 23.0 19.0
1368 23.0 20.0 24.0 20.0 23.0 19.0 24.0 19.0
1369 24.0 20.0 25.0 20.0 24.0 19.0 25.0 19.0
1370 25.0 20.0 26.0 20.0 25.0 19.0 26.0 19.0
1371 26.0 20.0 27.0 20.0 26.0 19.0 27.0 19.0
1372 27.0 20.0 28.0 20.0 27.0 19.0 28.0 19.0
1373 28.0 20.0 29.0 20.0 28.0 19.0 29.0 19.0
1374 29.0 20.0 30.0 20.0 29.0 19.0 30.0 19.0
1375 30.0 20.0 31.0 20.0 30.0 19.0 31.0 19.0
1376 31.0 20.0 32.0 20.0 31.0 19.0 32.0 19.0
1377 32.0 20.0 33.0 20.0 32.0 19.0 33.0 19.0
1378 33.0 20.0 34.0 20.0 33.0 19.0 34.0 19.0
1379 34.0 20.0 35.0 20.0 34.0 19.0 35.0 19.0
1380 35.0 20.0 36.0 20.0 35.0 19.0 36.0 19.0
1381 36.0 20.0 37.0 20.0 36.0 19.0 37.0 19.0
1382 37.0 20.0 38.0 20.0 37.0 19.0 38.0 19.0
1383 38.0 20.0 39.0 20.0 38.0 19.0 39.0 19.0
1384 39.0 20.0 40.0 20.0 39.0 19.0 40.0 19.0
1385 40.0 20.0 41.0 20.0 40.0 19.0 41.0 19.0
1386 41.0 20.0 42.0 20.0 41.0 19.0 42.0 19.0
1387 42.0 20.0 43.0 20.0 42.0 19.0 43.0 19.0
1388 43.0 20.0 44.0 20.0 43.0 19.0 44.0 19.0
1389 44.0 20.0 45.0 20.0 44.0 19.0 45.0 19.0
1390 45.0 20.0 46.0 20.0 45.0 19.0 46.0 19.0
1391 46.0 20.0 47.0 20.0 46.0 19.0 47.0 19.0
1392 47.0 20.0 48.0 20.0 47.0 19.0 48.0 19.0
1393 0.0 19.0 1.0 19.0 0.0 18.0 1.0 18.0
1394 1.0 19.0 2.0 19.0 1.0 18.0 2.0 18.0
1395 2.0 19.0 3.0 19.0 2.0 18.0 3.0 18.0
1396 3.0 19.0 4.0 19.0 3.0 18.0 4.0 18.0
1397 4.0 19.0 5.0 19.0 4.0 18.0 5.0 18.0
1398 5.0 19.0 6.0 19.0 5.0 18.0 6.0 18.0
1399 6.0 19.0 7.0 19.0 6.0 18.0 7.0 18.0
1400 7.0 19.0 8.0 19.0 7.0 18.0 8.0 18.0
1401 8.0 19.0 9.0 19.0 8.0 18.0 9.0 18.0
1402 9.0 19.0 10.0 19.0 9.0 18.0 10.0 18.0
1403 10.0 19.0 11.0 19.0 10.0 18.0 11.0 18.0
1404 11.0 19.0 12.0 19.0 11.0 18.0 12.0 18.0
1405 12.0 19.0 13.0 19.0 12.0 18.0 13.0 18.0
1406 13.0 19.0 14.0 19.0 13.0 18.0 14.0 18.0
1407 14.0 19.0 15.0 19.0 14.0 18.0 15.0 18.0
1408 15.0 19.0 16.0 19.0 15.0 18.0 16.0 18.0
1409 16.0 19.0 17.0 19.0 16.0 18.0 17.0 18.0
1410 17.0 19.0 18.0 19.0 17.0 18.0 18.0 18.0
1411 18.0 19.0 19.0 19.0 18.0 18.0 19.0 18.0
1412 19.0 19.0 20.0 19.0 19.0 18.0 20.0 18.0
1413 20.0 19.0 21.0 19.0 20.0 18.0 21.0 18.0
1414 21.0 19.0 22.0 19.0 21.0 18.0 22.0 18.0
1415 22.0 19.0 23.0 19.0 22.0 18.0 23.0 18.0
1416 23.0 19.0 24.0 19.0 23.0 18.0 24.0 18.0
1417 24.0 19.0 25.0 19.0 24.0 18.0 25.0 18.0
1418 25.0 19.0 26.0 19.0 25.0 18.0 26.0 18.0
1419 26.0 19.0 27.0 19.0 26.0 18.0 27.0 18.0
1420 27.0 19.0 28.0 19.0 27.0 18.0 28.0 18.0
1421 28.0 19.0 29.0 19.0 28.0 18.0 29.0 18.0
1422 29.0 19.0 30.0 19.0 29.0 18.0 30.0 18.0
1423 30.0 19.0 31.0 19.0 30.0 18.0 31.0 18.0
1424 31.0 19.0 32.0 19.0 31.0 18.0 32.0 18.0
1425 32.0 19.0 33.0 19.0 32.0 18.0 33.0 18.0
1426 33.0 19.0 34.0 19.0 33.0 18.0 34.0 18.0
1427 34.0 19.0 35.0 19.0 34.0 18.0 35.0 18.0
1428 35.0 19.0 36.0 19.0 35.0 18.0 36.0 18.0
1429 36.0 19.0 37.0 19.0 36.0 18.0 37.0 18.0
1430 37.0 19.0 38.0 19.0 37.0 18.0 38.0 18.0
1431 38.0 19.0 39.0 19.0 38.0 18.0 39.0 18.0
1432 39.0 19.0 40.0 19.0 39.0 18.0 40.0 18.0
1433 40.0 19.0 41.0 19.0 40.0 18.0 41.0 18.0
1434 41.0 19.0 42.0 19.0 41.0 18.0 42.0 18.0
1435 42.0 19.0 43.0 19.0 42.0 18.0 43.0 18.0
1436 43.0 19.0 44.0 19.0 43.0 18.0 44.0 18.0
1437 44.0 19.0 45.0 19.0 44.0 18.0 45.0 18.0
1438 45.0 19.0 46.0 19.0 45.0 18.0 46.0 18.0
1439 46.0 19.0 47.0 19.0 46.0 18.0 47.0 18.0
1440 47.0 19.0 48.0 19.0 47.0 18.0 48.0 18.0
1441 0.0 18.0 1.0 18.0 0.0 17.0 1.0 17.0
1442 1.0 18.0 2.0 18.0 1.0 17.0 2.0 17.0
1443 2.0 18.0 3.0 18.0 2.0 17.0 3.0 17.0
1444 3.0 18.0 4.0 18.0 3.0 17.0 4.0 17.0
1445 4.0 18.0 5.0 18.0 4.0 17.0 5.0 17.0
1446 5.0 18.0 6.0 18.0 5.0 17.0 6.0 17.0
1447 6.0 18.0 7.0 18.0 6.0 17.0 7.0 17.0
1448 7.0 18.0 8.0 18.0 7.0 17.0 8.0 17.0
1449 8.0 18.0 9.0 18.0 8.0 17.0 9.0 17.0
1450 9.0 18.0 10.0 18.0 9.0 17.0 10.0 17.0
1451 10.0 18.0 11.0 18.0 10.0 17.0 11.0 17.0
1452 11.0 18.0 12.0 18.0 11.0 17.0 12.0 17.0
1453 12.0 18.0 13.0 18.0 12.0 17.0 13.0 17.0
1454 13.0 18.0 14.0 18.0 13.0 17.0 14.0 17.0
1455 14.0 18.0 15.0 18.0 14.0 17.0 15.0 17.0
1456 15.0 18.0 16.0 18.0 15.0 17.0 16.0 17.0
1457 16.0 18.0 17.0 18.0 16.0 17.0 17.0 17.0
1458 17.0 18.0 18.0 18.0 17.0 17.0 18.0 17.0
1459 18.0 18.0 19.0 18.0 18.0 17.0 19.0 17.0
1460 19.0 18.0 20.0 18.0 19.0 17.0 20.0 17.0
1461 20.0 18.0 21.0 18.0 20.0 17.0 21.0 17.0
1462 21.0 18.0 22.0 18.0 21.0 17.0 22.0 17.0
1463 22.0 18.0 23.0 18.0 22.0 17.0 23.0 17.0
1464 23.0 18.0 24.0 18.0 23.0 17.0 24.0 17.0
1465 24.0 18.0 25.0 18.0 24.0 17.0 25.0 17.0
1466 25.0 18.0 26.0 18.0 25.0 17.0 26.0 17.0
1467 26.0 18.0 27.0 18.0 26.0 17.0 27.0 17.0
1468 27.0 18.0 28.0 18.0 27.0 17.0 28.0 17.0
1469 28.0 18.0 29.0 18.0 28.0 17.0 29.0 17.0
1470 29.0 18.0 30.0 18.0 29.0 17.0 30.0 17.0
1471 30.0 18.0 31.0 18.0 30.0 17.0 31.0 17.0
1472 31.0 18.0 32.0 18.0 31.0 17.0 32.0 17.0
1473 32.0 18.0 33.0 18.0 32.0 17.0 33.0 17.0
1474 33.0 18.0 34.0 18.0 33.0 17.0 34.0 17.0
1475 34.0 18.0 35.0 18.0 34.0 17.0 35.0 17.0
1476 35.0 18.0 36.0 18.0 35.0 17.0 36.0 17.0
1477 36.0 18.0 37.0 18.0 36.0 17.0 37.0 17.0
1478 37.0 18.0 38.0 18.0 37.0 17.0 38.0 17.0
1479 38.0 18.0 39.0 18.0 38.0 17.0 39.0 17.0
1480 39.0 18.0 40.0 18.0 39.0 17.0 40.0 17.0
1481 40.0 18.0 41.0 18.0 40.0 17.0 41.0 17.0
1482 41.0 18.0 42.0 18.0 41.0 17.0 42.0 17.0
1483 42.0 18.0 43.0 18.0 42.0 17.0 43.0 17.0
1484 43.0 18.0 44.0 18.0 43.0 17.0 44.0 17.0
1485 44.0 18.0 45.0 18.0 44.0 17.0 45.0 17.0
1486 45.0 18.0 46.0 18.0 45.0 17.0 46.0 17.0
1487 46.0 18.0 47.0 18.0 46.0 17.0 47.0 17.0
1488 47.0 18.0 48.0 18.0 47.0 17.0 48.0 17.0
1489 0.0 17.0 1.0 17.0 0.0 16.0 1.0 16.0
1490 1.0 17.0 2.0 17.0 1.0 16.0 2.0 16.0
1491 2.0 17.0 3.0 17.0 2.0 16.0 3.0 16.0
1492 3.0 17.0 4.0 17.0 3.0 16.0 4.0 16.0
1493 4.0 17.0 5.0 17.0 4.0 16.0 5.0 16.0
1494 5.0 17.0 6.0 17.0 5.0 16.0 6.0 16.0
1495 6.0 17.0 7.0 17.0 6.0 16.0 7.0 16.0
1496 7.0 17.0 8.0 17.0 7.0 16.0 8.0 16.0
1497 8.0 17.0 9.0 17.0 8.0 16.0 9.0 16.0
1498 9.0 17.0 10.0 17.0 9.0 16.0 10.0 16.0
1499 10.0 17.0 11.0 17.0 10.0 16.0 11.0 16.0
1500 11.0 17.0 12.0 17.0 11.0 16.0 12.0 16.0
1501 12.0 17.0 13.0 17.0 12.0 16.0 13.0 16.0
1502 13.0 17.0 14.0 17.0 13.0 16.0 14.0 16.0
1503 14.0 17.0 15.0 17.0 14.0 16.0 15.0 16.0
1504 15.0 17.0 16.0 17.0 15.0 16.0 16.0 16.0
1505 16.0 17.0 17.0 17.0 16.0 16.0 17.0 16.0
1506 17.0 17.0 18.0 17.0 17.0 16.0 18.0 16.0
1507 18.0 17.0 19.0 17.0 18.0 16.0 19.0 16.0
1508 19.0 17.0 20.0 17.0 19.0 16.0 20.0 16.0
1509 20.0 17.0 21.0 17.0 20.0 16.0 21.0 16.0
1510 21.0 17.0 22.0 17.0 21.0 16.0 22.0 16.0
1511 22.0 17.0 23.0 17.0 22.0 16.0 23.0 16.0
1512 23.0 17.0 24.0 17.0 23.0 16.0 24.0 16.0
1513 24.0 17.0 25.0 17.0 24.0 16.0 25.0 16.0
1514 25.0 17.0 26.0 17.0 25.0 16.0 26.0 16.0
1515 26.0 17.0 27.0 17.0 26.0 16.0 27.0 16.0
1516 27.0 17.0 28.0 17.0 27.0 16.0 28.0 16.0
1517 28.0 17.0 29.0 17.0 28.0 16.0 29.0 16.0
1518 29.0 17.0 30.0 17.0 29.0 16.0 30.0 16.0
1519 30.0 17.0 31.0 17.0 30.0 16.0 31.0 16.0
1520 31.0 17.0 32.0 17.0 31.0 16.0 32.0 16.0
1521 32.0 17.0 33.0 17.0 32.0 16.0 33.0 16.0
1522 33.0 17.0 34.0 17.0 33.0 16.0 34.0 16.0
1523 34.0 17.0 35.0 17.0 34.0 16.0 35.0 16.0
1524 35.0 17.0 36.0 17.0 35.0 16.0 36.0 16.0
1525 36.0 17.0 37.0 17.0 36.0 16.0 37.0 16.0
1526 37.0 17.0 38.0 17.0 37.0 16.0 38.0 16.0
1527 38.0 17.0 39.0 17.0 38.0 16.0 39.0 16.0
1528 39.0 17.0 40.0 17.0 39.0 16.0 40.0 16.0
1529 40.0 17.0 41.0 17.0 40.0 16.0 41.0 16.0
1530 41.0 17.0 42.0 17.0 41.0 16.0 42.0 16.0
1531 42.0 17.0 43.0 17.0 42.0 16.0 43.0 16.0
1532 43.0 17.0 44.0 17.0 43.0 16.0 44.0 16.0
1533 44.0 17.0 45.0 17.0 44.0 16.0 45.0 16.0
1534 45.0 17.0 46.0 17.0 45.0 16.0 46.0 16.0
1535 46.0 17.0 47.0 17.0 46.0 16.0 47.0 16.0
1536 47.0 17.0 48.0 17.0 47.0 16.0 48.0 16.0
1537 0.0 16.0 1.0 16.0 0.0 15.0 1.0 15.0
1538 1.0 16.0 2.0 16.0 1.0 15.0 2.0 15.0
1539 2.0 16.0 3.0 16.0 2.0 15.0 3.0 15.0
1540 3.0 16.0 4.0 16.0 3.0 15.0 4.0 15.0
1541 4.0 16.0 5.0 16.0 4.0 15.0 5.0 15.0
1542 5.0 16.0 6.0 16.0 5.0 15.0 6.0 15.0
1543 6.0 16.0 7.0 16.0 6.0 15.0 7.0 15.0
1544 7.0 16.0 8.0 16.0 7.0 15.0 8.0 15.0
1545 8.0 16.0 9.0 16.0 8.0 15.0 9.0 15.0
1546 9.0 16.0 10.0 16.0 9.0 15.0 10.0 15.0
1547 10.0 16.0 11.0 16.0 10.0 15.0 11.0 15.0
1548 11.0 16.0 12.0 16.0 11.0 15.0 12.0 15.0
1549 12.0 16.0 13.0 16.0 12.0 15.0 13.0 15.0
1550 13.0 16.0 14.0 16.0 13.0 15.0 14.0 15.0
1551 14.0 16.0 15.0 16.0 14.0 15.0 15.0 15.0
1552 15.0 16.0 16.0 16.0 15.0 15.0 16.0 15.0
1553 16.0 16.0 17.0 16.0 16.0 15.0 17.0 15.0
1554 17.0 16.0 18.0 16.0 17.0 15.0 18.0 15.0
1555 18.0 16.0 19.0 16.0 18.0 15.0 19.0 15.0
1556 19.0 16.0 20.0 16.0 19.0 15.0 20.0 15.0
1557 20.0 16.0 21.0 16.0 20.0 15.0 21.0 15.0
1558 21.0 16.0 22.0 16.0 21.0 15.0 22.0 15.0
1559 22.0 16.0 23.0 16.0 22.0 15.0 23.0 15.0
1560 23.0 16.0 24.0 16.0 23.0 15.0 24.0 15.0
1561 24.0 16.0 25.0 16.0 24.0 15.0 25.0 15.0
1562 25.0 16.0 26.0 16.0 25.0 15.0 26.0 15.0
1563 26.0 16.0 27.0 16.0 26.0 15.0 27.0 15.0
1564 27.0 16.0 28.0 16.0 27.0 15.0 28.0 15.0
1565 28.0 16.0 29.0 16.0 28.0 15.0 29.0 15.0
1566 29.0 16.0 30.0 16.0 29.0 15.0 30.0 15.0
1567 30.0 16.0 31.0 16.0 30.0 15.0 31.0 15.0
1568 31.0 16.0 32.0 16.0 31.0 15.0 32.0 15.0
1569 32.0 16.0 33.0 16.0 32.0 15.0 33.0 15.0
1570 33.0 16.0 34.0 16.0 33.0 15.0 34.0 15.0
1571 34.0 16.0 35.0 16.0 34.0 15.0 35.0 15.0
1572 35.0 16.0 36.0 16.0 35.0 15.0 36.0 15.0
1573 36.0 16.0 37.0 16.0 36.0 15.0 37.0 15.0
1574 37.0 16.0 38.0 16.0 37.0 15.0 38.0 15.0
1575 38.0 16.0 39.0 16.0 38.0 15.0 39.0 15.0
1576 39.0 16.0 40.0 16.0 39.0 15.0 40.0 15.0
1577 40.0 16.0 41.0 16.0 40.0 15.0 41.0 15.0
1578 41.0 16.0 42.0 16.0 41.0 15.0 42.0 15.0
1579 42.0 16.0 43.0 16.0 42.0 15.0 43.0 15.0
1580 43.0 16.0 44.0 16.0 43.0 15.0 44.0 15.0
1581 44.0 16.0 45.0 16.0 44.0 15.0 45.0 15.0
1582 45.0 16.0 46.0 16.0 45.0 15.0 46.0 15.0
1583 46.0 16.0 47.0 16.0 46.0 15.0 47.0 15.0
1584 47.0 16.0 48.0 16.0 47.0 15.0 48.0 15.0
1585 0.0 15.0 1.0 15.0 0.0 14.0 1.0 14.0
1586 1.0 15.0 2.0 15.0 1.0 14.0 2.0 14.0
1587 2.0 15.0 3.0 15.0 2.0 14.0 3.0 14.0
1588 3.0 15.0 4.0 15.0 3.0 14.0 4.0 14.0
1589 4.0 15.0 5.0 15.0 4.0 14.0 5.0 14.0
1590 5.0 15.0 6.0 15.0 5.0 14.0 6.0 14.0
1591 6.0 15.0 7.0 15.0 6.0 14.0 7.0 14.0
1592 7.0 15.0 8.0 15.0 7.0 14.0 8.0 14.0
1593 8.0 15.0 9.0 15.0 8.0 14.0 9.0 14.0
1594 9.0 15.0 10.0 15.0 9.0 14.0 10.0 14.0
1595 10.0 15.0 11.0 15.0 10.0 14.0 11.0 14.0
1596 11.0 15.0 12.0 15.0 11.0 14.0 12.0 14.0
1597 12.0 15.0 13.0 15.0 12.0 14.0 13.0 14.0
1598 13.0 15.0 14.0 15.0 13.0 14.0 14.0 14.0
1599 14.0 15.0 15.0 15.0 14.0 14.0 15.0 14.0
1600 15.0 15.0 16.0 15.0 15.0 14.0 16.0 14.0
1601 16.0 15.0 17.0 15.0 16.0 14.0 17.0 14.0
1602 17.0 15.0 18.0 15.0 17.0 14.0 18.0 14.0
1603 18.0 15.0 19.0 15.0 18.0 14.0 19.0 14.0
1604 19.0 15.0 20.0 15.0 19.0 14.0 20.0 14.0
1605 20.0 15.0 21.0 15.0 20.0 14.0 21.0 14.0
1606 21.0 15.0 22.0 15.0 21.0 14.0 22.0 14.0
1607 22.0 15.0 23.0 15.0 22.0 14.0 23.0 14.0
1608 23.0 15.0 24.0 15.0 23.0 14.0 24.0 14.0
1609 24.0 15.0 25.0 15.0 24.0 14.0 25.0 14.0
1610 25.0 15.0 26.0 15.0 25.0 14.0 26.0 14.0
1611 26.0 15.0 27.0 15.0 26.0 14.0 27.0 14.0
1612 27.0 15.0 28.0 15.0 27.0 14.0 28.0 14.0
1613 28.0 15.0 29.0 15.0 28.0 14.0 29.0 14.0
1614 29.0 15.0 30.0 15.0 29.0 14.0 30.0 14.0
1615 30.0 15.0 31.0 15.0 30.0 14.0 31.0 14.0
1616 31.0 15.0 32.0 15.0 31.0 14.0 32.0 14.0
1617 32.0 15.0 33.0 15.0 32.0 14.0 33.0 14.0
1618 33.0 15.0 34.0 15.0 33.0 14.0 34.0 14.0
1619 34.0 15.0 35.0 15.0 34.0 14.0 35.0 14.0
1620 35.0 15.0 36.0 15.0 35.0 14.0 36.0 14.0
1621 36.0 15.0 37.0 15.0 36.0 14.0 37.0 14.0
1622 37.0 15.0 38.0 15.0 37.0 14.0 38.0 14.0
1623 38.0 15.0 39.0 15.0 38.0 14.0 39.0 14.0
1624 39.0 15.0 40.0 15.0 39.0 14.0 40.0 14.0
1625 40.0 15.0 41.0 15.0 40.0 14.0 41.0 14.0
1626 41.0 15.0 42.0 15.0 41.0 14.0 42.0 14.0
1627 42.0 15.0 43.0 15.0 42.0 14.0 43.0 14.0
1628 43.0 15.0 44.0 15.0 43.0 14.0 44.0 14.0
1629 44.0 15.0 45.0 15.0 44.0 14.0 45.0 14.0
1630 45.0 15.0 46.0 15.0 45.0 14.0 46.0 14.0
1631 46.0 15.0 47.0 15.0 46.0 14.0 47.0 14.0
1632 47.0 15.0 48.0 15.0 47.0 14.0 48.0 14.0
1633 0.0 14.0 1.0 14.0 0.0 13.0 1.0 13.0
1634 1.0 14.0 2.0 14.0 1.0 13.0 2.0 13.0
1635 2.0 14.0 3.0 14.0 2.0 13.0 3.0 13.0
1636 3.0 14.0 4.0 14.0 3.0 13.0 4.0 13.0
1637 4.0 14.0 5.0 14.0 4.0 13.0 5.0 13.0
1638 5.0 14.0 6.0 14.0 5.0 13.0 6.0 13.0
1639 6.0 14.0 7.0 14.0 6.0 13.0 7.0 13.0
1640 7.0 14.0 8.0 14.0 7.0 13.0 8.0 13.0
1641 8.0 14.0 9.0 14.0 8.0 13.0 9.0 13.0
1642 9.0 14.0 10.0 14.0 9.0 13.0 10.0 13.0
1643 10.0 14.0 11.0 14.0 10.0 13.0 11.0 13.0
1644 11.0 14.0 12.0 14.0 11.0 13.0 12.0 13.0
1645 12.0 14.0 13.0 14.0 12.0 13.0 13.0 13.0
1646 13.0 14.0 14.0 14.0 13.0 13.0 14.0 13.0
1647 14.0 14.0 15.0 14.0 14.0 13.0 15.0 13.0
1648 15.0 14.0 16.0 14.0 15.0 13.0 16.0 13.0
1649 16.0 14.0 17.0 14.0 16.0 13.0 17.0 13.0
1650 17.0 14.0 18.0 14.0 17.0 13.0 18.0 13.0
1651 18.0 14.0 19.0 14.0 18.0 13.0 19.0 13.0
1652 19.0 14.0 20.0 14.0 19.0 13.0 20.0 13.0
1653 20.0 14.0 21.0 14.0 20.0 13.0 21.0 13.0
1654 21.0 14.0 22.0 14.0 21.0 13.0 22.0 13.0
1655 22.0 14.0 23.0 14.0 22.0 13.0 23.0 13.0
1656 23.0 14.0 24.0 14.0 23.0 13.0 24.0 13.0
1657 24.0 14.0 25.0 14.0 24.0 13.0 25.0 13.0
1658 25.0 14.0 26.0 14.0 25.0 13.0 26.0 13.0
1659 26.0 14.0 27.0 14.0 26.0 13.0 27.0 13.0
1660 27.0 14.0 28.0 14.0 27.0 13.0 28.0 13.0
1661 28.0 14.0 29.0 14.0 28.0 13.0 29.0 13.0
1662 29.0 14.0 30.0 14.0 29.0 13.0 30.0 13.0
1663 30.0 14.0 31.0 14.0 30.0 13.0 31.0 13.0
1664 31.0 14.0 32.0 14.0 31.0 13.0 32.0 13.0
1665 32.0 14.0 33.0 14.0 32.0 13.0 33.0 13.0
1666 33.0 14.0 34.0 14.0 33.0 13.0 34.0 13.0
1667 34.0 14.0 35.0 14.0 34.0 13.0 35.0 13.0
1668 35.0 14.0 36.0 14.0 35.0 13.0 36.0 13.0
1669 36.0 14.0 37.0 14.0 36.0 13.0 37.0 13.0
1670 37.0 14.0 38.0 14.0 37.0 13.0 38.0 13.0
1671 38.0 14.0 39.0 14.0 38.0 13.0 39.0 13.0
1672 39.0 14.0 40.0 14.0 39.0 13.0 40.0 13.0
1673 40.0 14.0 41.0 14.0 40.0 13.0 41.0 13.0
1674 41.0 14.0 42.0 14.0 41.0 13.0 42.0 13.0
1675 42.0 14.0 43.0 14.0 42.0 13.0 43.0 13.0
1676 43.0 14.0 44.0 14.0 43.0 13.0 44.0 13.0
1677 44.0 14.0 45.0 14.0 44.0 13.0 45.0 13.0
1678 45.0 14.0 46.0 14.0 45.0 13.0 46.0 13.0
1679 46.0 14.0 47.0 14.0 46.0 13.0 47.0 13.0
1680 47.0 14.0 48.0 14.0 47.0 13.0 48.0 13.0
1681 0.0 13.0 1.0 13.0 0.0 12.0 1.0 12.0
1682 1.0 13.0 2.0 13.0 1.0 12.0 2.0 12.0
1683 2.0 13.0 3.0 13.0 2.0 12.0 3.0 12.0
1684 3.0 13.0 4.0 13.0 3.0 12.0 4.0 12.0
1685 4.0 13.0 5.0 13.0 4.0 12.0 5.0 12.0
1686 5.0 13.0 6.0 13.0 5.0 12.0 6.0 12.0
1687 6.0 13.0 7.0 13.0 6.0 12.0 7.0 12.0
1688 7.0 13.0 8.0 13.0 7.0 12.0 8.0 12.0
1689 8.0 13.0 9.0 13.0 8.0 12.0 9.0 12.0
1690 9.0 13.0 10.0 13.0 9.0 12.0 10.0 12.0
1691 10.0 13.0 11.0 13.0 10.0 12.0 11.0 12.0
1692 11.0 13.0 12.0 13.0 11.0 12.0 12.0 12.0
1693 12.0 13.0 13.0 13.0 12.0 12.0 13.0 12.0
1694 13.0 13.0 14.0 13.0 13.0 12.0 14.0 12.0
1695 14.0 13.0 15.0 13.0 14.0 12.0 15.0 12.0
1696 15.0 13.0 16.0 13.0 15.0 12.0 16.0 12.0
1697 16.0 13.0 17.0 13.0 16.0 12.0 17.0 12.0
1698 17.0 13.0 18.0 13.0 17.0 12.0 18.0 12.0
1699 18.0 13.0 19.0 13.0 18.0 12.0 19.0 12.0
1700 19.0 13.0 20.0 13.0 19.0 12.0 20.0 12.0
1701 20.0 13.0 21.0 13.0 20.0 12.0 21.0 12.0
1702 21.0 13.0 22.0 13.0 21.0 12.0 22.0 12.0
1703 22.0 13.0 23.0 13.0 22.0 12.0 23.0 12.0
1704 23.0 13.0 24.0 13.0 23.0 12.0 24.0 12.0
1705 24.0 13.0 25.0 13.0 24.0 12.0 25.0 12.0
1706 25.0 13.0 26.0 13.0 25.0 12.0 26.0 12.0
1707 26.0 13.0 27.0 13.0 26.0 12.0 27.0 12.0
1708 27.0 13.0 28.0 13.0 27.0 12.0 28.0 12.0
1709 28.0 13.0 29.0 13.0 28.0 12.0 29.0 12.0
1710 29.0 13.0 30.0 13.0 29.0 12.0 30.0 12.0
1711 30.0 13.0 31.0 13.0 30.0 12.0 31.0 12.0
1712 31.0 13.0 32.0 13.0 31.0 12.0 32.0 12.0
1713 32.0 13.0 33.0 13.0 32.0 12.0 33.0 12.0
1714 33.0 13.0 34.0 13.0 33.0 12.0 34.0 12.0
1715 34.0 13.0 35.0 13.0 34.0 12.0 35.0 12.0
1716 35.0 13.0 36.0 13.0 35.0 12.0 36.0 12.0
1717 36.0 13.0 37.0 13.0 36.0 12.0 37.0 12.0
1718 37.0 13.0 38.0 13.0 37.0 12.0 38.0 12.0
1719 38.0 13.0 39.0 13.0 38.0 12.0 39.0 12.0
1720 39.0 13.0 40.0 13.0 39.0 12.0 40.0 12.0
1721 40.0 13.0 41.0 13.0 40.0 12.0 41.0 12.0
1722 41.0 13.0 42.0 13.0 41.0 12.0 42.0 12.0
1723 42.0 13.0 43.0 13.0 42.0 12.0 43.0 12.0
1724 43.0 13.0 44.0 13.0 43.0 12.0 44.0 12.0
1725 44.0 13.0 45.0 13.0 44.0 12.0 45.0 12.0
1726 45.0 13.0 46.0 13.0 45.0 12.0 46.0 12.0
1727 46.0 13.0 47.0 13.0 46.0 12.0 47.0 12.0
1728 47.0 13.0 48.0 13.0 47.0 12.0 48.0 12.0
1729 0.0 12.0 1.0 12.0 0.0 11.0 1.0 11.0
1730 1.0 12.0 2.0 12.0 1.0 11.0 2.0 11.0
1731 2.0 12.0 3.0 12.0 2.0 11.0 3.0 11.0
1732 3.0 12.0 4.0 12.0 3.0 11.0 4.0 11.0
1733 4.0 12.0 5.0 12.0 4.0 11.0 5.0 11.0
1734 5.0 12.0 6.0 12.0 5.0 11.0 6.0 11.0
1735 6.0 12.0 7.0 12.0 6.0 11.0 7.0 11.0
1736 7.0 12.0 8.0 12.0 7.0 11.0 8.0 11.0
1737 8.0 12.0 9.0 12.0 8.0 11.0 9.0 11.0
1738 9.0 12.0 10.0 12.0 9.0 11.0 10.0 11.0
1739 10.0 12.0 11.0 12.0 10.0 11.0 11.0 11.0
1740 11.0 12.0 12.0 12.0 11.0 11.0 12.0 11.0
1741 12.0 12.0 13.0 12.0 12.0 11.0 13.0 11.0
1742 13.0 12.0 14.0 12.0 13.0 11.0 14.0 11.0
1743 14.0 12.0 15.0 12.0 14.0 11.0 15.0 11.0
1744 15.0 12.0 16.0 12.0 15.0 11.0 16.0 11.0
1745 16.0 12.0 17.0 12.0 16.0 11.0 17.0 11.0
1746 17.0 12.0 18.0 12.0 17.0 11.0 18.0 11.0
1747 18.0 12.0 19.0 12.0 18.0 11.0 19.0 11.0
1748 19.0 12.0 20.0 12.0 19.0 11.0 20.0 11.0
1749 20.0 12.0 21.0 12.0 20.0 11.0 21.0 11.0
1750 21.0 12.0 22.0 12.0 21.0 11.0 22.0 11.0
1751 22.0 12.0 23.0 12.0 22.0 11.0 23.0 11.0
1752 23.0 12.0 24.0 12.0 23.0 11.0 24.0 11.0
1753 24.0 12.0 25.0 12.0 24.0 11.0 25.0 11.0
1754 25.0 12.0 26.0 12.0 25.0 11.0 26.0 11.0
1755 26.0 12.0 27.0 12.0 26.0 11.0 27.0 11.0
1756 27.0 12.0 28.0 12.0 27.0 11.0 28.0 11.0
1757 28.0 12.0 29.0 12.0 28.0 11.0 29.0 11.0
1758 29.0 12.0 30.0 12.0 29.0 11.0 30.0 11.0
1759 30.0 12.0 31.0 12.0 30.0 11.0 31.0 11.0
1760 31.0 12.0 32.0 12.0 31.0 11.0 32.0 11.0
1761 32.0 12.0 33.0 12.0 32.0 11.0 33.0 11.0
1762 33.0 12.0 34.0 12.0 33.0 11.0 34.0 11.0
1763 34.0 12.0 35.0 12.0 34.0 11.0 35.0 11.0
1764 35.0 12.0 36.0 12.0 35.0 11.0 36.0 11.0
1765 36.0 12.0 37.0 12.0 36.0 11.0 37.0 11.0
1766 37.0 12.0 38.0 12.0 37.0 11.0 38.0 11.0
1767 38.0 12.0 39.0 12.0 38.0 11.0 39.0 11.0
1768 39.0 12.0 40.0 12.0 39.0 11.0 40.0 11.0
1769 40.0 12.0 41.0 12.0 40.0 11.0 41.0 11.0
1770 41.0 12.0 42.0 12.0 41.0 11.0 42.0 11.0
1771 42.0 12.0 43.0 12.0 42.0 11.0 43.0 11.0
1772 43.0 12.0 44.0 12.0 43.0 11.0 44.0 11.0
1773 44.0 12.0 45.0 12.0 44.0 11.0 45.0 11.0
1774 45.0 12.0 46.0 12.0 45.0 11.0 46.0 11.0
1775 46.0 12.0 47.0 12.0 46.0 11.0 47.0 11.0
1776 47.0 12.0 48.0 12.0 47.0 11.0 48.0 11.0
1777 0.0 11.0 1.0 11.0 0.0 10.0 1.0 10.0
1778 1.0 11.0 2.0 11.0 1.0 10.0 2.0 10.0
1779 2.0 11.0 3.0 11.0 2.0 10.0 3.0 10.0
1780 3.0 11.0 4.0 11.0 3.0 10.0 4.0 10.0
1781 4.0 11.0 5.0 11.0 4.0 10.0 5.0 10.0
1782 5.0 11.0 6.0 11.0 5.0 10.0 6.0 10.0
1783 6.0 11.0 7.0 11.0 6.0 10.0 7.0 10.0
1784 7.0 11.0 8.0 11.0 7.0 10.0 8.0 10.0
1785 8.0 11.0 9.0 11.0 8.0 10.0 9.0 10.0
1786 9.0 11.0 10.0 11.0 9.0 10.0 10.0 10.0
1787 10.0 11.0 11.0 11.0 10.0 10.0 11.0 10.0
1788 11.0 11.0 12.0 11.0 11.0 10.0 12.0 10.0
1789 12.0 11.0 13.0 11.0 12.0 10.0 13.0 10.0
1790 13.0 11.0 14.0 11.0 13.0 10.0 14.0 10.0
1791 14.0 11.0 15.0 11.0 14.0 10.0 15.0 10.0
1792 15.0 11.0 16.0 11.0 15.0 10.0 16.0 10.0
1793 16.0 11.0 17.0 11.0 16.0 10.0 17.0 10.0
1794 17.0 11.0 18.0 11.0 17.0 10.0 18.0 10.0
1795 18.0 11.0 19.0 11.0 18.0 10.0 19.0 10.0
1796 19.0 11.0 20.0 11.0 19.0 10.0 20.0 10.0
1797 20.0 11.0 21.0 11.0 20.0 10.0 21.0 10.0
1798 21.0 11.0 22.0 11.0 21.0 10.0 22.0 10.0
1799 22.0 11.0 23.0 11.0 22.0 10.0 23.0 10.0
1800 23.0 11.0 24.0 11.0 23.0 10.0 24.0 10.0
1801 24.0 11.0 25.0 11.0 24.0 10.0 25.0 10.0
1802 25.0 11.0 26.0 11.0 25.0 10.0 26.0 10.0
1803 26.0 11.0 27.0 11.0 26.0 10.0 27.0 10.0
1804 27.0 11.0 28.0 11.0 27.0 10.0 28.0 10.0
1805 28.0 11.0 29.0 11.0 28.0 10.0 29.0 10.0
1806 29.0 11.0 30.0 11.0 29.0 10.0 30.0 10.0
1807 30.0 11.0 31.0 11.0 30.0 10.0 31.0 10.0
1808 31.0 11.0 32.0 11.0 31.0 10.0 32.0 10.0
1809 32.0 11.0 33.0 11.0 32.0 10.0 33.0 10.0
1810 33.0 11.0 34.0 11.0 33.0 10.0 34.0 10.0
1811 34.0 11.0 35.0 11.0 34.0 10.0 35.0 10.0
1812 35.0 11.0 36.0 11.0 35.0 10.0 36.0 10.0
1813 36.0 11.0 37.0 11.0 36.0 10.0 37.0 10.0
1814 37.0 11.0 38.0 11.0 37.0 10.0 38.0 10.0
1815 38.0 11.0 39.0 11.0 38.0 10.0 39.0 10.0
1816 39.0 11.0 40.0 11.0 39.0 10.0 40.0 10.0
1817 40.0 11.0 41.0 11.0 40.0 10.0 41.0 10.0
1818 41.0 11.0 42.0 11.0 41.0 10.0 42.0 10.0
1819 42.0 11.0 43.0 11.0 42.0 10.0 43.0 10.0
1820 43.0 11.0 44.0 11.0 43.0 10.0 44.0 10.0
1821 44.0 11.0 45.0 11.0 44.0 10.0 45.0 10.0
1822 45.0 11.0 46.0 11.0 45.0 10.0 46.0 10.0
1823 46.0 11.0 47.0 11.0 46.0 10.0 47.0 10.0
1824 47.0 11.0 48.0 11.0 47.0 10.0 48.0 10.0
1825 0.0 10.0 1.0 10.0 0.0 9.0 1.0 9.0
1826 1.0 10.0 2.0 10.0 1.0 9.0 2.0 9.0
1827 2.0 10.0 3.0 10.0 2.0 9.0 3.0 9.0
1828 3.0 10.0 4.0 10.0 3.0 9.0 4.0 9.0
1829 4.0 10.0 5.0 10.0 4.0 9.0 5.0 9.0
1830 5.0 10.0 6.0 10.0 5.0 9.0 6.0 9.0
1831 6.0 10.0 7.0 10.0 6.0 9.0 7.0 9.0
1832 7.0 10.0 8.0 10.0 7.0 9.0 8.0 9.0
1833 8.0 10.0 9.0 10.0 8.0 9.0 9.0 9.0
1834 9.0 10.0 10.0 10.0 9.0 9.0 10.0 9.0
1835 10.0 10.0 11.0 10.0 10.0 9.0 11.0 9.0
1836 11.0 10.0 12.0 10.0 11.0 9.0 12.0 9.0
1837 12.0 10.0 13.0 10.0 12.0 9.0 13.0 9.0
1838 13.0 10.0 14.0 10.0 13.0 9.0 14.0 9.0
1839 14.0 10.0 15.0 10.0 14.0 9.0 15.0 9.0
1840 15.0 10.0 16.0 10.0 15.0 9.0 16.0 9.0
1841 16.0 10.0 17.0 10.0 16.0 9.0 17.0 9.0
1842 17.0 10.0 18.0 10.0 17.0 9.0 18.0 9.0
1843 18.0 10.0 19.0 10.0 18.0 9.0 19.0 9.0
1844 19.0 10.0 20.0 10.0 19.0 9.0 20.0 9.0
1845 20.0 10.0 21.0 10.0 20.0 9.0 21.0 9.0
1846 21.0 10.0 22.0 10.0 21.0 9.0 22.0 9.0
1847 22.0 10.0 23.0 10.0 22.0 9.0 23.0 9.0
1848 23.0 10.0 24.0 10.0 23.0 9.0 24.0 9.0
1849 24.0 10.0 25.0 10.0 24.0 9.0 25.0 9.0
1850 25.0 10.0 26.0 10.0 25.0 9.0 26.0 9.0
1851 26.0 10.0 27.0 10.0 26.0 9.0 27.0 9.0
1852 27.0 10.0 28.0 10.0 27.0 9.0 28.0 9.0
1853 28.0 10.0 29.0 10.0 28.0 9.0 29.0 9.0
1854 29.0 10.0 30.0 10.0 29.0 9.0 30.0 9.0
1855 30.0 10.0 31.0 10.0 30.0 9.0 31.0 9.0
1856 31.0 10.0 32.0 10.0 31.0 9.0 32.0 9.0
1857 32.0 10.0 33.0 10.0 32.0 9.0 33.0 9.0
1858 33.0 10.0 34.0 10.0 33.0 9.0 34.0 9.0
1859 34.0 10.0 35.0 10.0 34.0 9.0 35.0 9.0
1860 35.0 10.0 36.0 10.0 35.0 9.0 36.0 9.0
1861 36.0 10.0 37.0 10.0 36.0 9.0 37.0 9.0
1862 37.0 10.0 38.0 10.0 37.0 9.0 38.0 9.0
1863 38.0 10.0 39.0 10.0 38.0 9.0 39.0 9.0
1864 39.0 10.0 40.0 10.0 39.0 9.0 40.0 9.0
1865 40.0 10.0 41.0 10.0 40.0 9.0 41.0 9.0
1866 41.0 10.0 42.0 10.0 41.0 9.0 42.0 9.0
1867 42.0 10.0 43.0 10.0 42.0 9.0 43.0 9.0
1868 43.0 10.0 44.0 10.0 43.0 9.0 44.0 9.0
1869 44.0 10.0 45.0 10.0 44.0 9.0 45.0 9.0
1870 45.0 10.0 46.0 10.0 45.0 9.0 46.0 9.0
1871 46.0 10.0 47.0 10.0 46.0 9.0 47.0 9.0
1872 47.0 10.0 48.0 10.0 47.0 9.0 48.0 9.0
1873 0.0 9.0 1.0 9.0 0.0 8.0 1.0 8.0
1874 1.0 9.0 2.0 9.0 1.0 8.0 2.0 8.0
1875 2.0 9.0 3.0 9.0 2.0 8.0 3.0 8.0
1876 3.0 9.0 4.0 9.0 3.0 8.0 4.0 8.0
1877 4.0 9.0 5.0 9.0 4.0 8.0 5.0 8.0
1878 5.0 9.0 6.0 9.0 5.0 8.0 6.0 8.0
1879 6.0 9.0 7.0 9.0 6.0 8.0 7.0 8.0
1880 7.0 9.0 8.0 9.0 7.0 8.0 8.0 8.0
1881 8.0 9.0 9.0 9.0 8.0 8.0 9.0 8.0
1882 9.0 9.0 10.0 9.0 9.0 8.0 10.0 8.0
1883 10.0 9.0 11.0 9.0 10.0 8.0 11.0 8.0
1884 11.0 9.0 12.0 9.0 11.0 8.0 12.0 8.0
1885 12.0 9.0 13.0 9.0 12.0 8.0 13.0 8.0
1886 13.0 9.0 14.0 9.0 13.0 8.0 14.0 8.0
1887 14.0 9.0 15.0 9.0 14.0 8.0 15.0 8.0
1888 15.0 9.0 16.0 9.0 15.0 8.0 16.0 8.0
1889 16.0 9.0 17.0 9.0 16.0 8.0 17.0 8.0
1890 17.0 9.0 18.0 9.0 17.0 8.0 18.0 8.0
1891 18.0 9.0 19.0 9.0 18.0 8.0 19.0 8.0
1892 19.0 9.0 20.0 9.0 19.0 8.0 20.0 8.0
1893 20.0 9.0 21.0 9.0 20.0 8.0 21.0 8.0
1894 21.0 9.0 22.0 9.0 21.0 8.0 22.0 8.0
1895 22.0 9.0 23.0 9.0 22.0 8.0 23.0 8.0
1896 23.0 9.0 24.0 9.0 23.0 8.0 24.0 8.0
1897 24.0 9.0 25.0 9.0 24.0 8.0 25.0 8.0
1898 25.0 9.0 26.0 9.0 25.0 8.0 26.0 8.0
1899 26.0 9.0 27.0 9.0 26.0 8.0 27.0 8.0
1900 27.0 9.0 28.0 9.0 27.0 8.0 28.0 8.0
1901 28.0 9.0 29.0 9.0 28.0 8.0 29.0 8.0
1902 29.0 9.0 30.0 9.0 29.0 8.0 30.0 8.0
1903 30.0 9.0 31.0 9.0 30.0 8.0 31.0 8.0
1904 31.0 9.0 32.0 9.0 31.0 8.0 32.0 8.0
1905 32.0 9.0 33.0 9.0 32.0 8.0 33.0 8.0
1906 33.0 9.0 34.0 9.0 33.0 8.0 34.0 8.0
1907 34.0 9.0 35.0 9.0 34.0 8.0 35.0 8.0
1908 35.0 9.0 36.0 9.0 35.0 8.0 36.0 8.0
1909 36.0 9.0 37.0 9.0 36.0 8.0 37.0 8.0
1910 37.0 9.0 38.0 9.0 37.0 8.0 38.0 8.0
1911 38.0 9.0 39.0 9.0 38.0 8.0 39.0 8.0
1912 39.0 9.0 40.0 9.0 39.0 8.0 40.0 8.0
1913 40.0 9.0 41.0 9.0 40.0 8.0 41.0 8.0
1914 41.0 9.0 42.0 9.0 41.0 8.0 42.0 8.0
1915 42.0 9.0 43.0 9.0 42.0 8.0 43.0 8.0
1916 43.0 9.0 44.0 9.0 43.0 8.0 44.0 8.0
1917 44.0 9.0 45.0 9.0 44.0 8.0 45.0 8.0
1918 45.0 9.0 46.0 9.0 45.0 8.0 46.0 8.0
1919 46.0 9.0 47.0 9.0 46.0 8.0 47.0 8.0
1920 47.0 9.0 48.0 9.0 47.0 8.0 48.0 8.0
1921 0.0 8.0 1.0 8.0 0.0 7.0 1.0 7.0
1922 1.0 8.0 2.0 8.0 1.0 7.0 2.0 7.0
1923 2.0 8.0 3.0 8.0 2.0 7.0 3.0 7.0
1924 3.0 8.0 4.0 8.0 3.0 7.0 4.0 7.0
1925 4.0 8.0 5.0 8.0 4.0 7.0 5.0 7.0
1926 5.0 8.0 6.0 8.0 5.0 7.0 6.0 7.0
1927 6.0 8.0 7.0 8.0 6.0 7.0 7.0 7.0
1928 7.0 8.0 8.0 8.0 7.0 7.0 8.0 7.0
1929 8.0 8.0 9.0 8.0 8.0 7.0 9.0 7.0
1930 9.0 8.0 10.0 8.0 9.0 7.0 10.0 7.0
1931 10.0 8.0 11.0 8.0 10.0 7.0 11.0 7.0
1932 11.0 8.0 12.0 8.0 11.0 7.0 12.0 7.0
1933 12.0 8.0 13.0 8.0 12.0 7.0 13.0 7.0
1934 13.0 8.0 14.0 8.0 13.0 7.0 14.0 7.0
1935 14.0 8.0 15.0 8.0 14.0 7.0 15.0 7.0
1936 15.0 8.0 16.0 8.0 15.0 7.0 16.0 7.0
1937 16.0 8.0 17.0 8.0 16.0 7.0 17.0 7.0
1938 17.0 8.0 18.0 8.0 17.0 7.0 18.0 7.0
1939 18.0 8.0 19.0 8.0 18.0 7.0 19.0 7.0
1940 19.0 8.0 20.0 8.0 19.0 7.0 20.0 7.0
1941 20.0 8.0 21.0 8.0 20.0 7.0 21.0 7.0
1942 21.0 8.0 22.0 8.0 21.0 7.0 22.0 7.0
1943 22.0 8.0 23.0 8.0 22.0 7.0 23.0 7.0
1944 23.0 8.0 24.0 8.0 23.0 7.0 24.0 7.0
1945 24.0 8.0 25.0 8.0 24.0 7.0 25.0 7.0
1946 25.0 8.0 26.0 8.0 25.0 7.0 26.0 7.0
1947 26.0 8.0 27.0 8.0 26.0 7.0 27.0 7.0
1948 27.0 8.0 28.0 8.0 27.0 7.0 28.0 7.0
1949 28.0 8.0 29.0 8.0 28.0 7.0 29.0 7.0
1950 29.0 8.0 30.0 8.0 29.0 7.0 30.0 7.0
1951 30.0 8.0 31.0 8.0 30.0 7.0 31.0 7.0
1952 31.0 8.0 32.0 8.0 31.0 7.0 32.0 7.0
1953 32.0 8.0 33.0 8.0 32.0 7.0 33.0 7.0
1954 33.0 8.0 34.0 8.0 33.0 7.0 34.0 7.0
1955 34.0 8.0 35.0 8.0 34.0 7.0 35.0 7.0
1956 35.0 8.0 36.0 8.0 35.0 7.0 36.0 7.0
1957 36.0 8.0 37.0 8.0 36.0 7.0 37.0 7.0
1958 37.0 8.0 38.0 8.0 37.0 7.0 38.0 7.0
1959 38.0 8.0 39.0 8.0 38.0 7.0 39.0 7.0
1960 39.0 8.0 40.0 8.0 39.0 7.0 40.0 7.0
1961 40.0 8.0 41.0 8.0 40.0 7.0 41.0 7.0
1962 41.0 8.0 42.0 8.0 41.0 7.0 42.0 7.0
1963 42.0 8.0 43.0 8.0 42.0 7.0 43.0 7.0
1964 43.0 8.0 44.0 8.0 43.0 7.0 44.0 7.0
1965 44.0 8.0 45.0 8.0 44.0 7.0 45.0 7.0
1966 45.0 8.0 46.0 8.0 45.0 7.0 46.0 7.0
1967 46.0 8.0 47.0 8.0 46.0 7.0 47.0 7.0
1968 47.0 8.0 48.0 8.0 47.0 7.0 48.0 7.0
1969 0.0 7.0 1.0 7.0 0.0 6.0 1.0 6.0
1970 1.0 7.0 2.0 7.0 1.0 6.0 2.0 6.0
1971 2.0 7.0 3.0 7.0 2.0 6.0 3.0 6.0
1972 3.0 7.0 4.0 7.0 3.0 6.0 4.0 6.0
1973 4.0 7.0 5.0 7.0 4.0 6.0 5.0 6.0
1974 5.0 7.0 6.0 7.0 5.0 6.0 6.0 6.0
1975 6.0 7.0 7.0 7.0 6.0 6.0 7.0 6.0
1976 7.0 7.0 8.0 7.0 7.0 6.0 8.0 6.0
1977 8.0 7.0 9.0 7.0 8.0 6.0 9.0 6.0
1978 9.0 7.0 10.0 7.0 9.0 6.0 10.0 6.0
1979 10.0 7.0 11.0 7.0 10.0 6.0 11.0 6.0
1980 11.0 7.0 12.0 7.0 11.0 6.0 12.0 6.0
1981 12.0 7.0 13.0 7.0 12.0 6.0 13.0 6.0
1982 13.0 7.0 14.0 7.0 13.0 6.0 14.0 6.0
1983 14.0 7.0 15.0 7.0 14.0 6.0 15.0 6.0
1984 15.0 7.0 16.0 7.0 15.0 6.0 16.0 6.0
1985 16.0 7.0 17.0 7.0 16.0 6.0 17.0 6.0
1986 17.0 7.0 18.0 7.0 17.0 6.0 18.0 6.0
1987 18.0 7.0 19.0 7.0 18.0 6.0 19.0 6.0
1988 19.0 7.0 20.0 7.0 19.0 6.0 20.0 6.0
1989 20.0 7.0 21.0 7.0 20.0 6.0 21.0 6.0
1990 21.0 7.0 22.0 7.0 21.0 6.0 22.0 6.0
1991 22.0 7.0 23.0 7.0 22.0 6.0 23.0 6.0
1992 23.0 7.0 24.0 7.0 23.0 6.0 24.0 6.0
1993 24.0 7.0 25.0 7.0 24.0 6.0 25.0 6.0
1994 25.0 7.0 26.0 7.0 25.0 6.0 26.0 6.0
1995 26.0 7.0 27.0 7.0 26.0 6.0 27.0 6.0
1996 27.0 7.0 28.0 7.0 27.0 6.0 28.0 6.0
1997 28.0 7.0 29.0 7.0 28.0 6.0 29.0 6.0
1998 29.0 7.0 30.0 7.0 29.0 6.0 30.0 6.0
1999 30.0 7.0 31.0 7.0 30.0 6.0 31.0 6.0
2000 31.0 7.0 32.0 7.0 31.0 6.0 32.0 6.0
2001 32.0 7.0 33.0 7.0 32.0 6.0 33.0 6.0
2002 33.0 7.0 34.0 7.0 33.0 6.0 34.0 6.0
2003 34.0 7.0 35.0 7.0 34.0 6.0 35.0 6.0
2004 35.0 7.0 36.0 7.0 35.0 6.0 36.0 6.0
2005 36.0 7.0 37.0 7.0 36.0 6.0 37.0 6.0
2006 37.0 7.0 38.0 7.0 37.0 6.0 38.0 6.0
2007 38.0 7.0 39.0 7.0 38.0 6.0 39.0 6.0
2008 39.0 7.0 40.0 7.0 39.0 6.0 40.0 6.0
2009 40.0 7.0 41.0 7.0 40.0 6.0 41.0 6.0
2010 41.0 7.0 42.0 7.0 41.0 6.0 42.0 6.0
2011 42.0 7.0 43.0 7.0 42.0 6.0 43.0 6.0
2012 43.0 7.0 44.0 7.0 43.0 6.0 44.0 6.0
2013 44.0 7.0 45.0 7.0 44.0 6.0 45.0 6.0
2014 45.0 7.0 46.0 7.0 45.0 6.0 46.0 6.0
2015 46.0 7.0 47.0 7.0 46.0 6.0 47.0 6.0
2016 47.0 7.0 48.0 7.0 47.0 6.0 48.0 6.0
2017 0.0 6.0 1.0 6.0 0.0 5.0 1.0 5.0
2018 1.0 6.0 2.0 6.0 1.0 5.0 2.0 5.0
2019 2.0 6.0 3.0 6.0 2.0 5.0 3.0 5.0
2020 3.0 6.0 4.0 6.0 3.0 5.0 4.0 5.0
2021 4.0 6.0 5.0 6.0 4.0 5.0 5.0 5.0
2022 5.0 6.0 6.0 6.0 5.0 5.0 6.0 5.0
2023 6.0 6.0 7.0 6.0 6.0 5.0 7.0 5.0
2024 7.0 6.0 8.0 6.0 7.0 5.0 8.0 5.0
2025 8.0 6.0 9.0 6.0 8.0 5.0 9.0 5.0
2026 9.0 6.0 10.0 6.0 9.0 5.0 10.0 5.0
2027 10.0 6.0 11.0 6.0 10.0 5.0 11.0 5.0
2028 11.0 6.0 12.0 6.0 11.0 5.0 12.0 5.0
2029 12.0 6.0 13.0 6.0 12.0 5.0 13.0 5.0
2030 13.0 6.0 14.0 6.0 13.0 5.0 14.0 5.0
2031 14.0 6.0 15.0 6.0 14.0 5.0 15.0 5.0
2032 15.0 6.0 16.0 6.0 15.0 5.0 16.0 5.0
2033 16.0 6.0 17.0 6.0 16.0 5.0 17.0 5.0
2034 17.0 6.0 18.0 6.0 17.0 5.0 18.0 5.0
2035 18.0 6.0 19.0 6.0 18.0 5.0 19.0 5.0
2036 19.0 6.0 20.0 6.0 19.0 5.0 20.0 5.0
2037 20.0 6.0 21.0 6.0 20.0 5.0 21.0 5.0
2038 21.0 6.0 22.0 6.0 21.0 5.0 22.0 5.0
2039 22.0 6.0 23.0 6.0 22.0 5.0 23.0 5.0
2040 23.0 6.0 24.0 6.0 23.0 5.0 24.0 5.0
2041 24.0 6.0 25.0 6.0 24.0 5.0 25.0 5.0
2042 25.0 6.0 26.0 6.0 25.0 5.0 26.0 5.0
2043 26.0 6.0 27.0 6.0 26.0 5.0 27.0 5.0
2044 27.0 6.0 28.0 6.0 27.0 5.0 28.0 5.0
2045 28.0 6.0 29.0 6.0 28.0 5.0 29.0 5.0
2046 29.0 6.0 30.0 6.0 29.0 5.0 30.0 5.0
2047 30.0 6.0 31.0 6.0 30.0 5.0 31.0 5.0
2048 31.0 6.0 32.0 6.0 31.0 5.0 32.0 5.0
2049 32.0 6.0 33.0 6.0 32.0 5.0 33.0 5.0
2050 33.0 6.0 34.0 6.0 33.0 5.0 34.0 5.0
2051 34.0 6.0 35.0 6.0 34.0 5.0 35.0 5.0
2052 35.0 6.0 36.0 6.0 35.0 5.0 36.0 5.0
2053 36.0 6.0 37.0 6.0 36.0 5.0 37.0 5.0
2054 37.0 6.0 38.0 6.0 37.0 5.0 38.0 5.0
2055 38.0 6.0 39.0 6.0 38.0 5.0 39.0 5.0
2056 39.0 6.0 40.0 6.0 39.0 5.0 40.0 5.0
2057 40.0 6.0 41.0 6.0 40.0 5.0 41.0 5.0
2058 41.0 6.0 42.0 6.0 41.0 5.0 42.0 5.0
2059 42.0 6.0 43.0 6.0 42.0 5.0 43.0 5.0
2060 43.0 6.0 44.0 6.0 43.0 5.0 44.0 5.0
2061 44.0 6.0 45.0 6.0 44.0 5.0 45.0 5.0
2062 45.0 6.0 46.0 6.0 45.0 5.0 46.0 5.0
2063 46.0 6.0 47.0 6.0 46.0 5.0 47.0 5.0
2064 47.0 6.0 48.0 6.0 47.0 5.0 48.0 5.0
2065 0.0 5.0 1.0 5.0 0.0 4.0 1.0 4.0
2066 1.0 5.0 2.0 5.0 1.0 4.0 2.0 4.0
2067 2.0 5.0 3.0 5.0 2.0 4.0 3.0 4.0
2068 3.0 5.0 4.0 5.0 3.0 4.0 4.0 4.0
2069 4.0 5.0 5.0 5.0 4.0 4.0 5.0 4.0
2070 5.0 5.0 6.0 5.0 5.0 4.0 6.0 4.0
2071 6.0 5.0 7.0 5.0 6.0 4.0 7.0 4.0
2072 7.0 5.0 8.0 5.0 7.0 4.0 8.0 4.0
2073 8.0 5.0 9.0 5.0 8.0 4.0 9.0 4.0
2074 9.0 5.0 10.0 5.0 9.0 4.0 10.0 4.0
2075 10.0 5.0 11.0 5.0 10.0 4.0 11.0 4.0
2076 11.0 5.0 12.0 5.0 11.0 4.0 12.0 4.0
2077 12.0 5.0 13.0 5.0 12.0 4.0 13.0 4.0
2078 13.0 5.0 14.0 5.0 13.0 4.0 14.0 4.0
2079 14.0 5.0 15.0 5.0 14.0 4.0 15.0 4.0
2080 15.0 5.0 16.0 5.0 15.0 4.0 16.0 4.0
2081 16.0 5.0 17.0 5.0 16.0 4.0 17.0 4.0
2082 17.0 5.0 18.0 5.0 17.0 4.0 18.0 4.0
2083 18.0 5.0 19.0 5.0 18.0 4.0 19.0 4.0
2084 19.0 5.0 20.0 5.0 19.0 4.0 20.0 4.0
2085 20.0 5.0 21.0 5.0 20.0 4.0 21.0 4.0
2086 21.0 5.0 22.0 5.0 21.0 4.0 22.0 4.0
2087 22.0 5.0 23.0 5.0 22.0 4.0 23.0 4.0
2088 23.0 5.0 24.0 5.0 23.0 4.0 24.0 4.0
2089 24.0 5.0 25.0 5.0 24.0 4.0 25.0 4.0
2090 25.0 5.0 26.0 5.0 25.0 4.0 26.0 4.0
2091 26.0 5.0 27.0 5.0 26.0 4.0 27.0 4.0
2092 27.0 5.0 28.0 5.0 27.0 4.0 28.0 4.0
2093 28.0 5.0 29.0 5.0 28.0 4.0 29.0 4.0
2094 29.0 5.0 30.0 5.0 29.0 4.0 30.0 4.0
2095 30.0 5.0 31.0 5.0 30.0 4.0 31.0 4.0
2096 31.0 5.0 32.0 5.0 31.0 4.0 32.0 4.0
2097 32.0 5.0 33.0 5.0 32.0 4.0 33.0 4.0
2098 33.0 5.0 34.0 5.0 33.0 4.0 34.0 4.0
2099 34.0 5.0 35.0 5.0 34.0 4.0 35.0 4.0
2100 35.0 5.0 36.0 5.0 35.0 4.0 36.0 4.0
2101 36.0 5.0 37.0 5.0 36.0 4.0 37.0 4.0
2102 37.0 5.0 38.0 5.0 37.0 4.0 38.0 4.0
2103 38.0 5.0 39.0 5.0 38.0 4.0 39.0 4.0
2104 39.0 5.0 40.0 5.0 39.0 4.0 40.0 4.0
2105 40.0 5.0 41.0 5.0 40.0 4.0 41.0 4.0
2106 41.0 5.0 42.0 5.0 41.0 4.0 42.0 4.0
2107 42.0 5.0 43.0 5.0 42.0 4.0 43.0 4.0
2108 43.0 5.0 44.0 5.0 43.0 4.0 44.0 4.0
2109 44.0 5.0 45.0 5.0 44.0 4.0 45.0 4.0
2110 45.0 5.0 46.0 5.0 45.0 4.0 46.0 4.0
2111 46.0 5.0 47.0 5.0 46.0 4.0 47.0 4.0
2112 47.0 5.0 48.0 5.0 47.0 4.0 48.0 4.0
2113 0.0 4.0 1.0 4.0 0.0 3.0 1.0 3.0
2114 1.0 4.0 2.0 4.0 1.0 3.0 2.0 3.0
2115 2.0 4.0 3.0 4.0 2.0 3.0 3.0 3.0
2116 3.0 4.0 4.0 4.0 3.0 3.0 4.0 3.0
2117 4.0 4.0 5.0 4.0 4.0 3.0 5.0 3.0
2118 5.0 4.0 6.0 4.0 5.0 3.0 6.0 3.0
2119 6.0 4.0 7.0 4.0 6.0 3.0 7.0 3.0
2120 7.0 4.0 8.0 4.0 7.0 3.0 8.0 3.0
2121 8.0 4.0 9.0 4.0 8.0 3.0 9.0 3.0
2122 9.0 4.0 10.0 4.0 9.0 3.0 10.0 3.0
2123 10.0 4.0 11.0 4.0 10.0 3.0 11.0 3.0
2124 11.0 4.0 12.0 4.0 11.0 3.0 12.0 3.0
2125 12.0 4.0 13.0 4.0 12.0 3.0 13.0 3.0
2126 13.0 4.0 14.0 4.0 13.0 3.0 14.0 3.0
2127 14.0 4.0 15.0 4.0 14.0 3.0 15.0 3.0
2128 15.0 4.0 16.0 4.0 15.0 3.0 16.0 3.0
2129 16.0 4.0 17.0 4.0 16.0 3.0 17.0 3.0
2130 17.0 4.0 18.0 4.0 17.0 3.0 18.0 3.0
2131 18.0 4.0 19.0 4.0 18.0 3.0 19.0 3.0
2132 19.0 4.0 20.0 4.0 19.0 3.0 20.0 3.0
2133 20.0 4.0 21.0 4.0 20.0 3.0 21.0 3.0
2134 21.0 4.0 22.0 4.0 21.0 3.0 22.0 3.0
2135 22.0 4.0 23.0 4.0 22.0 3.0 23.0 3.0
2136 23.0 4.0 24.0 4.0 23.0 3.0 24.0 3.0
2137 24.0 4.0 25.0 4.0 24.0 3.0 25.0 3.0
2138 25.0 4.0 26.0 4.0 25.0 3.0 26.0 3.0
2139 26.0 4.0 27.0 4.0 26.0 3.0 27.0 3.0
2140 27.0 4.0 28.0 4.0 27.0 3.0 28.0 3.0
2141 28.0 4.0 29.0 4.0 28.0 3.0 29.0 3.0
2142 29.0 4.0 30.0 4.0 29.0 3.0 30.0 3.0
2143 30.0 4.0 31.0 4.0 30.0 3.0 31.0 3.0
2144 31.0 4.0 32.0 4.0 31.0 3.0 32.0 3.0
2145 32.0 4.0 33.0 4.0 32.0 3.0 33.0 3.0
2146 33.0 4.0 34.0 4.0 33.0 3.0 34.0 3.0
2147 34.0 4.0 35.0 4.0 34.0 3.0 35.0 3.0
2148 35.0 4.0 36.0 4.0 35.0 3.0 36.0 3.0
2149 36.0 4.0 37.0 4.0 36.0 3.0 37.0 3.0
2150 37.0 4.0 38.0 4.0 37.0 3.0 38.0 3.0
2151 38.0 4.0 39.0 4.0 38.0 3.0 39.0 3.0
2152 39.0 4.0 40.0 4.0 39.0 3.0 40.0 3.0
2153 40.0 4.0 41.0 4.0 40.0 3.0 41.0 3.0
2154 41.0 4.0 42.0 4.0 41.0 3.0 42.0 3.0
2155 42.0 4.0 43.0 4.0 42.0 3.0 43.0 3.0
2156 43.0 4.0 44.0 4.0 43.0 3.0 44.0 3.0
2157 44.0 4.0 45.0 4.0 44.0 3.0 45.0 3.0
2158 45.0 4.0 46.0 4.0 45.0 3.0 46.0 3.0
2159 46.0 4.0 47.0 4.0 46.0 3.0 47.0 3.0
2160 47.0 4.0 48.0 4.0 47.0 3.0 48.0 3.0
2161 0.0 3.0 1.0 3.0 0.0 2.0 1.0 2.0
2162 1.0 3.0 2.0 3.0 1.0 2.0 2.0 2.0
2163 2.0 3.0 3.0 3.0 2.0 2.0 3.0 2.0
2164 3.0 3.0 4.0 3.0 3.0 2.0 4.0 2.0
2165 4.0 3.0 5.0 3.0 4.0 2.0 5.0 2.0
2166 5.0 3.0 6.0 3.0 5.0 2.0 6.0 2.0
2167 6.0 3.0 7.0 3.0 6.0 2.0 7.0 2.0
2168 7.0 3.0 8.0 3.0 7.0 2.0 8.0 2.0
2169 8.0 3.0 9.0 3.0 8.0 2.0 9.0 2.0
2170 9.0 3.0 10.0 3.0 9.0 2.0 10.0 2.0
2171 10.0 3.0 11.0 3.0 10.0 2.0 11.0 2.0
2172 11.0 3.0 12.0 3.0 11.0 2.0 12.0 2.0
2173 12.0 3.0 13.0 3.0 12.0 2.0 13.0 2.0
2174 13.0 3.0 14.0 3.0 13.0 2.0 14.0 2.0
2175 14.0 3.0 15.0 3.0 14.0 2.0 15.0 2.0
2176 15.0 3.0 16.0 3.0 15.0 2.0 16.0 2.0
2177 16.0 3.0 17.0 3.0 16.0 2.0 17.0 2.0
2178 17.0 3.0 18.0 3.0 17.0 2.0 18.0 2.0
2179 18.0 3.0 19.0 3.0 18.0 2.0 19.0 2.0
2180 19.0 3.0 20.0 3.0 19.0 2.0 20.0 2.0
2181 20.0 3.0 21.0 3.0 20.0 2.0 21.0 2.0
2182 21.0 3.0 22.0 3.0 21.0 2.0 22.0 2.0
2183 22.0 3.0 23.0 3.0 22.0 2.0 23.0 2.0
2184 23.0 3.0 24.0 3.0 23.0 2.0 24.0 2.0
2185 24.0 3.0 25.0 3.0 24.0 2.0 25.0 2.0
2186 25.0 3.0 26.0 3.0 25.0 2.0 26.0 2.0
2187 26.0 3.0 27.0 3.0 26.0 2.0 27.0 2.0
2188 27.0 3.0 28.0 3.0 27.0 2.0 28.0 2.0
2189 28.0 3.0 29.0 3.0 28.0 2.0 29.0 2.0
2190 29.0 3.0 30.0 3.0 29.0 2.0 30.0 2.0
2191 30.0 3.0 31.0 3.0 30.0 2.0 31.0 2.0
2192 31.0 3.0 32.0 3.0 31.0 2.0 32.0 2.0
2193 32.0 3.0 33.0 3.0 32.0 2.0 33.0 2.0
2194 33.0 3.0 34.0 3.0 33.0 2.0 34.0 2.0
2195 34.0 3.0 35.0 3.0 34.0 2.0 35.0 2.0
2196 35.0 3.0 36.0 3.0 35.0 2.0 36.0 2.0
2197 36.0 3.0 37.0 3.0 36.0 2.0 37.0 2.0
2198 37.0 3.0 38.0 3.0 37.0 2.0 38.0 2.0
2199 38.0 3.0 39.0 3.0 38.0 2.0 39.0 2.0
2200 39.0 3.0 40.0 3.0 39.0 2.0 40.0 2.0
2201 40.0 3.0 41.0 3.0 40.0 2.0 41.0 2.0
2202 41.0 3.0 42.0 3.0 41.0 2.0 42.0 2.0
2203 42.0 3.0 43.0 3.0 42.0 2.0 43.0 2.0
2204 43.0 3.0 44.0 3.0 43.0 2.0 44.0 2.0
2205 44.0 3.0 45.0 3.0 44.0 2.0 45.0 2.0
2206 45.0 3.0 46.0 3.0 45.0 2.0 46.0 2.0
2207 46.0 3.0 47.0 3.0 46.0 2.0 47.0 2.0
2208 47.0 3.0 48.0 3.0 47.0 2.0 48.0 2.0
2209 0.0 2.0 1.0 2.0 0.0 1.0 1.0 1.0
2210 1.0 2.0 2.0 2.0 1.0 1.0 2.0 1.0
2211 2.0 2.0 3.0 2.0 2.0 1.0 3.0 1.0
2212 3.0 2.0 4.0 2.0 3.0 1.0 4.0 1.0
2213 4.0 2.0 5.0 2.0 4.0 1.0 5.0 1.0
2214 5.0 2.0 6.0 2.0 5.0 1.0 6.0 1.0
2215 6.0 2.0 7.0 2.0 6.0 1.0 7.0 1.0
2216 7.0 2.0 8.0 2.0 7.0 1.0 8.0 1.0
2217 8.0 2.0 9.0 2.0 8.0 1.0 9.0 1.0
2218 9.0 2.0 10.0 2.0 9.0 1.0 10.0 1.0
2219 10.0 2.0 11.0 2.0 10.0 1.0 11.0 1.0
2220 11.0 2.0 12.0 2.0 11.0 1.0 12.0 1.0
2221 12.0 2.0 13.0 2.0 12.0 1.0 13.0 1.0
2222 13.0 2.0 14.0 2.0 13.0 1.0 14.0 1.0
2223 14.0 2.0 15.0 2.0 14.0 1.0 15.0 1.0
2224 15.0 2.0 16.0 2.0 15.0 1.0 16.0 1.0
2225 16.0 2.0 17.0 2.0 16.0 1.0 17.0 1.0
2226 17.0 2.0 18.0 2.0 17.0 1.0 18.0 1.0
2227 18.0 2.0 19.0 2.0 18.0 1.0 19.0 1.0
2228 19.0 2.0 20.0 2.0 19.0 1.0 20.0 1.0
2229 20.0 2.0 21.0 2.0 20.0 1.0 21.0 1.0
2230 21.0 2.0 22.0 2.0 21.0 1.0 22.0 1.0
2231 22.0 2.0 23.0 2.0 22.0 1.0 23.0 1.0
2232 23.0 2.0 24.0 2.0 23.0 1.0 24.0 1.0
2233 24.0 2.0 25.0 2.0 24.0 1.0 25.0 1.0
2234 25.0 2.0 26.0 2.0 25.0 1.0 26.0 1.0
2235 26.0 2.0 27.0 2.0 26.0 1.0 27.0 1.0
2236 27.0 2.0 28.0 2.0 27.0 1.0 28.0 1.0
2237 28.0 2.0 29.0 2.0 28.0 1.0 29.0 1.0
2238 29.0 2.0 30.0 2.0 29.0 1.0 30.0 1.0
2239 30.0 2.0 31.0 2.0 30.0 1.0 31.0 1.0
2240 31.0 2.0 32.0 2.0 31.0 1.0 32.0 1.0
2241 32.0 2.0 33.0 2.0 32.0 1.0 33.0 1.0
2242 33.0 2.0 34.0 2.0 33.0 1.0 34.0 1.0
2243 34.0 2.0 35.0 2.0 34.0 1.0 35.0 1.0
2244 35.0 2.0 36.0 2.0 35.0 1.0 36.0 1.0
2245 36.0 2.0 37.0 2.0 36.0 1.0 37.0 1.0
2246 37.0 2.0 38.0 2.0 37.0 1.0 38.0 1.0
2247 38.0 2.0 39.0 2.0 38.0 1.0 39.0 1.0
2248 39.0 2.0 40.0 2.0 39.0 1.0 40.0 1.0
2249 40.0 2.0 41.0 2.0 40.0 1.0 41.0 1.0
2250 41.0 2.0 42.0 2.0 41.0 1.0 42.0 1.0
2251 42.0 2.0 43.0 2.0 42.0 1.0 43.0 1.0
2252 43.0 2.0 44.0 2.0 43.0 1.0 44.0 1.0
2253 44.0 2.0 45.0 2.0 44.0 1.0 45.0 1.0
2254 45.0 2.0 46.0 2.0 45.0 1.0 46.0 1.0
2255 46.0 2.0 47.0 2.0 46.0 1.0 47.0 1.0
2256 47.0 2.0 48.0 2.0 47.0 1.0 48.0 1.0
2257 0.0 1.0 1.0 1.0 0.0 0.0 1.0 0.0
2258 1.0 1.0 2.0 1.0 1.0 0.0 2.0 0.0
2259 2.0 1.0 3.0 1.0 2.0 0.0 3.0 0.0
2260 3.0 1.0 4.0 1.0 3.0 0.0 4.0 0.0
2261 4.0 1.0 5.0 1.0 4.0 0.0 5.0 0.0
2262 5.0 1.0 6.0 1.0 5.0 0.0 6.0 0.0
2263 6.0 1.0 7.0 1.0 6.0 0.0 7.0 0.0
2264 7.0 1.0 8.0 1.0 7.0 0.0 8.0 0.0
2265 8.0 1.0 9.0 1.0 8.0 0.0 9.0 0.0
2266 9.0 1.0 10.0 1.0 9.0 0.0 10.0 0.0
2267 10.0 1.0 11.0 1.0 10.0 0.0 11.0 0.0
2268 11.0 1.0 12.0 1.0 11.0 0.0 12.0 0.0
2269 12.0 1.0 13.0 1.0 12.0 0.0 13.0 0.0
2270 13.0 1.0 14.0 1.0 13.0 0.0 14.0 0.0
2271 14.0 1.0 15.0 1.0 14.0 0.0 15.0 0.0
2272 15.0 1.0 16.0 1.0 15.0 0.0 16.0 0.0
2273 16.0 1.0 17.0 1.0 16.0 0.0 17.0 0.0
2274 17.0 1.0 18.0 1.0 17.0 0.0 18.0 0.0
2275 18.0 1.0 19.0 1.0 18.0 0.0 19.0 0.0
2276 19.0 1.0 20.0 1.0 19.0 0.0 20.0 0.0
2277 20.0 1.0 21.0 1.0 20.0 0.0 21.0 0.0
2278 21.0 1.0 22.0 1.0 21.0 0.0 22.0 0.0
2279 22.0 1.0 23.0 1.0 22.0 0.0 23.0 0.0
2280 23.0 1.0 24.0 1.0 23.0 0.0 24.0 0.0
2281 24.0 1.0 25.0 1.0 24.0 0.0 25.0 0.0
2282 25.0 1.0 26.0 1.0 25.0 0.0 26.0 0.0
2283 26.0 1.0 27.0 1.0 26.0 0.0 27.0 0.0
2284 27.0 1.0 28.0 1.0 27.0 0.0 28.0 0.0
2285 28.0 1.0 29.0 1.0 28.0 0.0 29.0 0.0
2286 29.0 1.0 30.0 1.0 29.0 0.0 30.0 0.0
2287 30.0 1.0 31.0 1.0 30.0 0.0 31.0 0.0
2288 31.0 1.0 32.0 1.0 31.0 0.0 32.0 0.0
2289 32.0 1.0 33.0 1.0 32.0 0.0 33.0 0.0
2290 33.0 1.0 34.0 1.0 33.0 0.0 34.0 0.0
2291 34.0 1.0 35.0 1.0 34.0 0.0 35.0 0.0
2292 35.0 1.0 36.0 1.0 35.0 0.0 36.0 0.0
2293 36.0 1.0 37.0 1.0 36.0 0.0 37.0 0.0
2294 37.0 1.0 38.0 1.0 37.0 0.0 38.0 0.0
2295 38.0 1.0 39.0 1.0 38.0 0.0 39.0 0.0
2296 39.0 1.0 40.0 1.0 39.0 0.0 40.0 0.0
2297 40.0 1.0 41.0 1.0 40.0 0.0 41.0 0.0
2298 41.0 1.0 42.0 1.0 41.0 0.0 42.0 0.0
2299 42.0 1.0 43.0 1.0 42.0 0.0 43.0 0.0
2300 43.0 1.0 44.0 1.0 43.0 0.0 44.0 0.0
2301 44.0 1.0 45.0 1.0 44.0 0.0 45.0 0.0
2302 45.0 1.0 46.0 1.0 45.0 0.0 46.0 0.0
2303 46.0 1.0 47.0 1.0 46.0 0.0 47.0 0.0
2304 47.0 1.0 48.0 1.0 47.0 0.0 48.0 0.0
