customer weight Xc Yc
1 1.0 0.5 47.5
2 1.0 1.5 47.5
3 1.0 2.5 47.5
4 1.0 3.5 47.5
5 1.0 4.5 47.5
6 1.0 5.5 47.5
7 1.0 6.5 47.5
8 1.0 7.5 47.5
9 1.0 8.5 47.5
10 1.0 9.5 47.5
11 1.0 10.5 47.5
12 1.0 11.5 47.5
13 1.0 12.5 47.5
14 1.0 13.5 47.5
15 1.044 14.5 47.5
16 1.0 15.5 47.5
17 1.0 16.5 47.5
18 1.0 17.5 47.5
19 1.0 18.5 47.5
20 1.0 19.5 47.5
21 1.0 20.5 47.5
22 1.0 21.5 47.5
23 1.0 22.5 47.5
24 1.0 23.5 47.5
25 1.0 24.5 47.5
26 2.173 25.5 47.5
27 2.058 26.5 47.5
28 1.766 27.5 47.5
29 1.14 28.5 47.5
30 1.47 29.5 47.5
31 1.0 30.5 47.5
32 1.141 31.5 47.5
33 1.308 32.5 47.5
34 1.0 33.5 47.5
35 1.0 34.5 47.5
36 1.06 35.5 47.5
37 1.142 36.5 47.5
38 1.076 37.5 47.5
39 1.0 38.5 47.5
40 1.0 39.5 47.5
41 1.0 40.5 47.5
42 1.0 41.5 47.5
43 1.0 42.5 47.5
44 1.0 43.5 47.5
45 1.0 44.5 47.5
46 1.0 45.5 47.5
47 1.0 46.5 47.5
48 1.0 47.5 47.5
49 1.0 0.5 46.5
50 1.0 1.5 46.5
51 1.0 2.5 46.5
52 1.0 3.5 46.5
53 1.0 4.5 46.5
54 1.0 5.5 46.5
55 1.0 6.5 46.5
56 1.0 7.5 46.5
57 1.0 8.5 46.5
58 1.0 9.5 46.5
59 1.0 10.5 46.5
60 1.0 11.5 46.5
61 1.0 12.5 46.5
62 1.0 13.5 46.5
63 1.0 14.5 46.5
64 1.183 15.5 46.5
65 1.0 16.5 46.5
66 1.0 17.5 46.5
67 1.0 18.5 46.5
68 1.0 19.5 46.5
69 1.0 20.5 46.5
70 1.0 21.5 46.5
71 1.0 22.5 46.5
72 1.0 23.5 46.5
73 1.0 24.5 46.5
74 1.0 25.5 46.5
75 2.284 26.5 46.5
76 2.071 27.5 46.5
77 1.538 28.5 46.5
78 1.001 29.5 46.5
79 1.0 30.5 46.5
80 1.37 31.5 46.5
81 1.0 32.5 46.5
82 1.302 33.5 46.5
83 1.0 34.5 46.5
84 1.287 35.5 46.5
85 1.239 36.5 46.5
86 1.0 37.5 46.5
87 1.0 38.5 46.5
88 1.0 39.5 46.5
89 1.0 40.5 46.5
90 1.0 41.5 46.5
91 1.0 42.5 46.5
92 1.0 43.5 46.5
93 1.0 44.5 46.5
94 1.0 45.5 46.5
95 1.0 46.5 46.5
96 1.0 47.5 46.5
97 1.0 0.5 45.5
98 1.0 1.5 45.5
99 1.0 2.5 45.5
100 1.0 3.5 45.5
101 1.0 4.5 45.5
102 1.0 5.5 45.5
103 1.0 6.5 45.5
104 1.0 7.5 45.5
105 1.0 8.5 45.5
106 1.0 9.5 45.5
107 1.0 10.5 45.5
108 1.0 11.5 45.5
109 1.0 12.5 45.5
110 1.0 13.5 45.5
111 1.0 14.5 45.5
112 1.0 15.5 45.5
113 1.375 16.5 45.5
114 1.0 17.5 45.5
115 1.0 18.5 45.5
116 1.0 19.5 45.5
117 1.0 20.5 45.5
118 1.112 21.5 45.5
119 1.0 22.5 45.5
120 1.0 23.5 45.5
121 1.0 24.5 45.5
122 1.255 25.5 45.5
123 1.248 26.5 45.5
124 2.572 27.5 45.5
125 1.37 28.5 45.5
126 1.75 29.5 45.5
127 1.374 30.5 45.5
128 1.183 31.5 45.5
129 1.181 32.5 45.5
130 1.0 33.5 45.5
131 1.431 34.5 45.5
132 1.0 35.5 45.5
133 1.0 36.5 45.5
134 1.158 37.5 45.5
135 1.109 38.5 45.5
136 1.096 39.5 45.5
137 1.0 40.5 45.5
138 1.0 41.5 45.5
139 1.0 42.5 45.5
140 1.0 43.5 45.5
141 1.0 44.5 45.5
142 1.0 45.5 45.5
143 1.0 46.5 45.5
144 1.0 47.5 45.5
145 1.0 0.5 44.5
146 1.0 1.5 44.5
147 1.0 2.5 44.5
148 1.0 3.5 44.5
149 1.0 4.5 44.5
150 1.0 5.5 44.5
151 1.0 6.5 44.5
152 1.0 7.5 44.5
153 1.0 8.5 44.5
154 1.0 9.5 44.5
155 1.0 10.5 44.5
156 1.0 11.5 44.5
157 1.0 12.5 44.5
158 1.0 13.5 44.5
159 1.0 14.5 44.5
160 1.359 15.5 44.5
161 1.33 16.5 44.5
162 1.577 17.5 44.5
163 1.0 18.5 44.5
164 1.0 19.5 44.5
165 1.0 20.5 44.5
166 1.0 21.5 44.5
167 1.309 22.5 44.5
168 1.015 23.5 44.5
169 1.317 24.5 44.5
170 1.834 25.5 44.5
171 1.138 26.5 44.5
172 2.367 27.5 44.5
173 2.692 28.5 44.5
174 2.168 29.5 44.5
175 1.448 30.5 44.5
176 1.459 31.5 44.5
177 1.332 32.5 44.5
178 1.721 33.5 44.5
179 1.696 34.5 44.5
180 1.668 35.5 44.5
181 1.347 36.5 44.5
182 1.074 37.5 44.5
183 1.0 38.5 44.5
184 1.0 39.5 44.5
185 1.0 40.5 44.5
186 1.0 41.5 44.5
187 1.0 42.5 44.5
188 1.0 43.5 44.5
189 1.0 44.5 44.5
190 1.0 45.5 44.5
191 1.0 46.5 44.5
192 1.0 47.5 44.5
193 1.0 0.5 43.5
194 1.0 1.5 43.5
195 1.0 2.5 43.5
196 1.0 3.5 43.5
197 1.0 4.5 43.5
198 1.0 5.5 43.5
199 1.0 6.5 43.5
200 1.0 7.5 43.5
201 1.0 8.5 43.5
202 1.0 9.5 43.5
203 1.0 10.5 43.5
204 1.0 11.5 43.5
205 1.0 12.5 43.5
206 1.0 13.5 43.5
207 1.038 14.5 43.5
208 1.0 15.5 43.5
209 1.296 16.5 43.5
210 1.809 17.5 43.5
211 1.0 18.5 43.5
212 1.019 19.5 43.5
213 1.0 20.5 43.5
214 1.0 21.5 43.5
215 1.0 22.5 43.5
216 1.971 23.5 43.5
217 1.667 24.5 43.5
218 1.952 25.5 43.5
219 2.134 26.5 43.5
220 1.527 27.5 43.5
221 2.771 28.5 43.5
222 1.904 29.5 43.5
223 1.58 30.5 43.5
224 1.411 31.5 43.5
225 1.557 32.5 43.5
226 1.95 33.5 43.5
227 1.195 34.5 43.5
228 1.392 35.5 43.5
229 1.0 36.5 43.5
230 1.0 37.5 43.5
231 1.0 38.5 43.5
232 1.0 39.5 43.5
233 1.0 40.5 43.5
234 1.0 41.5 43.5
235 1.0 42.5 43.5
236 1.0 43.5 43.5
237 1.0 44.5 43.5
238 1.0 45.5 43.5
239 1.0 46.5 43.5
240 1.0 47.5 43.5
241 1.0 0.5 42.5
242 1.0 1.5 42.5
243 1.0 2.5 42.5
244 1.0 3.5 42.5
245 1.0 4.5 42.5
246 1.0 5.5 42.5
247 1.0 6.5 42.5
248 1.0 7.5 42.5
249 1.0 8.5 42.5
250 1.0 9.5 42.5
251 1.0 10.5 42.5
252 1.0 11.5 42.5
253 1.0 12.5 42.5
254 1.0 13.5 42.5
255 1.0 14.5 42.5
256 1.0 15.5 42.5
257 1.0 16.5 42.5
258 1.298 17.5 42.5
259 1.829 18.5 42.5
260 1.678 19.5 42.5
261 1.515 20.5 42.5
262 1.693 21.5 42.5
263 1.166 22.5 42.5
264 1.0 23.5 42.5
265 2.098 24.5 42.5
266 1.678 25.5 42.5
267 2.527 26.5 42.5
268 2.182 27.5 42.5
269 2.832 28.5 42.5
270 2.117 29.5 42.5
271 2.575 30.5 42.5
272 2.145 31.5 42.5
273 2.102 32.5 42.5
274 1.54 33.5 42.5
275 1.394 34.5 42.5
276 1.163 35.5 42.5
277 1.04 36.5 42.5
278 1.0 37.5 42.5
279 1.0 38.5 42.5
280 1.139 39.5 42.5
281 1.0 40.5 42.5
282 1.0 41.5 42.5
283 1.0 42.5 42.5
284 1.0 43.5 42.5
285 1.0 44.5 42.5
286 1.0 45.5 42.5
287 1.0 46.5 42.5
288 1.0 47.5 42.5
289 1.0 0.5 41.5
290 1.0 1.5 41.5
291 1.0 2.5 41.5
292 1.0 3.5 41.5
293 1.0 4.5 41.5
294 1.0 5.5 41.5
295 1.0 6.5 41.5
296 1.0 7.5 41.5
297 1.0 8.5 41.5
298 1.0 9.5 41.5
299 1.0 10.5 41.5
300 1.0 11.5 41.5
301 1.0 12.5 41.5
302 1.0 13.5 41.5
303 1.0 14.5 41.5
304 1.037 15.5 41.5
305 1.0 16.5 41.5
306 1.0 17.5 41.5
307 1.53 18.5 41.5
308 1.909 19.5 41.5
309 2.345 20.5 41.5
310 2.528 21.5 41.5
311 1.968 22.5 41.5
312 1.391 23.5 41.5
313 1.025 24.5 41.5
314 2.505 25.5 41.5
315 3.022 26.5 41.5
316 1.806 27.5 41.5
317 2.331 28.5 41.5
318 3.088 29.5 41.5
319 1.658 30.5 41.5
320 2.244 31.5 41.5
321 1.857 32.5 41.5
322 1.0 33.5 41.5
323 1.281 34.5 41.5
324 1.0 35.5 41.5
325 1.0 36.5 41.5
326 1.0 37.5 41.5
327 1.0 38.5 41.5
328 1.0 39.5 41.5
329 1.268 40.5 41.5
330 1.174 41.5 41.5
331 1.013 42.5 41.5
332 1.0 43.5 41.5
333 1.0 44.5 41.5
334 1.0 45.5 41.5
335 1.0 46.5 41.5
336 1.0 47.5 41.5
337 1.0 0.5 40.5
338 1.036 1.5 40.5
339 1.0 2.5 40.5
340 1.0 3.5 40.5
341 1.111 4.5 40.5
342 1.0 5.5 40.5
343 1.0 6.5 40.5
344 1.0 7.5 40.5
345 1.0 8.5 40.5
346 1.0 9.5 40.5
347 1.0 10.5 40.5
348 1.0 11.5 40.5
349 1.0 12.5 40.5
350 1.0 13.5 40.5
351 1.0 14.5 40.5
352 1.0 15.5 40.5
353 1.204 16.5 40.5
354 1.0 17.5 40.5
355 1.549 18.5 40.5
356 2.325 19.5 40.5
357 2.09 20.5 40.5
358 2.749 21.5 40.5
359 3.039 22.5 40.5
360 2.037 23.5 40.5
361 1.952 24.5 40.5
362 1.954 25.5 40.5
363 3.249 26.5 40.5
364 2.576 27.5 40.5
365 2.736 28.5 40.5
366 2.176 29.5 40.5
367 3.116 30.5 40.5
368 2.13 31.5 40.5
369 1.582 32.5 40.5
370 1.429 33.5 40.5
371 1.26 34.5 40.5
372 1.196 35.5 40.5
373 1.068 36.5 40.5
374 1.0 37.5 40.5
375 1.0 38.5 40.5
376 1.037 39.5 40.5
377 1.28 40.5 40.5
378 1.15 41.5 40.5
379 1.0 42.5 40.5
380 1.0 43.5 40.5
381 1.0 44.5 40.5
382 1.0 45.5 40.5
383 1.0 46.5 40.5
384 1.0 47.5 40.5
385 1.0 0.5 39.5
386 1.0 1.5 39.5
387 1.13 2.5 39.5
388 1.0 3.5 39.5
389 1.463 4.5 39.5
390 1.11 5.5 39.5
391 1.037 6.5 39.5
392 1.037 7.5 39.5
393 1.0 8.5 39.5
394 1.0 9.5 39.5
395 1.0 10.5 39.5
396 1.0 11.5 39.5
397 1.0 12.5 39.5
398 1.0 13.5 39.5
399 1.0 14.5 39.5
400 1.0 15.5 39.5
401 1.0 16.5 39.5
402 1.352 17.5 39.5
403 1.424 18.5 39.5
404 1.046 19.5 39.5
405 1.996 20.5 39.5
406 2.312 21.5 39.5
407 2.409 22.5 39.5
408 3.154 23.5 39.5
409 2.291 24.5 39.5
410 2.339 25.5 39.5
411 2.665 26.5 39.5
412 3.742 27.5 39.5
413 3.27 28.5 39.5
414 3.294 29.5 39.5
415 2.501 30.5 39.5
416 1.894 31.5 39.5
417 1.706 32.5 39.5
418 1.681 33.5 39.5
419 1.306 34.5 39.5
420 1.807 35.5 39.5
421 1.261 36.5 39.5
422 1.462 37.5 39.5
423 1.303 38.5 39.5
424 1.392 39.5 39.5
425 1.042 40.5 39.5
426 1.021 41.5 39.5
427 1.079 42.5 39.5
428 1.0 43.5 39.5
429 1.0 44.5 39.5
430 1.0 45.5 39.5
431 1.0 46.5 39.5
432 1.0 47.5 39.5
433 1.0 0.5 38.5
434 1.0 1.5 38.5
435 1.0 2.5 38.5
436 1.308 3.5 38.5
437 1.536 4.5 38.5
438 1.114 5.5 38.5
439 1.234 6.5 38.5
440 1.0 7.5 38.5
441 1.0 8.5 38.5
442 1.0 9.5 38.5
443 1.0 10.5 38.5
444 1.0 11.5 38.5
445 1.0 12.5 38.5
446 1.0 13.5 38.5
447 1.0 14.5 38.5
448 1.04 15.5 38.5
449 1.179 16.5 38.5
450 1.292 17.5 38.5
451 1.016 18.5 38.5
452 1.362 19.5 38.5
453 1.745 20.5 38.5
454 1.342 21.5 38.5
455 2.321 22.5 38.5
456 3.047 23.5 38.5
457 3.554 24.5 38.5
458 4.156 25.5 38.5
459 4.282 26.5 38.5
460 4.812 27.5 38.5
461 3.498 28.5 38.5
462 3.394 29.5 38.5
463 3.266 30.5 38.5
464 3.406 31.5 38.5
465 3.186 32.5 38.5
466 1.642 33.5 38.5
467 1.912 34.5 38.5
468 2.136 35.5 38.5
469 1.325 36.5 38.5
470 1.298 37.5 38.5
471 1.673 38.5 38.5
472 1.65 39.5 38.5
473 1.425 40.5 38.5
474 1.18 41.5 38.5
475 1.0 42.5 38.5
476 1.0 43.5 38.5
477 1.0 44.5 38.5
478 1.0 45.5 38.5
479 1.0 46.5 38.5
480 1.0 47.5 38.5
481 1.0 0.5 37.5
482 1.032 1.5 37.5
483 1.077 2.5 37.5
484 1.162 3.5 37.5
485 1.465 4.5 37.5
486 1.546 5.5 37.5
487 1.149 6.5 37.5
488 1.044 7.5 37.5
489 1.069 8.5 37.5
490 1.065 9.5 37.5
491 1.0 10.5 37.5
492 1.0 11.5 37.5
493 1.0 12.5 37.5
494 1.0 13.5 37.5
495 1.0 14.5 37.5
496 1.0 15.5 37.5
497 1.029 16.5 37.5
498 1.038 17.5 37.5
499 1.0 18.5 37.5
500 1.474 19.5 37.5
501 1.479 20.5 37.5
502 1.955 21.5 37.5
503 2.026 22.5 37.5
504 2.411 23.5 37.5
505 2.634 24.5 37.5
506 3.999 25.5 37.5
507 3.223 26.5 37.5
508 4.885 27.5 37.5
509 3.585 28.5 37.5
510 4.106 29.5 37.5
511 3.896 30.5 37.5
512 3.563 31.5 37.5
513 1.831 32.5 37.5
514 2.004 33.5 37.5
515 1.952 34.5 37.5
516 1.896 35.5 37.5
517 2.192 36.5 37.5
518 1.816 37.5 37.5
519 1.325 38.5 37.5
520 1.157 39.5 37.5
521 1.13 40.5 37.5
522 1.0 41.5 37.5
523 1.0 42.5 37.5
524 1.0 43.5 37.5
525 1.0 44.5 37.5
526 1.0 45.5 37.5
527 1.0 46.5 37.5
528 1.0 47.5 37.5
529 1.0 0.5 36.5
530 1.07 1.5 36.5
531 1.0 2.5 36.5
532 1.616 3.5 36.5
533 1.713 4.5 36.5
534 1.0 5.5 36.5
535 1.125 6.5 36.5
536 1.0 7.5 36.5
537 1.061 8.5 36.5
538 1.093 9.5 36.5
539 1.073 10.5 36.5
540 1.0 11.5 36.5
541 1.0 12.5 36.5
542 1.0 13.5 36.5
543 1.0 14.5 36.5
544 1.0 15.5 36.5
545 1.0 16.5 36.5
546 1.0 17.5 36.5
547 1.122 18.5 36.5
548 1.0 19.5 36.5
549 1.284 20.5 36.5
550 1.627 21.5 36.5
551 2.398 22.5 36.5
552 2.45 23.5 36.5
553 2.825 24.5 36.5
554 3.244 25.5 36.5
555 2.729 26.5 36.5
556 5.077 27.5 36.5
557 5.295 28.5 36.5
558 5.008 29.5 36.5
559 4.633 30.5 36.5
560 3.571 31.5 36.5
561 3.65 32.5 36.5
562 3.501 33.5 36.5
563 3.051 34.5 36.5
564 2.575 35.5 36.5
565 2.317 36.5 36.5
566 1.671 37.5 36.5
567 1.372 38.5 36.5
568 1.0 39.5 36.5
569 1.0 40.5 36.5
570 1.0 41.5 36.5
571 1.0 42.5 36.5
572 1.0 43.5 36.5
573 1.0 44.5 36.5
574 1.0 45.5 36.5
575 1.0 46.5 36.5
576 1.0 47.5 36.5
577 1.698 0.5 35.5
578 1.398 1.5 35.5
579 1.093 2.5 35.5
580 1.523 3.5 35.5
581 1.681 4.5 35.5
582 1.799 5.5 35.5
583 1.847 6.5 35.5
584 1.021 7.5 35.5
585 1.211 8.5 35.5
586 1.0 9.5 35.5
587 1.068 10.5 35.5
588 1.0 11.5 35.5
589 1.0 12.5 35.5
590 1.0 13.5 35.5
591 1.0 14.5 35.5
592 1.0 15.5 35.5
593 1.0 16.5 35.5
594 1.0 17.5 35.5
595 1.029 18.5 35.5
596 1.089 19.5 35.5
597 1.276 20.5 35.5
598 2.308 21.5 35.5
599 2.227 22.5 35.5
600 1.415 23.5 35.5
601 2.908 24.5 35.5
602 2.243 25.5 35.5
603 5.123 26.5 35.5
604 4.82 27.5 35.5
605 5.819 28.5 35.5
606 5.907 29.5 35.5
607 5.562 30.5 35.5
608 5.181 31.5 35.5
609 2.932 32.5 35.5
610 3.528 33.5 35.5
611 3.515 34.5 35.5
612 3.413 35.5 35.5
613 1.737 36.5 35.5
614 1.264 37.5 35.5
615 1.0 38.5 35.5
616 1.01 39.5 35.5
617 1.0 40.5 35.5
618 1.0 41.5 35.5
619 1.0 42.5 35.5
620 1.0 43.5 35.5
621 1.0 44.5 35.5
622 1.0 45.5 35.5
623 1.0 46.5 35.5
624 1.0 47.5 35.5
625 1.237 0.5 34.5
626 1.966 1.5 34.5
627 1.162 2.5 34.5
628 1.768 3.5 34.5
629 1.303 4.5 34.5
630 1.884 5.5 34.5
631 1.417 6.5 34.5
632 1.4 7.5 34.5
633 1.274 8.5 34.5
634 1.273 9.5 34.5
635 1.028 10.5 34.5
636 1.213 11.5 34.5
637 1.0 12.5 34.5
638 1.0 13.5 34.5
639 1.0 14.5 34.5
640 1.0 15.5 34.5
641 1.0 16.5 34.5
642 1.0 17.5 34.5
643 1.312 18.5 34.5
644 1.886 19.5 34.5
645 1.971 20.5 34.5
646 2.222 21.5 34.5
647 1.358 22.5 34.5
648 2.096 23.5 34.5
649 2.464 24.5 34.5
650 2.918 25.5 34.5
651 4.352 26.5 34.5
652 5.807 27.5 34.5
653 5.067 28.5 34.5
654 5.604 29.5 34.5
655 6.0 30.5 34.5
656 5.357 31.5 34.5
657 5.63 32.5 34.5
658 3.267 33.5 34.5
659 3.105 34.5 34.5
660 2.024 35.5 34.5
661 2.153 36.5 34.5
662 1.798 37.5 34.5
663 1.563 38.5 34.5
664 1.208 39.5 34.5
665 1.128 40.5 34.5
666 1.0 41.5 34.5
667 1.0 42.5 34.5
668 1.0 43.5 34.5
669 1.0 44.5 34.5
670 1.0 45.5 34.5
671 1.0 46.5 34.5
672 1.0 47.5 34.5
673 1.723 0.5 33.5
674 2.049 1.5 33.5
675 2.097 2.5 33.5
676 1.191 3.5 33.5
677 1.848 4.5 33.5
678 2.255 5.5 33.5
679 1.553 6.5 33.5
680 1.084 7.5 33.5
681 1.799 8.5 33.5
682 1.377 9.5 33.5
683 1.14 10.5 33.5
684 1.22 11.5 33.5
685 1.0 12.5 33.5
686 1.0 13.5 33.5
687 1.0 14.5 33.5
688 1.0 15.5 33.5
689 1.0 16.5 33.5
690 1.158 17.5 33.5
691 1.478 18.5 33.5
692 1.461 19.5 33.5
693 1.923 20.5 33.5
694 1.719 21.5 33.5
695 1.437 22.5 33.5
696 2.184 23.5 33.5
697 3.141 24.5 33.5
698 2.909 25.5 33.5
699 4.937 26.5 33.5
700 4.102 27.5 33.5
701 4.012 28.5 33.5
702 5.24 29.5 33.5
703 5.39 30.5 33.5
704 5.821 31.5 33.5
705 4.217 32.5 33.5
706 3.977 33.5 33.5
707 3.672 34.5 33.5
708 2.334 35.5 33.5
709 1.173 36.5 33.5
710 1.922 37.5 33.5
711 1.234 38.5 33.5
712 1.514 39.5 33.5
713 1.297 40.5 33.5
714 1.0 41.5 33.5
715 1.0 42.5 33.5
716 1.0 43.5 33.5
717 1.0 44.5 33.5
718 1.0 45.5 33.5
719 1.0 46.5 33.5
720 1.0 47.5 33.5
721 1.985 0.5 32.5
722 2.632 1.5 32.5
723 1.894 2.5 32.5
724 1.784 3.5 32.5
725 2.073 4.5 32.5
726 2.577 5.5 32.5
727 1.949 6.5 32.5
728 1.795 7.5 32.5
729 2.0 8.5 32.5
730 1.323 9.5 32.5
731 1.831 10.5 32.5
732 1.054 11.5 32.5
733 1.0 12.5 32.5
734 1.0 13.5 32.5
735 1.0 14.5 32.5
736 1.0 15.5 32.5
737 1.0 16.5 32.5
738 1.0 17.5 32.5
739 1.0 18.5 32.5
740 1.825 19.5 32.5
741 1.235 20.5 32.5
742 1.57 21.5 32.5
743 2.12 22.5 32.5
744 2.847 23.5 32.5
745 1.526 24.5 32.5
746 3.991 25.5 32.5
747 4.639 26.5 32.5
748 2.631 27.5 32.5
749 3.79 28.5 32.5
750 4.551 29.5 32.5
751 4.429 30.5 32.5
752 3.472 31.5 32.5
753 5.297 32.5 32.5
754 3.936 33.5 32.5
755 3.939 34.5 32.5
756 3.46 35.5 32.5
757 1.9 36.5 32.5
758 1.499 37.5 32.5
759 1.867 38.5 32.5
760 1.47 39.5 32.5
761 1.448 40.5 32.5
762 1.068 41.5 32.5
763 1.01 42.5 32.5
764 1.0 43.5 32.5
765 1.0 44.5 32.5
766 1.0 45.5 32.5
767 1.0 46.5 32.5
768 1.0 47.5 32.5
769 3.487 0.5 31.5
770 2.209 1.5 31.5
771 2.463 2.5 31.5
772 3.264 3.5 31.5
773 2.624 4.5 31.5
774 3.725 5.5 31.5
775 3.422 6.5 31.5
776 3.069 7.5 31.5
777 2.517 8.5 31.5
778 1.834 9.5 31.5
779 1.265 10.5 31.5
780 1.0 11.5 31.5
781 1.0 12.5 31.5
782 1.0 13.5 31.5
783 1.0 14.5 31.5
784 1.0 15.5 31.5
785 1.0 16.5 31.5
786 1.0 17.5 31.5
787 1.083 18.5 31.5
788 1.063 19.5 31.5
789 1.0 20.5 31.5
790 1.946 21.5 31.5
791 2.468 22.5 31.5
792 1.0 23.5 31.5
793 3.163 24.5 31.5
794 4.43 25.5 31.5
795 2.984 26.5 31.5
796 3.589 27.5 31.5
797 4.397 28.5 31.5
798 3.518 29.5 31.5
799 2.896 30.5 31.5
800 3.489 31.5 31.5
801 3.429 32.5 31.5
802 3.637 33.5 31.5
803 2.862 34.5 31.5
804 2.556 35.5 31.5
805 2.497 36.5 31.5
806 1.704 37.5 31.5
807 1.617 38.5 31.5
808 1.355 39.5 31.5
809 1.0 40.5 31.5
810 1.179 41.5 31.5
811 1.0 42.5 31.5
812 1.0 43.5 31.5
813 1.0 44.5 31.5
814 1.0 45.5 31.5
815 1.0 46.5 31.5
816 1.0 47.5 31.5
817 3.743 0.5 30.5
818 3.833 1.5 30.5
819 3.734 2.5 30.5
820 4.086 3.5 30.5
821 4.176 4.5 30.5
822 2.68 5.5 30.5
823 2.072 6.5 30.5
824 1.536 7.5 30.5
825 1.412 8.5 30.5
826 1.328 9.5 30.5
827 1.0 10.5 30.5
828 1.0 11.5 30.5
829 1.0 12.5 30.5
830 1.0 13.5 30.5
831 1.0 14.5 30.5
832 1.0 15.5 30.5
833 1.0 16.5 30.5
834 1.055 17.5 30.5
835 1.0 18.5 30.5
836 1.532 19.5 30.5
837 1.676 20.5 30.5
838 1.437 21.5 30.5
839 1.0 22.5 30.5
840 1.77 23.5 30.5
841 3.567 24.5 30.5
842 4.09 25.5 30.5
843 4.016 26.5 30.5
844 2.802 27.5 30.5
845 4.143 28.5 30.5
846 3.834 29.5 30.5
847 2.297 30.5 30.5
848 2.214 31.5 30.5
849 3.298 32.5 30.5
850 1.928 33.5 30.5
851 2.949 34.5 30.5
852 2.404 35.5 30.5
853 1.446 36.5 30.5
854 2.401 37.5 30.5
855 2.318 38.5 30.5
856 1.178 39.5 30.5
857 1.0 40.5 30.5
858 1.0 41.5 30.5
859 1.106 42.5 30.5
860 1.0 43.5 30.5
861 1.0 44.5 30.5
862 1.0 45.5 30.5
863 1.0 46.5 30.5
864 1.0 47.5 30.5
865 2.466 0.5 29.5
866 3.955 1.5 29.5
867 2.448 2.5 29.5
868 4.245 3.5 29.5
869 4.15 4.5 29.5
870 2.868 5.5 29.5
871 2.779 6.5 29.5
872 2.592 7.5 29.5
873 2.067 8.5 29.5
874 1.057 9.5 29.5
875 1.0 10.5 29.5
876 1.0 11.5 29.5
877 1.0 12.5 29.5
878 1.0 13.5 29.5
879 1.0 14.5 29.5
880 1.0 15.5 29.5
881 1.0 16.5 29.5
882 1.0 17.5 29.5
883 1.0 18.5 29.5
884 1.231 19.5 29.5
885 1.0 20.5 29.5
886 1.0 21.5 29.5
887 1.615 22.5 29.5
888 2.773 23.5 29.5
889 3.042 24.5 29.5
890 3.03 25.5 29.5
891 3.309 26.5 29.5
892 2.669 27.5 29.5
893 2.254 28.5 29.5
894 2.816 29.5 29.5
895 2.865 30.5 29.5
896 1.785 31.5 29.5
897 2.794 32.5 29.5
898 2.62 33.5 29.5
899 2.46 34.5 29.5
900 1.657 35.5 29.5
901 2.297 36.5 29.5
902 1.342 37.5 29.5
903 1.259 38.5 29.5
904 2.086 39.5 29.5
905 1.865 40.5 29.5
906 1.178 41.5 29.5
907 1.151 42.5 29.5
908 1.0 43.5 29.5
909 1.0 44.5 29.5
910 1.0 45.5 29.5
911 1.0 46.5 29.5
912 1.0 47.5 29.5
913 4.536 0.5 28.5
914 4.545 1.5 28.5
915 4.301 2.5 28.5
916 3.013 3.5 28.5
917 3.207 4.5 28.5
918 3.109 5.5 28.5
919 1.826 6.5 28.5
920 1.757 7.5 28.5
921 1.687 8.5 28.5
922 1.352 9.5 28.5
923 1.0 10.5 28.5
924 1.0 11.5 28.5
925 1.0 12.5 28.5
926 1.0 13.5 28.5
927 1.0 14.5 28.5
928 1.0 15.5 28.5
929 1.0 16.5 28.5
930 1.0 17.5 28.5
931 1.0 18.5 28.5
932 1.145 19.5 28.5
933 1.0 20.5 28.5
934 1.043 21.5 28.5
935 2.356 22.5 28.5
936 1.563 23.5 28.5
937 2.45 24.5 28.5
938 1.921 25.5 28.5
939 2.081 26.5 28.5
940 2.815 27.5 28.5
941 1.409 28.5 28.5
942 2.095 29.5 28.5
943 2.856 30.5 28.5
944 2.178 31.5 28.5
945 2.781 32.5 28.5
946 2.619 33.5 28.5
947 2.577 34.5 28.5
948 1.375 35.5 28.5
949 1.971 36.5 28.5
950 1.736 37.5 28.5
951 1.34 38.5 28.5
952 1.864 39.5 28.5
953 1.732 40.5 28.5
954 1.606 41.5 28.5
955 1.079 42.5 28.5
956 1.0 43.5 28.5
957 1.0 44.5 28.5
958 1.0 45.5 28.5
959 1.0 46.5 28.5
960 1.0 47.5 28.5
961 3.932 0.5 27.5
962 5.134 1.5 27.5
963 5.184 2.5 27.5
964 3.363 3.5 27.5
965 3.902 4.5 27.5
966 2.162 5.5 27.5
967 1.856 6.5 27.5
968 1.688 7.5 27.5
969 1.0 8.5 27.5
970 1.0 9.5 27.5
971 1.0 10.5 27.5
972 1.0 11.5 27.5
973 1.0 12.5 27.5
974 1.0 13.5 27.5
975 1.0 14.5 27.5
976 1.0 15.5 27.5
977 1.0 16.5 27.5
978 1.0 17.5 27.5
979 1.0 18.5 27.5
980 1.0 19.5 27.5
981 1.0 20.5 27.5
982 1.962 21.5 27.5
983 1.962 22.5 27.5
984 2.417 23.5 27.5
985 1.276 24.5 27.5
986 1.911 25.5 27.5
987 1.702 26.5 27.5
988 2.306 27.5 27.5
989 2.064 28.5 27.5
990 1.479 29.5 27.5
991 2.073 30.5 27.5
992 2.188 31.5 27.5
993 2.027 32.5 27.5
994 1.952 33.5 27.5
995 2.536 34.5 27.5
996 1.724 35.5 27.5
997 1.815 36.5 27.5
998 1.931 37.5 27.5
999 1.266 38.5 27.5
1000 1.713 39.5 27.5
1001 1.796 40.5 27.5
1002 1.64 41.5 27.5
1003 1.0 42.5 27.5
1004 1.0 43.5 27.5
1005 1.0 44.5 27.5
1006 1.0 45.5 27.5
1007 1.0 46.5 27.5
1008 1.0 47.5 27.5
1009 2.886 0.5 26.5
1010 5.328 1.5 26.5
1011 5.957 2.5 26.5
1012 5.672 3.5 26.5
1013 5.202 4.5 26.5
1014 3.495 5.5 26.5
1015 2.601 6.5 26.5
1016 2.366 7.5 26.5
1017 1.189 8.5 26.5
1018 1.0 9.5 26.5
1019 1.0 10.5 26.5
1020 1.0 11.5 26.5
1021 1.0 12.5 26.5
1022 1.0 13.5 26.5
1023 1.0 14.5 26.5
1024 1.0 15.5 26.5
1025 1.0 16.5 26.5
1026 1.0 17.5 26.5
1027 1.0 18.5 26.5
1028 1.0 19.5 26.5
1029 1.831 20.5 26.5
1030 1.492 21.5 26.5
1031 1.243 22.5 26.5
1032 2.331 23.5 26.5
1033 1.623 24.5 26.5
1034 1.289 25.5 26.5
1035 1.603 26.5 26.5
1036 1.697 27.5 26.5
1037 1.291 28.5 26.5
1038 1.865 29.5 26.5
1039 1.743 30.5 26.5
1040 2.077 31.5 26.5
1041 2.028 32.5 26.5
1042 1.327 33.5 26.5
1043 1.876 34.5 26.5
1044 2.251 35.5 26.5
1045 1.54 36.5 26.5
1046 1.665 37.5 26.5
1047 1.795 38.5 26.5
1048 1.544 39.5 26.5
1049 1.373 40.5 26.5
1050 1.0 41.5 26.5
1051 1.206 42.5 26.5
1052 1.0 43.5 26.5
1053 1.0 44.5 26.5
1054 1.0 45.5 26.5
1055 1.0 46.5 26.5
1056 1.0 47.5 26.5
1057 4.858 0.5 25.5
1058 5.457 1.5 25.5
1059 6.0 2.5 25.5
1060 5.837 3.5 25.5
1061 3.813 4.5 25.5
1062 4.084 5.5 25.5
1063 3.75 6.5 25.5
1064 2.043 7.5 25.5
1065 1.206 8.5 25.5
1066 1.0 9.5 25.5
1067 1.0 10.5 25.5
1068 1.0 11.5 25.5
1069 1.0 12.5 25.5
1070 1.0 13.5 25.5
1071 1.0 14.5 25.5
1072 1.0 15.5 25.5
1073 1.0 16.5 25.5
1074 1.0 17.5 25.5
1075 1.0 18.5 25.5
1076 1.267 19.5 25.5
1077 1.325 20.5 25.5
1078 1.478 21.5 25.5
1079 1.298 22.5 25.5
1080 1.247 23.5 25.5
1081 1.167 24.5 25.5
1082 1.0 25.5 25.5
1083 1.036 26.5 25.5
1084 1.41 27.5 25.5
1085 1.46 28.5 25.5
1086 1.669 29.5 25.5
1087 1.646 30.5 25.5
1088 1.583 31.5 25.5
1089 1.471 32.5 25.5
1090 1.48 33.5 25.5
1091 1.78 34.5 25.5
1092 1.32 35.5 25.5
1093 1.47 36.5 25.5
1094 1.705 37.5 25.5
1095 1.191 38.5 25.5
1096 1.138 39.5 25.5
1097 1.305 40.5 25.5
1098 1.321 41.5 25.5
1099 1.0 42.5 25.5
1100 1.0 43.5 25.5
1101 1.0 44.5 25.5
1102 1.0 45.5 25.5
1103 1.0 46.5 25.5
1104 1.0 47.5 25.5
1105 3.974 0.5 24.5
1106 5.427 1.5 24.5
1107 5.07 2.5 24.5
1108 5.055 3.5 24.5
1109 4.115 4.5 24.5
1110 2.211 5.5 24.5
1111 2.496 6.5 24.5
1112 2.277 7.5 24.5
1113 1.941 8.5 24.5
1114 1.085 9.5 24.5
1115 1.0 10.5 24.5
1116 1.0 11.5 24.5
1117 1.0 12.5 24.5
1118 1.0 13.5 24.5
1119 1.0 14.5 24.5
1120 1.0 15.5 24.5
1121 1.0 16.5 24.5
1122 1.0 17.5 24.5
1123 1.0 18.5 24.5
1124 1.0 19.5 24.5
1125 1.0 20.5 24.5
1126 1.092 21.5 24.5
1127 1.167 22.5 24.5
1128 1.198 23.5 24.5
1129 1.147 24.5 24.5
1130 1.0 25.5 24.5
1131 1.0 26.5 24.5
1132 1.177 27.5 24.5
1133 1.508 28.5 24.5
1134 1.495 29.5 24.5
1135 1.212 30.5 24.5
1136 1.325 31.5 24.5
1137 1.0 32.5 24.5
1138 1.268 33.5 24.5
1139 1.753 34.5 24.5
1140 1.718 35.5 24.5
1141 1.262 36.5 24.5
1142 1.108 37.5 24.5
1143 1.0 38.5 24.5
1144 1.0 39.5 24.5
1145 1.205 40.5 24.5
1146 1.0 41.5 24.5
1147 1.0 42.5 24.5
1148 1.0 43.5 24.5
1149 1.0 44.5 24.5
1150 1.0 45.5 24.5
1151 1.0 46.5 24.5
1152 1.0 47.5 24.5
1153 3.123 0.5 23.5
1154 5.244 1.5 23.5
1155 5.38 2.5 23.5
1156 3.053 3.5 23.5
1157 4.885 4.5 23.5
1158 4.537 5.5 23.5
1159 2.328 6.5 23.5
1160 1.394 7.5 23.5
1161 1.397 8.5 23.5
1162 1.493 9.5 23.5
1163 1.0 10.5 23.5
1164 1.0 11.5 23.5
1165 1.0 12.5 23.5
1166 1.0 13.5 23.5
1167 1.0 14.5 23.5
1168 1.0 15.5 23.5
1169 1.0 16.5 23.5
1170 1.0 17.5 23.5
1171 1.0 18.5 23.5
1172 1.0 19.5 23.5
1173 1.087 20.5 23.5
1174 1.0 21.5 23.5
1175 1.0 22.5 23.5
1176 1.0 23.5 23.5
1177 1.0 24.5 23.5
1178 1.0 25.5 23.5
1179 1.0 26.5 23.5
1180 1.0 27.5 23.5
1181 1.228 28.5 23.5
1182 1.0 29.5 23.5
1183 1.0 30.5 23.5
1184 1.157 31.5 23.5
1185 1.0 32.5 23.5
1186 1.647 33.5 23.5
1187 1.071 34.5 23.5
1188 1.482 35.5 23.5
1189 1.0 36.5 23.5
1190 1.109 37.5 23.5
1191 1.046 38.5 23.5
1192 1.027 39.5 23.5
1193 1.0 40.5 23.5
1194 1.188 41.5 23.5
1195 1.0 42.5 23.5
1196 1.0 43.5 23.5
1197 1.0 44.5 23.5
1198 1.0 45.5 23.5
1199 1.0 46.5 23.5
1200 1.0 47.5 23.5
1201 3.447 0.5 22.5
1202 3.735 1.5 22.5
1203 3.372 2.5 22.5
1204 3.568 3.5 22.5
1205 4.781 4.5 22.5
1206 3.977 5.5 22.5
1207 2.293 6.5 22.5
1208 1.376 7.5 22.5
1209 1.01 8.5 22.5
1210 1.387 9.5 22.5
1211 1.467 10.5 22.5
1212 1.239 11.5 22.5
1213 1.0 12.5 22.5
1214 1.0 13.5 22.5
1215 1.0 14.5 22.5
1216 1.0 15.5 22.5
1217 1.0 16.5 22.5
1218 1.0 17.5 22.5
1219 1.0 18.5 22.5
1220 1.0 19.5 22.5
1221 1.047 20.5 22.5
1222 1.0 21.5 22.5
1223 1.0 22.5 22.5
1224 1.0 23.5 22.5
1225 1.0 24.5 22.5
1226 1.0 25.5 22.5
1227 1.0 26.5 22.5
1228 1.0 27.5 22.5
1229 1.0 28.5 22.5
1230 1.0 29.5 22.5
1231 1.0 30.5 22.5
1232 1.05 31.5 22.5
1233 1.0 32.5 22.5
1234 1.284 33.5 22.5
1235 1.01 34.5 22.5
1236 1.0 35.5 22.5
1237 1.186 36.5 22.5
1238 1.151 37.5 22.5
1239 1.0 38.5 22.5
1240 1.0 39.5 22.5
1241 1.181 40.5 22.5
1242 1.0 41.5 22.5
1243 1.0 42.5 22.5
1244 1.0 43.5 22.5
1245 1.0 44.5 22.5
1246 1.0 45.5 22.5
1247 1.0 46.5 22.5
1248 1.0 47.5 22.5
1249 1.871 0.5 21.5
1250 2.387 1.5 21.5
1251 2.892 2.5 21.5
1252 3.886 3.5 21.5
1253 3.1 4.5 21.5
1254 4.134 5.5 21.5
1255 2.939 6.5 21.5
1256 1.614 7.5 21.5
1257 1.196 8.5 21.5
1258 1.174 9.5 21.5
1259 1.0 10.5 21.5
1260 1.004 11.5 21.5
1261 1.0 12.5 21.5
1262 1.0 13.5 21.5
1263 1.0 14.5 21.5
1264 1.0 15.5 21.5
1265 1.0 16.5 21.5
1266 1.0 17.5 21.5
1267 1.0 18.5 21.5
1268 1.0 19.5 21.5
1269 1.0 20.5 21.5
1270 1.0 21.5 21.5
1271 1.0 22.5 21.5
1272 1.0 23.5 21.5
1273 1.0 24.5 21.5
1274 1.0 25.5 21.5
1275 1.0 26.5 21.5
1276 1.0 27.5 21.5
1277 1.0 28.5 21.5
1278 1.0 29.5 21.5
1279 1.0 30.5 21.5
1280 1.0 31.5 21.5
1281 1.196 32.5 21.5
1282 1.0 33.5 21.5
1283 1.118 34.5 21.5
1284 1.0 35.5 21.5
1285 1.0 36.5 21.5
1286 1.0 37.5 21.5
1287 1.058 38.5 21.5
1288 1.0 39.5 21.5
1289 1.0 40.5 21.5
1290 1.171 41.5 21.5
1291 1.086 42.5 21.5
1292 1.0 43.5 21.5
1293 1.0 44.5 21.5
1294 1.0 45.5 21.5
1295 1.0 46.5 21.5
1296 1.0 47.5 21.5
1297 1.471 0.5 20.5
1298 2.401 1.5 20.5
1299 2.78 2.5 20.5
1300 1.993 3.5 20.5
1301 2.478 4.5 20.5
1302 3.115 5.5 20.5
1303 3.595 6.5 20.5
1304 3.44 7.5 20.5
1305 2.925 8.5 20.5
1306 1.56 9.5 20.5
1307 1.475 10.5 20.5
1308 1.0 11.5 20.5
1309 1.0 12.5 20.5
1310 1.0 13.5 20.5
1311 1.0 14.5 20.5
1312 1.0 15.5 20.5
1313 1.0 16.5 20.5
1314 1.0 17.5 20.5
1315 1.0 18.5 20.5
1316 1.0 19.5 20.5
1317 1.0 20.5 20.5
1318 1.0 21.5 20.5
1319 1.0 22.5 20.5
1320 1.0 23.5 20.5
1321 1.0 24.5 20.5
1322 1.0 25.5 20.5
1323 1.0 26.5 20.5
1324 1.0 27.5 20.5
1325 1.0 28.5 20.5
1326 1.0 29.5 20.5
1327 1.0 30.5 20.5
1328 1.056 31.5 20.5
1329 1.09 32.5 20.5
1330 1.0 33.5 20.5
1331 1.008 34.5 20.5
1332 1.0 35.5 20.5
1333 1.0 36.5 20.5
1334 1.0 37.5 20.5
1335 1.0 38.5 20.5
1336 1.0 39.5 20.5
1337 1.113 40.5 20.5
1338 1.169 41.5 20.5
1339 1.0 42.5 20.5
1340 1.0 43.5 20.5
1341 1.0 44.5 20.5
1342 1.0 45.5 20.5
1343 1.0 46.5 20.5
1344 1.0 47.5 20.5
1345 1.974 0.5 19.5
1346 2.454 1.5 19.5
1347 1.949 2.5 19.5
1348 1.523 3.5 19.5
1349 3.073 4.5 19.5
1350 2.698 5.5 19.5
1351 2.662 6.5 19.5
1352 2.373 7.5 19.5
1353 2.71 8.5 19.5
1354 1.606 9.5 19.5
1355 1.133 10.5 19.5
1356 1.139 11.5 19.5
1357 1.0 12.5 19.5
1358 1.0 13.5 19.5
1359 1.0 14.5 19.5
1360 1.0 15.5 19.5
1361 1.0 16.5 19.5
1362 1.0 17.5 19.5
1363 1.0 18.5 19.5
1364 1.0 19.5 19.5
1365 1.0 20.5 19.5
1366 1.0 21.5 19.5
1367 1.0 22.5 19.5
1368 1.0 23.5 19.5
1369 1.0 24.5 19.5
1370 1.0 25.5 19.5
1371 1.0 26.5 19.5
1372 1.0 27.5 19.5
1373 1.0 28.5 19.5
1374 1.0 29.5 19.5
1375 1.0 30.5 19.5
1376 1.007 31.5 19.5
1377 1.0 32.5 19.5
1378 1.0 33.5 19.5
1379 1.0 34.5 19.5
1380 1.0 35.5 19.5
1381 1.0 36.5 19.5
1382 1.0 37.5 19.5
1383 1.0 38.5 19.5
1384 1.106 39.5 19.5
1385 1.048 40.5 19.5
1386 1.0 41.5 19.5
1387 1.09 42.5 19.5
1388 1.0 43.5 19.5
1389 1.0 44.5 19.5
1390 1.0 45.5 19.5
1391 1.0 46.5 19.5
1392 1.0 47.5 19.5
1393 2.321 0.5 18.5
1394 2.42 1.5 18.5
1395 1.882 2.5 18.5
1396 1.772 3.5 18.5
1397 2.394 4.5 18.5
1398 1.889 5.5 18.5
1399 2.13 6.5 18.5
1400 2.395 7.5 18.5
1401 1.762 8.5 18.5
1402 2.161 9.5 18.5
1403 2.001 10.5 18.5
1404 1.647 11.5 18.5
1405 4.057 12.5 18.5
1406 3.787 13.5 18.5
1407 3.498 14.5 18.5
1408 2.882 15.5 18.5
1409 4.143 16.5 18.5
1410 2.545 17.5 18.5
1411 1.782 18.5 18.5
1412 1.043 19.5 18.5
1413 1.0 20.5 18.5
1414 1.0 21.5 18.5
1415 1.0 22.5 18.5
1416 1.0 23.5 18.5
1417 1.0 24.5 18.5
1418 1.0 25.5 18.5
1419 1.0 26.5 18.5
1420 1.0 27.5 18.5
1421 1.0 28.5 18.5
1422 1.0 29.5 18.5
1423 1.0 30.5 18.5
1424 1.0 31.5 18.5
1425 1.0 32.5 18.5
1426 1.0 33.5 18.5
1427 1.0 34.5 18.5
1428 1.0 35.5 18.5
1429 1.0 36.5 18.5
1430 1.0 37.5 18.5
1431 1.0 38.5 18.5
1432 1.0 39.5 18.5
1433 1.0 40.5 18.5
1434 1.059 41.5 18.5
1435 1.0 42.5 18.5
1436 1.0 43.5 18.5
1437 1.0 44.5 18.5
1438 1.0 45.5 18.5
1439 1.0 46.5 18.5
1440 1.0 47.5 18.5
1441 1.733 0.5 17.5
1442 1.435 1.5 17.5
1443 1.632 2.5 17.5
1444 1.715 3.5 17.5
1445 1.525 4.5 17.5
1446 1.963 5.5 17.5
1447 1.469 6.5 17.5
1448 1.297 7.5 17.5
1449 1.381 8.5 17.5
1450 1.737 9.5 17.5
1451 1.121 10.5 17.5
1452 2.361 11.5 17.5
1453 3.661 12.5 17.5
1454 5.386 13.5 17.5
1455 5.279 14.5 17.5
1456 5.689 15.5 17.5
1457 3.383 16.5 17.5
1458 2.454 17.5 17.5
1459 1.928 18.5 17.5
1460 1.763 19.5 17.5
1461 1.4 20.5 17.5
1462 1.279 21.5 17.5
1463 1.0 22.5 17.5
1464 1.0 23.5 17.5
1465 1.0 24.5 17.5
1466 1.0 25.5 17.5
1467 1.0 26.5 17.5
1468 1.0 27.5 17.5
1469 1.0 28.5 17.5
1470 1.0 29.5 17.5
1471 1.0 30.5 17.5
1472 1.0 31.5 17.5
1473 1.0 32.5 17.5
1474 1.0 33.5 17.5
1475 1.0 34.5 17.5
1476 1.0 35.5 17.5
1477 1.0 36.5 17.5
1478 1.0 37.5 17.5
1479 1.0 38.5 17.5
1480 1.0 39.5 17.5
1481 1.0 40.5 17.5
1482 1.0 41.5 17.5
1483 1.0 42.5 17.5
1484 1.0 43.5 17.5
1485 1.0 44.5 17.5
1486 1.0 45.5 17.5
1487 1.0 46.5 17.5
1488 1.0 47.5 17.5
1489 1.037 0.5 16.5
1490 1.412 1.5 16.5
1491 1.0 2.5 16.5
1492 1.0 3.5 16.5
1493 1.748 4.5 16.5
1494 1.209 5.5 16.5
1495 1.074 6.5 16.5
1496 1.0 7.5 16.5
1497 1.702 8.5 16.5
1498 1.357 9.5 16.5
1499 1.383 10.5 16.5
1500 2.436 11.5 16.5
1501 3.076 12.5 16.5
1502 5.098 13.5 16.5
1503 6.0 14.5 16.5
1504 5.733 15.5 16.5
1505 3.7 16.5 16.5
1506 3.672 17.5 16.5
1507 3.047 18.5 16.5
1508 2.198 19.5 16.5
1509 1.6 20.5 16.5
1510 1.337 21.5 16.5
1511 1.0 22.5 16.5
1512 1.0 23.5 16.5
1513 1.0 24.5 16.5
1514 1.0 25.5 16.5
1515 1.0 26.5 16.5
1516 1.0 27.5 16.5
1517 1.0 28.5 16.5
1518 1.0 29.5 16.5
1519 1.0 30.5 16.5
1520 1.0 31.5 16.5
1521 1.0 32.5 16.5
1522 1.0 33.5 16.5
1523 1.0 34.5 16.5
1524 1.0 35.5 16.5
1525 1.0 36.5 16.5
1526 1.0 37.5 16.5
1527 1.0 38.5 16.5
1528 1.0 39.5 16.5
1529 1.0 40.5 16.5
1530 1.0 41.5 16.5
1531 1.0 42.5 16.5
1532 1.0 43.5 16.5
1533 1.0 44.5 16.5
1534 1.0 45.5 16.5
1535 1.0 46.5 16.5
1536 1.0 47.5 16.5
1537 1.0 0.5 15.5
1538 1.0 1.5 15.5
1539 1.216 2.5 15.5
1540 1.0 3.5 15.5
1541 1.156 4.5 15.5
1542 1.337 5.5 15.5
1543 1.025 6.5 15.5
1544 1.26 7.5 15.5
1545 1.221 8.5 15.5
1546 1.413 9.5 15.5
1547 2.239 10.5 15.5
1548 2.252 11.5 15.5
1549 3.256 12.5 15.5
1550 5.556 13.5 15.5
1551 5.398 14.5 15.5
1552 5.427 15.5 15.5
1553 3.745 16.5 15.5
1554 3.4 17.5 15.5
1555 3.088 18.5 15.5
1556 2.7 19.5 15.5
1557 1.773 20.5 15.5
1558 1.677 21.5 15.5
1559 1.159 22.5 15.5
1560 1.0 23.5 15.5
1561 1.0 24.5 15.5
1562 1.0 25.5 15.5
1563 1.0 26.5 15.5
1564 1.0 27.5 15.5
1565 1.0 28.5 15.5
1566 1.0 29.5 15.5
1567 1.0 30.5 15.5
1568 1.0 31.5 15.5
1569 1.0 32.5 15.5
1570 1.0 33.5 15.5
1571 1.0 34.5 15.5
1572 1.0 35.5 15.5
1573 1.0 36.5 15.5
1574 1.0 37.5 15.5
1575 1.0 38.5 15.5
1576 1.0 39.5 15.5
1577 1.0 40.5 15.5
1578 1.0 41.5 15.5
1579 1.0 42.5 15.5
1580 1.0 43.5 15.5
1581 1.0 44.5 15.5
1582 1.0 45.5 15.5
1583 1.0 46.5 15.5
1584 1.0 47.5 15.5
1585 1.0 0.5 14.5
1586 1.0 1.5 14.5
1587 1.024 2.5 14.5
1588 1.2 3.5 14.5
1589 1.318 4.5 14.5
1590 1.275 5.5 14.5
1591 1.0 6.5 14.5
1592 1.0 7.5 14.5
1593 1.123 8.5 14.5
1594 1.279 9.5 14.5
1595 2.033 10.5 14.5
1596 3.249 11.5 14.5
1597 4.565 12.5 14.5
1598 3.254 13.5 14.5
1599 2.869 14.5 14.5
1600 3.166 15.5 14.5
1601 3.322 16.5 14.5
1602 3.441 17.5 14.5
1603 1.759 18.5 14.5
1604 2.801 19.5 14.5
1605 2.38 20.5 14.5
1606 1.612 21.5 14.5
1607 1.025 22.5 14.5
1608 1.048 23.5 14.5
1609 1.0 24.5 14.5
1610 1.0 25.5 14.5
1611 1.0 26.5 14.5
1612 1.0 27.5 14.5
1613 1.0 28.5 14.5
1614 1.0 29.5 14.5
1615 1.0 30.5 14.5
1616 1.0 31.5 14.5
1617 1.0 32.5 14.5
1618 1.0 33.5 14.5
1619 1.0 34.5 14.5
1620 1.0 35.5 14.5
1621 1.0 36.5 14.5
1622 1.0 37.5 14.5
1623 1.0 38.5 14.5
1624 1.0 39.5 14.5
1625 1.0 40.5 14.5
1626 1.0 41.5 14.5
1627 1.0 42.5 14.5
1628 1.0 43.5 14.5
1629 1.0 44.5 14.5
1630 1.0 45.5 14.5
1631 1.0 46.5 14.5
1632 1.0 47.5 14.5
1633 1.0 0.5 13.5
1634 1.0 1.5 13.5
1635 1.101 2.5 13.5
1636 1.0 3.5 13.5
1637 1.027 4.5 13.5
1638 1.0 5.5 13.5
1639 1.219 6.5 13.5
1640 1.168 7.5 13.5
1641 1.0 8.5 13.5
1642 1.3 9.5 13.5
1643 2.013 10.5 13.5
1644 2.284 11.5 13.5
1645 2.977 12.5 13.5
1646 2.428 13.5 13.5
1647 2.836 14.5 13.5
1648 2.537 15.5 13.5
1649 2.5 16.5 13.5
1650 1.907 17.5 13.5
1651 3.021 18.5 13.5
1652 2.346 19.5 13.5
1653 2.635 20.5 13.5
1654 1.963 21.5 13.5
1655 1.25 22.5 13.5
1656 1.0 23.5 13.5
1657 1.0 24.5 13.5
1658 1.0 25.5 13.5
1659 1.0 26.5 13.5
1660 1.0 27.5 13.5
1661 1.0 28.5 13.5
1662 1.0 29.5 13.5
1663 1.0 30.5 13.5
1664 1.0 31.5 13.5
1665 1.0 32.5 13.5
1666 1.0 33.5 13.5
1667 1.0 34.5 13.5
1668 1.0 35.5 13.5
1669 1.0 36.5 13.5
1670 1.0 37.5 13.5
1671 1.0 38.5 13.5
1672 1.0 39.5 13.5
1673 1.0 40.5 13.5
1674 1.0 41.5 13.5
1675 1.0 42.5 13.5
1676 1.0 43.5 13.5
1677 1.0 44.5 13.5
1678 1.0 45.5 13.5
1679 1.0 46.5 13.5
1680 1.0 47.5 13.5
1681 1.0 0.5 12.5
1682 1.0 1.5 12.5
1683 1.089 2.5 12.5
1684 1.0 3.5 12.5
1685 1.0 4.5 12.5
1686 1.0 5.5 12.5
1687 1.0 6.5 12.5
1688 1.0 7.5 12.5
1689 1.0 8.5 12.5
1690 1.02 9.5 12.5
1691 2.04 10.5 12.5
1692 2.587 11.5 12.5
1693 1.572 12.5 12.5
1694 1.927 13.5 12.5
1695 2.415 14.5 12.5
1696 1.462 15.5 12.5
1697 2.251 16.5 12.5
1698 1.774 17.5 12.5
1699 1.971 18.5 12.5
1700 1.887 19.5 12.5
1701 1.631 20.5 12.5
1702 1.382 21.5 12.5
1703 1.639 22.5 12.5
1704 1.0 23.5 12.5
1705 1.0 24.5 12.5
1706 1.0 25.5 12.5
1707 1.0 26.5 12.5
1708 1.0 27.5 12.5
1709 1.0 28.5 12.5
1710 1.0 29.5 12.5
1711 1.0 30.5 12.5
1712 1.0 31.5 12.5
1713 1.0 32.5 12.5
1714 1.0 33.5 12.5
1715 1.0 34.5 12.5
1716 1.0 35.5 12.5
1717 1.0 36.5 12.5
1718 1.0 37.5 12.5
1719 1.0 38.5 12.5
1720 1.0 39.5 12.5
1721 1.0 40.5 12.5
1722 1.0 41.5 12.5
1723 1.0 42.5 12.5
1724 1.0 43.5 12.5
1725 1.0 44.5 12.5
1726 1.0 45.5 12.5
1727 1.0 46.5 12.5
1728 1.0 47.5 12.5
1729 1.0 0.5 11.5
1730 1.0 1.5 11.5
1731 1.057 2.5 11.5
1732 1.0 3.5 11.5
1733 1.0 4.5 11.5
1734 1.0 5.5 11.5
1735 1.0 6.5 11.5
1736 1.0 7.5 11.5
1737 1.0 8.5 11.5
1738 1.382 9.5 11.5
1739 1.692 10.5 11.5
1740 1.511 11.5 11.5
1741 1.296 12.5 11.5
1742 2.106 13.5 11.5
1743 1.308 14.5 11.5
1744 2.135 15.5 11.5
1745 1.322 16.5 11.5
1746 1.325 17.5 11.5
1747 1.454 18.5 11.5
1748 1.188 19.5 11.5
1749 1.076 20.5 11.5
1750 1.068 21.5 11.5
1751 1.0 22.5 11.5
1752 1.14 23.5 11.5
1753 1.0 24.5 11.5
1754 1.0 25.5 11.5
1755 1.0 26.5 11.5
1756 1.0 27.5 11.5
1757 1.0 28.5 11.5
1758 1.0 29.5 11.5
1759 1.0 30.5 11.5
1760 1.0 31.5 11.5
1761 1.0 32.5 11.5
1762 1.0 33.5 11.5
1763 1.0 34.5 11.5
1764 1.0 35.5 11.5
1765 1.0 36.5 11.5
1766 1.0 37.5 11.5
1767 1.0 38.5 11.5
1768 1.0 39.5 11.5
1769 1.0 40.5 11.5
1770 1.0 41.5 11.5
1771 1.0 42.5 11.5
1772 1.0 43.5 11.5
1773 1.0 44.5 11.5
1774 1.0 45.5 11.5
1775 1.0 46.5 11.5
1776 1.0 47.5 11.5
1777 1.0 0.5 10.5
1778 1.0 1.5 10.5
1779 1.0 2.5 10.5
1780 1.0 3.5 10.5
1781 1.0 4.5 10.5
1782 1.0 5.5 10.5
1783 1.0 6.5 10.5
1784 1.0 7.5 10.5
1785 1.188 8.5 10.5
1786 1.221 9.5 10.5
1787 1.524 10.5 10.5
1788 1.424 11.5 10.5
1789 2.011 12.5 10.5
1790 1.782 13.5 10.5
1791 1.772 14.5 10.5
1792 1.424 15.5 10.5
1793 1.344 16.5 10.5
1794 1.212 17.5 10.5
1795 1.077 18.5 10.5
1796 1.0 19.5 10.5
1797 1.0 20.5 10.5
1798 1.0 21.5 10.5
1799 1.0 22.5 10.5
1800 1.139 23.5 10.5
1801 1.0 24.5 10.5
1802 1.0 25.5 10.5
1803 1.0 26.5 10.5
1804 1.0 27.5 10.5
1805 1.0 28.5 10.5
1806 1.0 29.5 10.5
1807 1.0 30.5 10.5
1808 1.0 31.5 10.5
1809 1.0 32.5 10.5
1810 1.0 33.5 10.5
1811 1.0 34.5 10.5
1812 1.0 35.5 10.5
1813 1.0 36.5 10.5
1814 1.0 37.5 10.5
1815 1.0 38.5 10.5
1816 1.0 39.5 10.5
1817 1.0 40.5 10.5
1818 1.0 41.5 10.5
1819 1.0 42.5 10.5
1820 1.0 43.5 10.5
1821 1.0 44.5 10.5
1822 1.0 45.5 10.5
1823 1.0 46.5 10.5
1824 1.0 47.5 10.5
1825 1.0 0.5 9.5
1826 1.0 1.5 9.5
1827 1.0 2.5 9.5
1828 1.0 3.5 9.5
1829 1.0 4.5 9.5
1830 1.0 5.5 9.5
1831 1.0 6.5 9.5
1832 1.0 7.5 9.5
1833 1.0 8.5 9.5
1834 1.011 9.5 9.5
1835 1.336 10.5 9.5
1836 1.531 11.5 9.5
1837 1.197 12.5 9.5
1838 1.764 13.5 9.5
1839 1.351 14.5 9.5
1840 1.572 15.5 9.5
1841 1.0 16.5 9.5
1842 1.0 17.5 9.5
1843 1.0 18.5 9.5
1844 1.0 19.5 9.5
1845 1.0 20.5 9.5
1846 1.0 21.5 9.5
1847 1.0 22.5 9.5
1848 1.065 23.5 9.5
1849 1.0 24.5 9.5
1850 1.0 25.5 9.5
1851 1.0 26.5 9.5
1852 1.0 27.5 9.5
1853 1.0 28.5 9.5
1854 1.0 29.5 9.5
1855 1.0 30.5 9.5
1856 1.0 31.5 9.5
1857 1.0 32.5 9.5
1858 1.0 33.5 9.5
1859 1.0 34.5 9.5
1860 1.0 35.5 9.5
1861 1.0 36.5 9.5
1862 1.0 37.5 9.5
1863 1.0 38.5 9.5
1864 1.0 39.5 9.5
1865 1.0 40.5 9.5
1866 1.0 41.5 9.5
1867 1.0 42.5 9.5
1868 1.0 43.5 9.5
1869 1.0 44.5 9.5
1870 1.0 45.5 9.5
1871 1.0 46.5 9.5
1872 1.0 47.5 9.5
1873 1.0 0.5 8.5
1874 1.0 1.5 8.5
1875 1.0 2.5 8.5
1876 1.0 3.5 8.5
1877 1.0 4.5 8.5
1878 1.0 5.5 8.5
1879 1.0 6.5 8.5
1880 1.0 7.5 8.5
1881 1.0 8.5 8.5
1882 1.0 9.5 8.5
1883 1.268 10.5 8.5
1884 1.343 11.5 8.5
1885 1.474 12.5 8.5
1886 1.69 13.5 8.5
1887 1.666 14.5 8.5
1888 1.0 15.5 8.5
1889 1.357 16.5 8.5
1890 1.269 17.5 8.5
1891 1.0 18.5 8.5
1892 1.0 19.5 8.5
1893 1.0 20.5 8.5
1894 1.0 21.5 8.5
1895 1.0 22.5 8.5
1896 1.0 23.5 8.5
1897 1.0 24.5 8.5
1898 1.0 25.5 8.5
1899 1.0 26.5 8.5
1900 1.0 27.5 8.5
1901 1.0 28.5 8.5
1902 1.0 29.5 8.5
1903 1.0 30.5 8.5
1904 1.0 31.5 8.5
1905 1.0 32.5 8.5
1906 1.0 33.5 8.5
1907 1.0 34.5 8.5
1908 1.0 35.5 8.5
1909 1.0 36.5 8.5
1910 1.0 37.5 8.5
1911 1.0 38.5 8.5
1912 1.0 39.5 8.5
1913 1.0 40.5 8.5
1914 1.0 41.5 8.5
1915 1.0 42.5 8.5
1916 1.0 43.5 8.5
1917 1.0 44.5 8.5
1918 1.0 45.5 8.5
1919 1.0 46.5 8.5
1920 1.0 47.5 8.5
1921 1.0 0.5 7.5
1922 1.0 1.5 7.5
1923 1.0 2.5 7.5
1924 1.0 3.5 7.5
1925 1.0 4.5 7.5
1926 1.0 5.5 7.5
1927 1.0 6.5 7.5
1928 1.0 7.5 7.5
1929 1.0 8.5 7.5
1930 1.0 9.5 7.5
1931 1.278 10.5 7.5
1932 1.0 11.5 7.5
1933 1.278 12.5 7.5
1934 1.084 13.5 7.5
1935 1.005 14.5 7.5
1936 1.368 15.5 7.5
1937 1.138 16.5 7.5
1938 1.0 17.5 7.5
1939 1.238 18.5 7.5
1940 1.086 19.5 7.5
1941 1.085 20.5 7.5
1942 1.0 21.5 7.5
1943 1.0 22.5 7.5
1944 1.0 23.5 7.5
1945 1.0 24.5 7.5
1946 1.0 25.5 7.5
1947 1.0 26.5 7.5
1948 1.0 27.5 7.5
1949 1.0 28.5 7.5
1950 1.0 29.5 7.5
1951 1.0 30.5 7.5
1952 1.0 31.5 7.5
1953 1.0 32.5 7.5
1954 1.0 33.5 7.5
1955 1.0 34.5 7.5
1956 1.0 35.5 7.5
1957 1.0 36.5 7.5
1958 1.0 37.5 7.5
1959 1.0 38.5 7.5
1960 1.0 39.5 7.5
1961 1.0 40.5 7.5
1962 1.0 41.5 7.5
1963 1.0 42.5 7.5
1964 1.0 43.5 7.5
1965 1.0 44.5 7.5
1966 1.0 45.5 7.5
1967 1.0 46.5 7.5
1968 1.0 47.5 7.5
1969 1.0 0.5 6.5
1970 1.0 1.5 6.5
1971 1.0 2.5 6.5
1972 1.0 3.5 6.5
1973 1.0 4.5 6.5
1974 1.0 5.5 6.5
1975 1.0 6.5 6.5
1976 1.0 7.5 6.5
1977 1.0 8.5 6.5
1978 1.0 9.5 6.5
1979 1.0 10.5 6.5
1980 1.097 11.5 6.5
1981 1.215 12.5 6.5
1982 1.065 13.5 6.5
1983 1.0 14.5 6.5
1984 1.0 15.5 6.5
1985 1.0 16.5 6.5
1986 1.223 17.5 6.5
1987 1.0 18.5 6.5
1988 1.0 19.5 6.5
1989 1.0 20.5 6.5
1990 1.0 21.5 6.5
1991 1.0 22.5 6.5
1992 1.0 23.5 6.5
1993 1.0 24.5 6.5
1994 1.0 25.5 6.5
1995 1.0 26.5 6.5
1996 1.0 27.5 6.5
1997 1.0 28.5 6.5
1998 1.0 29.5 6.5
1999 1.0 30.5 6.5
2000 1.0 31.5 6.5
2001 1.0 32.5 6.5
2002 1.0 33.5 6.5
2003 1.0 34.5 6.5
2004 1.0 35.5 6.5
2005 1.0 36.5 6.5
2006 1.0 37.5 6.5
2007 1.0 38.5 6.5
2008 1.0 39.5 6.5
2009 1.0 40.5 6.5
2010 1.0 41.5 6.5
2011 1.0 42.5 6.5
2012 1.0 43.5 6.5
2013 1.0 44.5 6.5
2014 1.0 45.5 6.5
2015 1.0 46.5 6.5
2016 1.0 47.5 6.5
2017 1.0 0.5 5.5
2018 1.0 1.5 5.5
2019 1.0 2.5 5.5
2020 1.0 3.5 5.5
2021 1.0 4.5 5.5
2022 1.0 5.5 5.5
2023 1.0 6.5 5.5
2024 1.0 7.5 5.5
2025 1.0 8.5 5.5
2026 1.0 9.5 5.5
2027 1.0 10.5 5.5
2028 1.0 11.5 5.5
2029 1.0 12.5 5.5
2030 1.0 13.5 5.5
2031 1.0 14.5 5.5
2032 1.0 15.5 5.5
2033 1.0 16.5 5.5
2034 1.186 17.5 5.5
2035 1.0 18.5 5.5
2036 1.0 19.5 5.5
2037 1.0 20.5 5.5
2038 1.0 21.5 5.5
2039 1.0 22.5 5.5
2040 1.0 23.5 5.5
2041 1.0 24.5 5.5
2042 1.0 25.5 5.5
2043 1.0 26.5 5.5
2044 1.0 27.5 5.5
2045 1.0 28.5 5.5
2046 1.0 29.5 5.5
2047 1.0 30.5 5.5
2048 1.0 31.5 5.5
2049 1.0 32.5 5.5
2050 1.0 33.5 5.5
2051 1.0 34.5 5.5
2052 1.0 35.5 5.5
2053 1.0 36.5 5.5
2054 1.0 37.5 5.5
2055 1.0 38.5 5.5
2056 1.0 39.5 5.5
2057 1.0 40.5 5.5
2058 1.0 41.5 5.5
2059 1.0 42.5 5.5
2060 1.0 43.5 5.5
2061 1.0 44.5 5.5
2062 1.0 45.5 5.5
2063 1.0 46.5 5.5
2064 1.0 47.5 5.5
2065 1.0 0.5 4.5
2066 1.0 1.5 4.5
2067 1.0 2.5 4.5
2068 1.0 3.5 4.5
2069 1.0 4.5 4.5
2070 1.0 5.5 4.5
2071 1.0 6.5 4.5
2072 1.0 7.5 4.5
2073 1.0 8.5 4.5
2074 1.0 9.5 4.5
2075 1.0 10.5 4.5
2076 1.0 11.5 4.5
2077 1.0 12.5 4.5
2078 1.0 13.5 4.5
2079 1.0 14.5 4.5
2080 1.0 15.5 4.5
2081 1.0 16.5 4.5
2082 1.0 17.5 4.5
2083 1.0 18.5 4.5
2084 1.0 19.5 4.5
2085 1.0 20.5 4.5
2086 1.0 21.5 4.5
2087 1.0 22.5 4.5
2088 1.0 23.5 4.5
2089 1.0 24.5 4.5
2090 1.0 25.5 4.5
2091 1.0 26.5 4.5
2092 1.0 27.5 4.5
2093 1.0 28.5 4.5
2094 1.0 29.5 4.5
2095 1.0 30.5 4.5
2096 1.0 31.5 4.5
2097 1.0 32.5 4.5
2098 1.0 33.5 4.5
2099 1.0 34.5 4.5
2100 1.0 35.5 4.5
2101 1.0 36.5 4.5
2102 1.0 37.5 4.5
2103 1.0 38.5 4.5
2104 1.0 39.5 4.5
2105 1.0 40.5 4.5
2106 1.0 41.5 4.5
2107 1.0 42.5 4.5
2108 1.0 43.5 4.5
2109 1.0 44.5 4.5
2110 1.0 45.5 4.5
2111 1.0 46.5 4.5
2112 1.0 47.5 4.5
2113 1.0 0.5 3.5
2114 1.0 1.5 3.5
2115 1.0 2.5 3.5
2116 1.0 3.5 3.5
2117 1.0 4.5 3.5
2118 1.0 5.5 3.5
2119 1.0 6.5 3.5
2120 1.0 7.5 3.5
2121 1.0 8.5 3.5
2122 1.0 9.5 3.5
2123 1.0 10.5 3.5
2124 1.0 11.5 3.5
2125 1.0 12.5 3.5
2126 1.0 13.5 3.5
2127 1.0 14.5 3.5
2128 1.0 15.5 3.5
2129 1.0 16.5 3.5
2130 1.0 17.5 3.5
2131 1.0 18.5 3.5
2132 1.0 19.5 3.5
2133 1.0 20.5 3.5
2134 1.0 21.5 3.5
2135 1.0 22.5 3.5
2136 1.0 23.5 3.5
2137 1.0 24.5 3.5
2138 1.0 25.5 3.5
2139 1.0 26.5 3.5
2140 1.0 27.5 3.5
2141 1.0 28.5 3.5
2142 1.0 29.5 3.5
2143 1.0 30.5 3.5
2144 1.0 31.5 3.5
2145 1.0 32.5 3.5
2146 1.0 33.5 3.5
2147 1.0 34.5 3.5
2148 1.0 35.5 3.5
2149 1.0 36.5 3.5
2150 1.0 37.5 3.5
2151 1.0 38.5 3.5
2152 1.0 39.5 3.5
2153 1.0 40.5 3.5
2154 1.0 41.5 3.5
2155 1.0 42.5 3.5
2156 1.0 43.5 3.5
2157 1.0 44.5 3.5
2158 1.0 45.5 3.5
2159 1.0 46.5 3.5
2160 1.0 47.5 3.5
2161 1.0 0.5 2.5
2162 1.0 1.5 2.5
2163 1.0 2.5 2.5
2164 1.0 3.5 2.5
2165 1.0 4.5 2.5
2166 1.0 5.5 2.5
2167 1.0 6.5 2.5
2168 1.0 7.5 2.5
2169 1.0 8.5 2.5
2170 1.0 9.5 2.5
2171 1.0 10.5 2.5
2172 1.0 11.5 2.5
2173 1.0 12.5 2.5
2174 1.0 13.5 2.5
2175 1.0 14.5 2.5
2176 1.0 15.5 2.5
2177 1.0 16.5 2.5
2178 1.0 17.5 2.5
2179 1.0 18.5 2.5
2180 1.0 19.5 2.5
2181 1.0 20.5 2.5
2182 1.0 21.5 2.5
2183 1.0 22.5 2.5
2184 1.0 23.5 2.5
2185 1.0 24.5 2.5
2186 1.0 25.5 2.5
2187 1.0 26.5 2.5
2188 1.0 27.5 2.5
2189 1.0 28.5 2.5
2190 1.0 29.5 2.5
2191 1.0 30.5 2.5
2192 1.0 31.5 2.5
2193 1.0 32.5 2.5
2194 1.0 33.5 2.5
2195 1.0 34.5 2.5
2196 1.0 35.5 2.5
2197 1.0 36.5 2.5
2198 1.0 37.5 2.5
2199 1.0 38.5 2.5
2200 1.0 39.5 2.5
2201 1.0 40.5 2.5
2202 1.0 41.5 2.5
2203 1.0 42.5 2.5
2204 1.0 43.5 2.5
2205 1.0 44.5 2.5
2206 1.0 45.5 2.5
2207 1.0 46.5 2.5
2208 1.0 47.5 2.5
2209 1.0 0.5 1.5
2210 1.0 1.5 1.5
2211 1.0 2.5 1.5
2212 1.0 3.5 1.5
2213 1.0 4.5 1.5
2214 1.0 5.5 1.5
2215 1.0 6.5 1.5
2216 1.0 7.5 1.5
2217 1.0 8.5 1.5
2218 1.0 9.5 1.5
2219 1.0 10.5 1.5
2220 1.0 11.5 1.5
2221 1.0 12.5 1.5
2222 1.0 13.5 1.5
2223 1.0 14.5 1.5
2224 1.0 15.5 1.5
2225 1.0 16.5 1.5
2226 1.0 17.5 1.5
2227 1.0 18.5 1.5
2228 1.0 19.5 1.5
2229 1.0 20.5 1.5
2230 1.0 21.5 1.5
2231 1.0 22.5 1.5
2232 1.0 23.5 1.5
2233 1.0 24.5 1.5
2234 1.0 25.5 1.5
2235 1.0 26.5 1.5
2236 1.0 27.5 1.5
2237 1.0 28.5 1.5
2238 1.0 29.5 1.5
2239 1.0 30.5 1.5
2240 1.0 31.5 1.5
2241 1.0 32.5 1.5
2242 1.0 33.5 1.5
2243 1.0 34.5 1.5
2244 1.0 35.5 1.5
2245 1.0 36.5 1.5
2246 1.0 37.5 1.5
2247 1.0 38.5 1.5
2248 1.0 39.5 1.5
2249 1.0 40.5 1.5
2250 1.0 41.5 1.5
2251 1.0 42.5 1.5
2252 1.0 43.5 1.5
2253 1.0 44.5 1.5
2254 1.0 45.5 1.5
2255 1.0 46.5 1.5
2256 1.0 47.5 1.5
2257 1.0 0.5 0.5
2258 1.0 1.5 0.5
2259 1.0 2.5 0.5
2260 1.0 3.5 0.5
2261 1.0 4.5 0.5
2262 1.0 5.5 0.5
2263 1.0 6.5 0.5
2264 1.0 7.5 0.5
2265 1.0 8.5 0.5
2266 1.0 9.5 0.5
2267 1.0 10.5 0.5
2268 1.0 11.5 0.5
2269 1.0 12.5 0.5
2270 1.0 13.5 0.5
2271 1.0 14.5 0.5
2272 1.0 15.5 0.5
2273 1.0 16.5 0.5
2274 1.0 17.5 0.5
2275 1.0 18.5 0.5
2276 1.0 19.5 0.5
2277 1.0 20.5 0.5
2278 1.0 21.5 0.5
2279 1.0 22.5 0.5
2280 1.0 23.5 0.5
2281 1.0 24.5 0.5
2282 1.0 25.5 0.5
2283 1.0 26.5 0.5
2284 1.0 27.5 0.5
2285 1.0 28.5 0.5
2286 1.0 29.5 0.5
2287 1.0 30.5 0.5
2288 1.0 31.5 0.5
2289 1.0 32.5 0.5
2290 1.0 33.5 0.5
2291 1.0 34.5 0.5
2292 1.0 35.5 0.5
2293 1.0 36.5 0.5
2294 1.0 37.5 0.5
2295 1.0 38.5 0.5
2296 1.0 39.5 0.5
2297 1.0 40.5 0.5
2298 1.0 41.5 0.5
2299 1.0 42.5 0.5
2300 1.0 43.5 0.5
2301 1.0 44.5 0.5
2302 1.0 45.5 0.5
2303 1.0 46.5 0.5
2304 1.0 47.5 0.5
