location capacity Xf Yf
1 9.7 1.122 45.908
2 9.7 11.592 29.363
3 1.94 32.818 32.053
4 9.7 5.107 15.457
5 5.82 46.103 33.919
6 3.88 32.265 5.572
7 1.94 38.865 35.229
8 1.94 31.371 18.255
9 9.7 6.403 19.23
10 5.82 25.147 12.42
11 1.94 26.348 36.035
12 3.88 19.811 9.358
13 7.76 36.265 28.965
14 3.88 22.157 27.045
15 7.76 40.337 15.299
16 1.94 27.866 23.557
17 7.76 26.434 3.44
18 7.76 29.35 39.817
19 7.76 24.439 3.151
20 7.76 34.325 6.446
21 7.76 1.073 46.114
22 1.94 36.725 23.033
23 7.76 10.514 33.524
24 1.94 36.63 13.877
25 9.7 47.388 44.259
26 9.7 14.02 5.146
27 1.94 41.142 41.424
28 5.82 38.772 25.28
29 5.82 11.584 4.33
30 5.82 43.294 30.733
31 7.76 44.084 11.934
32 7.76 29.91 34.947
33 1.94 7.07 44.964
34 5.82 39.981 35.372
35 1.94 1.984 31.257
36 9.7 40.66 46.42
37 7.76 23.789 31.874
38 7.76 12.823 0.901
39 1.94 36.891 21.838
40 7.76 36.481 39.818
41 7.76 32.472 4.963
42 3.88 1.099 24.318
43 9.7 12.461 46.369
44 3.88 44.472 5.755
45 1.94 42.678 4.457
46 3.88 4.092 45.26
47 1.94 38.509 19.091
48 7.76 19.813 36.575
49 1.94 39.314 5.384
50 7.76 0.661 5.747
51 3.88 43.042 43.707
52 9.7 43.289 9.323
53 5.82 19.625 22.845
54 1.94 43.242 3.417
55 9.7 13.372 6.658
56 5.82 19.779 10.259
57 5.82 36.701 30.977
58 9.7 27.398 45.087
59 7.76 47.316 19.203
60 5.82 44.143 14.399
61 5.82 35.38 27.576
62 7.76 19.151 29.871
63 9.7 8.061 20.9
64 5.82 7.118 16.009
65 3.88 38.868 20.087
66 5.82 15.14 23.173
67 3.88 29.705 47.301
68 5.82 13.192 13.164
69 5.82 8.041 5.87
70 5.82 32.766 42.585
71 1.94 44.867 21.983
72 3.88 39.672 20.594
73 3.88 25.405 28.297
74 3.88 6.117 5.909
75 7.76 13.049 37.449
76 7.76 15.672 29.123
77 3.88 19.053 37.136
78 7.76 17.143 37.728
79 1.94 23.311 0.752
80 5.82 33.101 22.371
81 9.7 31.437 37.65
82 1.94 35.004 46.18
83 3.88 47.083 4.457
84 9.7 41.804 17.366
85 9.7 16.319 37.619
86 3.88 42.696 14.714
87 9.7 34.926 17.648
88 9.7 1.583 22.892
89 1.94 22.979 47.039
90 1.94 42.927 1.478
91 9.7 16.425 8.413
92 9.7 6.878 45.173
93 3.88 38.36 1.702
94 9.7 19.852 24.627
95 5.82 16.979 41.622
96 9.7 46.809 30.331
97 9.7 26.145 41.708
98 1.94 8.477 47.062
99 1.94 31.519 0.9
100 3.88 46.697 19.445
101 5.82 30.117 12.784
102 5.82 33.964 1.996
103 9.7 29.887 43.74
104 7.76 4.158 19.524
105 3.88 13.784 0.54
106 7.76 1.257 5.534
107 1.94 37.997 14.575
108 3.88 5.844 46.947
109 1.94 42.28 32.411
110 7.76 34.693 2.847
111 5.82 38.196 25.426
112 7.76 42.217 14.838
113 5.82 16.103 16.856
114 1.94 38.59 5.156
115 3.88 21.74 42.599
116 5.82 46.936 3.599
117 1.94 47.073 6.455
118 1.94 17.834 23.546
119 9.7 39.298 7.185
120 7.76 9.692 44.886
121 3.88 2.127 33.053
122 1.94 5.864 8.78
123 1.94 10.371 10.47
124 3.88 38.61 40.286
125 3.88 23.035 11.32
126 3.88 31.33 18.529
127 7.76 7.373 23.821
128 9.7 47.04 26.927
129 9.7 21.36 4.563
130 1.94 34.898 23.195
131 1.94 38.224 33.514
132 7.76 41.338 46.116
133 9.7 13.149 29.234
134 7.76 44.615 10.213
135 3.88 37.343 1.494
136 1.94 23.57 46.462
137 1.94 9.912 6.268
138 9.7 18.587 10.006
139 1.94 21.407 1.639
140 9.7 1.194 27.591
141 9.7 12.616 19.711
142 9.7 14.122 43.417
143 3.88 4.924 40.63
144 3.88 5.418 21.48
145 5.82 46.181 40.785
146 5.82 35.718 32.953
147 9.7 27.143 9.3
148 9.7 18.198 19.939
149 3.88 42.204 2.601
150 7.76 29.658 44.333
151 1.94 18.437 4.704
152 5.82 7.874 45.223
153 5.82 47.447 12.544
154 3.88 45.43 44.522
155 7.76 23.641 25.946
156 7.76 6.941 45.483
157 1.94 38.374 2.321
158 5.82 9.091 18.051
159 3.88 20.32 12.533
160 1.94 17.841 1.103
161 3.88 27.201 12.604
162 1.94 32.861 45.756
163 9.7 20.432 26.444
164 1.94 2.515 33.788
165 5.82 43.196 4.851
166 9.7 28.631 26.27
167 7.76 28.569 3.372
168 7.76 38.592 37.006
169 5.82 46.794 11.595
170 7.76 11.399 2.123
171 5.82 38.481 27.379
172 7.76 43.609 14.135
173 9.7 10.274 36.959
174 3.88 10.414 31.71
175 1.94 7.694 36.969
176 1.94 11.458 44.667
177 5.82 4.813 39.618
178 9.7 22.148 26.708
179 9.7 39.824 44.062
180 3.88 14.961 25.116
181 7.76 12.611 6.28
182 7.76 26.517 11.165
183 5.82 3.081 32.793
184 9.7 19.088 32.408
185 3.88 35.492 15.759
186 1.94 14.132 34.998
187 5.82 3.405 33.697
188 3.88 7.155 17.871
189 9.7 13.147 3.699
190 3.88 31.719 7.582
191 5.82 39.772 41.243
192 9.7 33.602 0.641
193 3.88 25.148 21.086
194 1.94 41.815 35.319
195 9.7 8.225 19.204
196 5.82 32.879 47.566
197 9.7 3.899 26.883
198 1.94 42.207 27.647
199 5.82 1.792 1.07
200 9.7 13.433 4.737
201 9.7 13.162 26.238
202 3.88 31.892 34.028
203 3.88 27.628 10.855
204 1.94 7.827 12.489
205 3.88 33.393 32.963
206 7.76 26.105 4.537
207 1.94 9.644 31.543
208 1.94 19.071 16.498
209 9.7 25.573 16.333
210 5.82 42.635 34.255
211 7.76 3.181 37.42
212 9.7 6.052 21.915
213 3.88 32.869 39.043
214 7.76 8.36 42.294
215 7.76 4.658 19.231
216 7.76 18.044 40.4
217 3.88 4.906 11.389
218 9.7 32.633 47.348
219 3.88 5.732 23.484
220 1.94 24.891 7.656
221 7.76 18.371 13.922
222 3.88 16.871 31.455
223 7.76 28.924 30.402
224 1.94 25.426 7.75
225 7.76 20.758 14.558
226 9.7 8.366 3.964
227 9.7 43.083 38.324
228 9.7 37.06 30.281
229 3.88 32.459 13.869
230 7.76 1.144 43.264
231 5.82 29.491 32.27
232 5.82 14.455 39.481
233 3.88 40.916 34.152
234 3.88 4.795 35.385
235 9.7 41.937 43.009
236 1.94 22.843 9.913
237 9.7 31.0 47.322
238 1.94 15.226 42.338
239 9.7 15.766 12.674
240 9.7 13.852 6.935
241 5.82 29.835 23.705
242 9.7 39.722 14.005
243 1.94 31.803 23.308
244 1.94 3.942 46.608
245 5.82 2.207 8.189
246 3.88 36.427 3.668
247 7.76 36.532 23.898
248 9.7 19.976 8.354
249 9.7 43.292 40.883
250 3.88 31.766 6.362
251 3.88 7.408 42.991
252 9.7 37.112 7.931
253 5.82 9.048 38.902
254 1.94 6.675 20.625
255 3.88 8.007 36.606
256 9.7 21.385 8.446
257 5.82 34.025 9.601
258 3.88 38.33 16.752
259 1.94 33.303 9.453
260 5.82 23.583 23.276
261 1.94 12.791 29.479
262 1.94 37.131 11.318
263 3.88 13.061 34.635
264 7.76 22.77 25.283
265 7.76 3.487 24.498
266 9.7 4.327 34.022
267 1.94 20.6 29.611
268 9.7 45.985 42.444
269 1.94 6.358 30.491
270 9.7 47.538 10.38
271 1.94 37.579 31.107
272 9.7 33.155 27.44
273 1.94 2.389 28.797
274 9.7 12.883 7.22
275 1.94 1.309 34.213
276 7.76 25.469 1.05
277 1.94 39.485 37.956
278 9.7 27.997 20.794
279 1.94 43.01 4.481
280 3.88 30.218 38.557
281 7.76 44.815 31.588
282 3.88 24.901 12.206
283 9.7 16.479 11.588
284 7.76 15.807 9.409
285 3.88 4.433 32.386
286 7.76 28.08 0.501
287 9.7 43.141 14.962
288 7.76 32.41 34.22
289 5.82 25.027 43.469
290 9.7 8.534 25.235
291 7.76 39.608 24.171
292 1.94 41.412 43.471
293 1.94 20.233 17.7
294 1.94 40.066 35.809
295 3.88 21.204 30.051
296 7.76 13.472 28.004
297 1.94 26.969 40.227
298 3.88 4.623 47.718
299 7.76 23.566 24.684
300 9.7 38.249 40.019
301 3.88 28.235 15.962
302 3.88 5.097 19.108
303 3.88 21.121 26.379
304 5.82 5.922 8.8
305 3.88 47.32 45.457
306 7.76 2.917 33.991
307 9.7 37.086 4.552
308 5.82 23.053 20.761
309 7.76 15.047 34.597
310 7.76 17.268 10.906
311 7.76 31.339 45.926
312 9.7 33.757 2.485
313 5.82 37.793 38.79
314 7.76 39.316 30.589
315 3.88 21.419 12.068
316 9.7 31.682 26.673
317 1.94 33.558 15.992
318 3.88 43.156 38.933
319 3.88 14.618 4.177
320 5.82 38.349 4.291
321 1.94 3.175 33.928
322 1.94 4.479 46.714
323 9.7 18.986 18.14
324 1.94 31.881 42.709
325 7.76 46.699 34.045
326 9.7 12.236 37.831
327 5.82 42.46 29.339
328 3.88 44.575 19.701
329 1.94 1.928 34.77
330 5.82 34.377 5.517
331 1.94 42.753 46.266
332 1.94 23.814 19.095
333 3.88 11.773 19.523
334 9.7 9.162 20.58
335 9.7 14.802 39.397
336 1.94 21.385 41.434
337 5.82 7.858 45.263
338 7.76 23.018 22.087
339 3.88 24.385 45.694
340 5.82 3.402 36.491
341 9.7 17.582 36.102
342 7.76 2.7 9.694
343 5.82 32.817 18.919
344 5.82 21.284 46.444
345 1.94 23.018 13.83
346 3.88 39.99 47.525
347 9.7 18.523 39.144
348 7.76 31.362 26.484
349 9.7 47.304 20.233
350 5.82 36.69 38.942
351 7.76 41.591 7.008
352 9.7 43.809 12.959
353 5.82 18.995 46.861
354 1.94 33.931 42.806
355 9.7 36.145 7.237
356 7.76 21.755 44.122
357 9.7 12.334 29.38
358 1.94 44.82 30.213
359 5.82 13.617 23.908
360 5.82 30.397 19.974
361 7.76 43.776 17.953
362 9.7 25.175 16.709
363 9.7 31.108 6.541
364 7.76 10.907 39.289
365 7.76 35.731 27.969
366 9.7 42.703 15.572
367 5.82 24.912 3.904
368 7.76 11.589 36.793
369 7.76 40.415 7.637
370 3.88 26.432 29.828
371 9.7 12.484 0.459
372 9.7 10.46 31.143
373 7.76 37.57 11.542
374 5.82 16.956 47.201
375 9.7 21.87 35.423
376 5.82 2.738 27.527
377 9.7 38.523 8.664
378 7.76 41.633 41.236
379 3.88 46.339 30.187
380 5.82 19.726 3.008
381 7.76 10.833 26.535
382 5.82 13.485 30.663
383 5.82 21.183 18.764
384 1.94 42.592 36.366
385 9.7 9.117 12.979
386 1.94 35.412 31.904
387 5.82 36.572 38.659
388 3.88 33.451 27.752
389 3.88 38.028 19.376
390 1.94 24.929 11.842
391 7.76 37.909 38.291
392 9.7 19.045 18.177
393 9.7 10.124 40.977
394 3.88 7.217 46.68
395 9.7 18.941 20.196
396 1.94 20.953 26.274
397 5.82 19.5 37.13
398 7.76 35.063 7.479
399 5.82 1.309 31.016
400 7.76 4.438 8.869
401 1.94 10.75 0.666
402 7.76 32.83 30.514
403 7.76 12.73 36.849
404 1.94 20.292 33.587
405 3.88 4.106 1.454
406 9.7 6.012 23.659
407 7.76 43.096 44.715
408 5.82 18.02 4.264
409 9.7 9.822 5.959
410 3.88 8.626 1.739
411 7.76 13.501 1.656
412 5.82 36.796 8.781
413 5.82 16.862 17.776
414 5.82 26.879 33.286
415 9.7 46.089 34.977
416 9.7 4.9 6.333
417 9.7 34.234 38.961
418 1.94 8.068 34.789
419 5.82 29.77 3.357
420 5.82 40.549 35.24
421 1.94 21.709 12.661
422 5.82 26.025 5.228
423 7.76 7.36 17.664
424 5.82 38.9 43.055
425 7.76 45.256 6.002
426 1.94 6.558 46.409
427 7.76 2.895 31.513
428 1.94 4.225 5.949
429 5.82 41.914 23.34
430 3.88 2.929 24.397
431 9.7 42.727 21.909
432 5.82 42.403 11.733
433 7.76 28.33 47.425
434 5.82 8.883 9.789
435 3.88 47.484 13.25
436 1.94 3.038 8.046
437 7.76 21.928 22.795
438 5.82 39.584 36.109
439 9.7 23.775 43.549
440 7.76 44.752 1.499
441 7.76 45.803 44.791
442 3.88 24.574 10.6
443 1.94 15.312 17.369
444 9.7 21.588 37.078
445 9.7 23.535 2.321
446 3.88 45.083 6.463
447 7.76 40.192 42.914
448 3.88 15.632 31.17
449 7.76 24.446 3.755
450 7.76 24.153 40.664
451 7.76 34.3 6.708
452 1.94 20.628 28.224
453 7.76 10.665 37.877
454 3.88 34.673 46.616
455 3.88 19.423 42.728
456 3.88 21.97 22.653
457 7.76 27.155 15.689
458 9.7 46.09 43.445
459 3.88 24.931 45.08
460 5.82 40.587 28.907
461 3.88 17.098 21.048
462 9.7 7.268 22.771
463 5.82 38.74 41.136
464 9.7 47.418 9.652
465 1.94 42.286 20.163
466 9.7 14.874 25.718
467 5.82 40.668 19.388
468 7.76 16.569 20.692
469 5.82 34.423 6.852
470 1.94 35.4 41.006
471 1.94 5.185 33.073
472 7.76 45.12 33.266
473 1.94 31.413 14.832
474 3.88 8.815 40.188
475 5.82 19.649 21.887
476 3.88 4.825 7.049
477 5.82 22.95 1.907
478 1.94 6.665 21.532
479 5.82 11.195 5.811
480 5.82 33.534 19.855
481 5.82 33.772 46.327
482 5.82 33.202 19.149
483 1.94 8.046 13.63
484 7.76 8.024 35.387
485 5.82 4.768 44.899
486 7.76 34.62 11.025
487 5.82 30.824 28.533
488 3.88 30.728 23.793
489 1.94 6.319 30.285
490 7.76 35.413 44.46
491 1.94 30.097 11.577
492 3.88 45.031 25.25
493 1.94 15.711 20.637
494 3.88 41.543 44.421
495 3.88 30.935 11.143
496 5.82 13.981 33.575
497 9.7 3.142 35.982
498 1.94 31.081 17.768
499 9.7 7.062 6.789
500 7.76 13.752 42.25
501 3.88 20.249 23.472
502 3.88 44.644 20.667
503 9.7 14.772 16.654
504 9.7 41.836 37.109
505 3.88 34.88 37.964
506 7.76 39.486 34.654
507 9.7 40.481 9.654
508 3.88 22.082 42.945
509 1.94 3.3 32.086
510 3.88 19.403 8.835
511 5.82 9.578 25.536
512 1.94 29.743 1.774
513 9.7 19.463 4.751
514 9.7 1.966 35.46
515 9.7 24.228 33.168
516 7.76 44.402 7.544
517 1.94 19.371 11.725
518 7.76 5.74 14.59
519 1.94 29.715 11.675
520 7.76 17.919 25.344
521 1.94 41.725 37.978
522 3.88 12.586 24.431
523 7.76 11.364 11.223
524 5.82 33.936 8.039
525 1.94 3.815 0.842
526 5.82 9.541 46.724
527 1.94 23.072 42.512
528 1.94 28.418 7.741
529 9.7 14.931 45.528
530 5.82 36.473 14.585
531 7.76 31.006 4.83
532 5.82 40.309 17.643
533 3.88 2.528 24.449
534 1.94 2.332 39.074
535 7.76 5.695 23.634
536 9.7 0.402 25.492
537 7.76 37.179 32.937
538 7.76 12.524 25.728
539 3.88 35.588 19.002
540 5.82 2.272 16.014
541 9.7 25.688 42.336
542 9.7 0.598 45.162
543 3.88 18.907 20.3
544 9.7 21.039 38.172
545 3.88 17.945 21.837
546 9.7 17.211 2.674
547 1.94 32.979 10.469
548 3.88 13.175 31.798
549 5.82 46.953 33.003
550 3.88 47.8 25.667
551 3.88 11.101 10.755
552 5.82 10.024 35.706
553 9.7 34.896 31.432
554 9.7 39.162 22.013
555 9.7 46.214 26.322
556 5.82 22.974 6.289
557 7.76 22.563 16.95
558 5.82 18.105 4.524
559 7.76 42.94 5.864
560 3.88 36.58 3.039
561 9.7 11.89 26.804
562 5.82 24.834 18.357
563 1.94 2.412 29.44
564 7.76 16.839 17.484
565 3.88 1.204 35.33
566 1.94 8.251 6.846
567 1.94 25.549 40.82
568 5.82 25.044 17.681
569 7.76 25.256 33.965
570 9.7 2.967 12.553
571 7.76 3.742 26.433
572 3.88 19.308 36.243
573 3.88 6.015 29.48
574 1.94 41.85 30.903
575 7.76 38.579 28.737
576 1.94 7.932 35.777
577 7.76 30.16 30.782
578 5.82 40.404 3.725
579 7.76 33.883 5.089
580 9.7 42.382 8.326
581 7.76 5.761 8.244
582 1.94 32.475 32.789
583 1.94 47.094 31.027
584 1.94 15.448 38.929
585 5.82 21.158 8.456
586 1.94 41.986 13.486
587 1.94 41.522 16.939
588 3.88 21.637 27.06
589 5.82 12.432 12.392
590 3.88 16.683 7.407
591 5.82 0.446 16.287
592 7.76 30.6 26.18
593 5.82 5.905 43.446
594 7.76 29.327 42.567
595 5.82 12.912 22.504
596 9.7 6.8 40.726
597 1.94 36.91 10.14
598 7.76 20.222 42.681
599 7.76 30.312 8.829
600 7.76 3.589 46.439
601 5.82 45.003 15.543
602 5.82 5.793 27.142
603 9.7 46.313 13.773
604 7.76 16.869 27.007
605 3.88 9.517 35.678
606 1.94 15.437 42.594
607 5.82 14.075 7.75
608 7.76 10.687 23.412
609 5.82 35.168 25.64
610 5.82 1.444 34.818
611 5.82 33.539 16.841
612 1.94 9.602 27.5
613 9.7 32.689 42.556
614 1.94 17.472 29.22
615 5.82 39.087 11.637
616 9.7 42.186 37.575
617 7.76 7.627 13.058
618 7.76 31.91 37.718
619 1.94 20.456 0.277
620 5.82 25.394 36.177
621 5.82 35.011 15.054
622 1.94 22.612 3.634
623 3.88 7.612 26.657
624 1.94 36.433 1.044
625 5.82 44.113 30.961
626 7.76 38.238 13.858
627 7.76 28.348 45.473
628 5.82 38.569 20.894
629 7.76 20.629 30.002
630 3.88 12.352 3.886
631 5.82 44.785 4.828
632 7.76 6.027 38.21
633 5.82 5.461 19.728
634 5.82 42.741 36.64
635 3.88 34.033 27.503
636 7.76 6.174 5.946
637 9.7 44.678 25.973
638 5.82 40.953 43.999
639 9.7 3.801 43.019
640 7.76 12.792 18.613
641 5.82 31.897 13.437
642 5.82 43.806 14.312
643 1.94 27.067 46.233
644 3.88 27.166 26.069
645 5.82 11.028 19.499
646 1.94 44.089 18.762
647 1.94 29.189 21.609
648 5.82 18.761 35.785
649 1.94 29.895 20.918
650 5.82 43.772 12.071
651 3.88 8.141 32.169
652 1.94 45.979 35.363
653 9.7 20.999 42.781
654 5.82 15.551 10.296
655 7.76 16.175 18.768
656 5.82 11.794 26.092
657 7.76 13.783 47.175
658 3.88 45.76 3.924
659 9.7 28.85 6.51
660 5.82 23.521 31.261
661 9.7 12.425 40.416
662 1.94 23.989 7.976
663 9.7 17.823 10.052
664 9.7 34.758 22.912
665 9.7 11.966 34.86
666 1.94 33.419 9.207
667 7.76 29.105 14.841
668 9.7 41.589 24.236
669 1.94 45.501 0.29
670 7.76 45.479 20.223
671 9.7 19.613 40.584
672 5.82 15.876 43.531
673 5.82 0.665 45.878
674 9.7 23.505 38.033
675 5.82 22.708 0.525
676 9.7 22.444 21.167
677 7.76 36.239 7.177
678 7.76 2.893 36.87
679 7.76 47.166 46.146
680 3.88 25.577 24.035
681 1.94 11.496 26.513
682 1.94 30.146 33.037
683 3.88 18.436 42.171
684 1.94 25.667 23.032
685 9.7 43.359 38.616
686 3.88 39.654 16.893
687 1.94 39.708 18.88
688 9.7 45.826 47.576
689 3.88 9.591 30.179
690 5.82 45.169 1.956
691 1.94 42.752 33.524
692 1.94 5.267 29.411
693 3.88 15.654 31.697
694 1.94 14.984 35.311
695 5.82 42.152 17.601
696 7.76 5.996 39.491
697 3.88 25.715 16.488
698 7.76 25.2 16.964
699 1.94 8.793 5.617
700 1.94 4.256 16.411
701 5.82 35.744 9.703
702 7.76 47.718 42.555
703 1.94 4.851 7.473
704 5.82 35.705 20.641
705 3.88 31.899 38.433
706 5.82 21.062 26.731
707 5.82 35.486 34.022
708 1.94 18.074 37.131
709 5.82 27.983 40.252
710 1.94 2.103 1.933
711 5.82 40.858 46.695
712 1.94 23.204 23.881
713 3.88 2.811 12.552
714 3.88 27.524 22.359
715 9.7 32.706 19.705
716 1.94 8.555 4.813
717 9.7 12.003 40.848
718 1.94 33.663 43.026
719 9.7 43.536 45.859
720 3.88 17.144 40.146
721 5.82 45.194 5.968
722 5.82 25.565 11.133
723 3.88 15.562 30.081
724 1.94 35.169 25.43
725 3.88 14.683 6.168
726 1.94 14.228 27.124
727 9.7 13.376 19.041
728 3.88 36.175 40.599
729 1.94 32.107 20.714
730 3.88 43.592 24.931
731 9.7 16.6 8.788
732 1.94 18.317 42.23
733 5.82 37.692 31.262
734 7.76 46.468 44.393
735 1.94 23.129 43.093
736 3.88 30.734 17.616
737 1.94 22.412 25.813
738 1.94 32.885 44.82
739 1.94 27.664 22.441
740 1.94 21.101 27.893
741 1.94 12.098 27.453
742 5.82 30.858 23.163
743 5.82 22.789 6.915
744 1.94 16.926 14.313
745 9.7 7.724 24.013
746 1.94 17.936 11.132
747 3.88 11.054 35.651
748 5.82 17.565 27.932
749 3.88 39.469 3.437
750 7.76 21.827 13.581
751 1.94 47.203 45.032
752 9.7 34.095 42.528
753 3.88 17.351 45.356
754 5.82 5.629 33.622
755 1.94 39.286 22.707
756 3.88 31.299 25.37
757 1.94 24.381 36.681
758 1.94 23.012 28.585
759 1.94 12.329 31.799
760 9.7 7.471 35.177
761 7.76 11.703 28.038
762 1.94 43.133 41.267
763 9.7 23.75 10.257
764 7.76 25.986 43.625
765 3.88 30.348 1.442
766 3.88 23.789 35.746
767 5.82 14.748 22.798
768 5.82 12.892 31.954
769 1.94 0.277 29.367
770 1.94 12.914 45.634
771 3.88 36.411 39.117
772 5.82 33.678 26.659
773 9.7 21.115 4.935
774 5.82 43.489 30.419
775 9.7 36.292 31.596
776 5.82 28.535 7.327
777 7.76 40.956 6.782
778 7.76 43.94 11.229
779 3.88 32.51 5.176
780 3.88 31.683 7.915
781 1.94 42.158 21.642
782 3.88 13.121 34.797
783 3.88 20.59 41.583
784 7.76 39.286 22.523
785 9.7 35.034 46.599
786 3.88 47.36 9.412
787 3.88 29.205 18.035
788 9.7 3.668 13.242
789 1.94 3.664 19.951
790 1.94 16.449 45.674
791 7.76 35.76 10.092
792 7.76 8.623 47.275
793 7.76 17.582 30.892
794 1.94 0.839 9.21
795 7.76 23.953 47.649
796 1.94 28.06 25.514
797 9.7 20.365 43.991
798 1.94 24.808 7.852
799 5.82 41.403 40.674
800 9.7 45.084 31.784
801 3.88 12.19 6.886
802 3.88 29.613 7.266
803 9.7 33.516 45.674
804 7.76 45.384 24.862
805 5.82 8.114 18.713
806 5.82 12.617 34.759
807 9.7 10.775 18.629
808 1.94 11.102 16.005
809 3.88 28.943 43.595
810 9.7 26.102 36.066
811 9.7 17.082 20.336
812 3.88 31.451 13.667
813 5.82 26.339 20.221
814 9.7 23.811 32.688
815 1.94 36.515 42.765
816 7.76 17.608 38.5
817 3.88 22.07 33.798
818 3.88 41.535 30.989
819 7.76 35.664 30.248
820 7.76 25.882 15.792
821 5.82 13.679 16.793
822 1.94 31.215 31.361
823 1.94 25.891 33.265
824 7.76 31.148 47.201
825 7.76 19.232 18.479
826 7.76 7.346 10.946
827 5.82 6.885 10.383
828 1.94 33.132 43.608
829 9.7 4.072 0.914
830 1.94 28.079 46.306
831 7.76 2.028 14.78
832 5.82 3.721 11.791
833 1.94 36.933 22.005
834 9.7 40.634 12.237
835 7.76 14.214 39.63
836 5.82 3.594 21.915
837 7.76 2.908 8.642
838 1.94 12.431 13.165
839 1.94 47.597 23.806
840 9.7 41.23 32.329
841 1.94 46.638 21.852
842 9.7 45.744 21.477
843 7.76 15.11 14.562
844 9.7 8.064 5.089
845 7.76 9.851 45.996
846 9.7 30.099 3.011
847 1.94 10.036 31.352
848 9.7 16.454 16.841
849 5.82 28.266 11.037
850 5.82 6.531 30.174
851 5.82 6.199 3.153
852 3.88 4.36 12.463
853 9.7 29.119 6.541
854 7.76 30.887 19.731
855 1.94 28.187 46.907
856 3.88 32.741 42.549
857 7.76 38.936 13.887
858 7.76 4.987 26.104
859 5.82 26.108 17.481
860 3.88 12.259 26.901
861 1.94 47.761 35.6
862 9.7 24.234 34.174
863 3.88 26.732 18.829
864 5.82 10.714 33.691
865 9.7 2.873 20.925
866 5.82 19.192 11.842
867 1.94 11.419 41.667
868 3.88 13.836 45.223
869 7.76 22.51 40.266
870 3.88 13.721 30.454
871 1.94 38.959 3.244
872 9.7 34.855 14.604
873 1.94 21.925 38.523
874 3.88 3.042 28.877
875 5.82 17.113 16.939
876 7.76 24.04 44.672
877 7.76 7.338 30.226
878 7.76 45.582 5.019
879 9.7 25.822 28.664
880 5.82 35.648 16.909
881 7.76 31.244 20.516
882 9.7 16.202 41.844
883 3.88 41.314 42.419
884 1.94 27.494 39.994
885 3.88 7.042 24.123
886 1.94 46.747 31.306
887 3.88 35.221 24.588
888 3.88 34.148 28.223
889 7.76 21.353 10.112
890 1.94 17.833 44.324
891 1.94 17.567 25.766
892 1.94 14.443 14.833
893 7.76 10.596 37.505
894 1.94 24.549 1.992
895 7.76 2.215 44.593
896 5.82 43.871 30.556
897 5.82 45.436 27.721
898 1.94 3.968 22.235
899 7.76 35.314 24.842
900 3.88 14.998 43.787
901 3.88 15.427 44.098
902 9.7 38.795 42.68
903 9.7 36.512 22.896
904 3.88 1.107 44.247
905 3.88 10.19 34.183
906 7.76 32.09 46.371
907 5.82 8.845 16.642
908 1.94 19.267 41.637
909 1.94 19.644 34.567
910 7.76 19.817 42.669
911 1.94 5.228 45.995
912 5.82 28.414 24.767
913 7.76 46.283 0.211
914 9.7 34.687 0.204
915 9.7 36.346 5.52
916 1.94 18.083 26.023
917 7.76 22.173 14.612
918 7.76 46.329 34.305
919 7.76 26.15 12.878
920 7.76 30.537 27.03
921 9.7 28.515 10.81
922 5.82 21.715 14.203
923 7.76 37.821 25.479
924 3.88 47.234 2.734
925 1.94 27.863 7.3
926 3.88 23.493 33.701
927 5.82 41.064 41.772
928 1.94 45.746 36.577
929 5.82 23.238 13.139
930 1.94 40.967 15.223
931 1.94 7.623 12.387
932 1.94 16.244 17.675
933 3.88 9.367 34.367
934 9.7 11.985 47.295
935 3.88 36.167 6.856
936 5.82 34.127 4.091
937 5.82 41.28 6.334
938 7.76 32.743 36.554
939 7.76 23.987 25.775
940 1.94 46.981 21.398
941 7.76 20.428 42.369
942 3.88 35.28 25.02
943 7.76 38.849 40.479
944 1.94 17.53 23.703
945 1.94 14.778 2.39
946 5.82 31.209 30.109
947 3.88 35.984 31.306
948 3.88 40.811 15.193
949 1.94 23.393 20.988
950 7.76 14.776 4.967
951 3.88 10.323 2.264
952 1.94 39.352 5.38
953 9.7 46.526 30.826
954 7.76 36.198 46.649
955 5.82 5.733 28.483
956 5.82 19.749 38.627
957 5.82 17.668 18.597
958 5.82 30.451 4.49
959 9.7 26.626 2.203
960 9.7 31.856 23.631
961 7.76 14.879 36.992
962 1.94 7.013 36.051
963 1.94 14.61 25.034
964 1.94 15.074 3.2
965 7.76 31.203 43.698
966 9.7 10.094 18.183
967 5.82 6.016 21.863
968 1.94 46.489 33.301
969 7.76 29.168 13.454
970 3.88 39.619 44.295
971 1.94 27.278 34.499
972 9.7 22.893 35.757
973 1.94 39.363 0.716
974 7.76 4.144 10.603
975 9.7 18.414 34.765
976 9.7 25.432 26.442
977 7.76 6.222 33.075
978 1.94 33.986 37.173
979 5.82 13.028 35.575
980 5.82 21.757 45.732
981 3.88 30.098 36.683
982 3.88 27.817 36.513
983 5.82 36.907 21.492
984 1.94 31.345 0.679
985 3.88 19.221 26.139
986 5.82 14.15 6.917
987 3.88 44.486 2.31
988 1.94 17.976 18.97
989 3.88 32.683 9.782
990 9.7 7.001 31.006
991 9.7 25.683 44.392
992 7.76 9.972 16.807
993 7.76 2.151 41.708
994 1.94 15.56 2.954
995 1.94 41.934 35.066
996 5.82 37.541 22.399
997 3.88 18.661 5.026
998 7.76 12.184 37.499
999 3.88 30.945 0.866
1000 1.94 10.949 3.021
1001 5.82 37.824 27.052
1002 9.7 15.185 33.955
1003 3.88 32.482 11.273
1004 1.94 13.834 26.563
1005 9.7 45.049 16.507
1006 9.7 40.674 25.178
1007 9.7 9.144 45.684
1008 7.76 6.343 10.154
1009 7.76 2.943 2.9
1010 3.88 25.671 26.826
1011 9.7 12.144 35.181
1012 3.88 34.705 18.058
1013 1.94 8.907 9.364
1014 1.94 27.175 26.896
1015 7.76 33.432 40.803
1016 7.76 35.881 44.863
1017 1.94 15.931 6.161
1018 9.7 39.423 1.758
1019 9.7 9.864 30.195
1020 9.7 47.467 1.852
1021 7.76 14.942 15.847
1022 1.94 2.993 2.01
1023 1.94 35.235 33.792
1024 3.88 19.782 5.536
1025 3.88 14.224 42.531
1026 7.76 43.889 31.709
1027 5.82 2.974 37.462
1028 9.7 31.76 43.667
1029 9.7 25.564 43.068
1030 5.82 3.532 25.441
1031 5.82 38.737 40.7
1032 1.94 29.547 39.526
1033 3.88 35.282 32.987
1034 3.88 12.172 6.472
1035 5.82 27.302 1.419
1036 7.76 1.454 37.402
1037 5.82 0.588 3.652
1038 9.7 43.48 32.301
1039 1.94 26.645 23.96
1040 9.7 21.738 19.341
1041 1.94 9.535 12.26
1042 1.94 8.782 8.432
1043 7.76 7.639 21.778
1044 3.88 47.199 44.947
1045 7.76 35.205 14.029
1046 9.7 25.944 11.167
1047 7.76 8.124 24.043
1048 7.76 32.363 43.947
1049 3.88 18.061 3.576
1050 5.82 0.258 2.375
1051 9.7 46.46 19.8
1052 1.94 20.379 2.391
1053 3.88 10.939 29.235
1054 9.7 27.855 17.462
1055 5.82 25.049 13.055
1056 9.7 20.24 45.933
1057 7.76 30.478 24.746
1058 1.94 34.77 22.333
1059 7.76 41.543 34.069
1060 1.94 3.224 27.42
1061 9.7 41.535 34.016
1062 5.82 31.785 43.964
1063 9.7 13.313 27.824
1064 9.7 18.189 45.944
1065 3.88 14.04 30.147
1066 1.94 37.802 0.338
1067 3.88 19.759 41.452
1068 1.94 40.519 25.72
1069 5.82 7.059 3.458
1070 1.94 33.053 36.268
1071 5.82 30.382 28.726
1072 7.76 2.764 45.072
1073 5.82 15.592 40.422
1074 1.94 28.211 30.82
1075 9.7 0.663 7.47
1076 3.88 39.735 44.131
1077 1.94 10.68 4.557
1078 3.88 14.239 37.839
1079 3.88 46.01 24.095
1080 3.88 2.226 29.153
1081 7.76 23.698 25.998
1082 7.76 24.917 35.854
1083 7.76 43.743 24.297
1084 7.76 5.118 20.865
1085 1.94 2.954 4.509
1086 9.7 32.613 42.475
1087 3.88 40.034 43.326
1088 3.88 29.716 47.551
1089 9.7 10.51 14.962
1090 3.88 17.704 27.692
1091 1.94 8.142 12.432
1092 7.76 42.752 9.728
1093 5.82 47.411 3.364
1094 3.88 45.54 8.37
1095 1.94 27.916 9.807
1096 9.7 32.792 20.219
1097 9.7 15.507 16.876
1098 9.7 26.325 16.698
1099 5.82 2.658 4.868
1100 3.88 40.045 3.096
1101 9.7 22.123 1.32
1102 7.76 43.891 31.606
1103 7.76 13.564 24.509
1104 3.88 2.831 33.128
1105 9.7 41.136 13.848
1106 1.94 20.469 8.697
1107 5.82 1.478 44.53
1108 3.88 11.011 14.567
1109 1.94 16.054 22.293
1110 5.82 46.769 37.071
1111 9.7 45.073 34.139
1112 7.76 29.791 18.623
1113 7.76 8.305 8.807
1114 3.88 36.616 9.545
1115 9.7 22.269 11.371
1116 3.88 8.751 41.025
1117 5.82 41.549 45.315
1118 5.82 2.322 16.067
1119 5.82 7.63 14.136
1120 7.76 19.028 22.683
1121 5.82 6.112 18.359
1122 9.7 25.222 23.874
1123 5.82 30.675 35.957
1124 7.76 5.806 0.212
1125 5.82 4.798 35.102
1126 1.94 42.361 34.533
1127 7.76 13.557 35.181
1128 1.94 8.333 17.544
1129 3.88 46.578 11.715
1130 3.88 31.656 37.066
1131 1.94 33.667 12.846
1132 5.82 31.769 11.058
1133 1.94 30.089 22.03
1134 1.94 40.121 35.939
1135 3.88 14.44 3.591
1136 1.94 25.965 31.044
1137 5.82 6.173 9.852
1138 3.88 39.839 1.41
1139 7.76 1.01 44.179
1140 3.88 29.531 26.34
1141 9.7 41.546 42.296
1142 9.7 4.044 17.899
1143 5.82 2.589 32.405
1144 7.76 9.096 27.734
1145 3.88 2.251 9.813
1146 9.7 19.733 17.769
1147 3.88 14.144 39.285
1148 9.7 31.96 43.641
1149 3.88 1.593 21.254
1150 5.82 11.445 28.708
1151 3.88 0.758 18.506
1152 7.76 24.84 32.67
1153 5.82 37.986 24.016
1154 5.82 26.613 15.612
1155 3.88 40.964 25.499
1156 5.82 9.014 45.066
1157 5.82 44.297 39.637
1158 3.88 30.038 35.628
1159 9.7 0.57 18.922
1160 5.82 4.491 35.395
1161 5.82 30.978 4.008
1162 9.7 18.084 37.34
1163 1.94 25.281 32.028
1164 3.88 31.024 38.663
1165 7.76 40.645 32.605
1166 5.82 25.445 15.589
1167 1.94 32.018 42.255
1168 3.88 25.99 39.075
1169 7.76 27.759 35.645
1170 7.76 37.055 44.653
1171 5.82 40.475 38.789
1172 7.76 20.114 37.311
1173 7.76 13.62 14.213
1174 9.7 20.34 12.588
1175 9.7 9.197 1.433
1176 5.82 28.581 12.324
1177 9.7 4.739 23.157
1178 1.94 23.994 12.069
1179 1.94 20.329 15.822
1180 7.76 18.647 28.699
1181 7.76 5.799 43.13
1182 3.88 14.226 30.641
1183 9.7 12.703 33.767
1184 9.7 33.744 6.148
1185 1.94 16.968 29.944
1186 3.88 40.648 43.501
1187 3.88 21.08 45.782
1188 1.94 18.544 40.416
1189 7.76 4.173 38.522
1190 9.7 27.517 31.4
1191 9.7 27.247 24.129
1192 9.7 8.355 23.21
1193 3.88 44.996 35.523
1194 7.76 7.521 24.555
1195 1.94 31.618 46.23
1196 1.94 21.56 19.136
1197 1.94 27.672 9.627
1198 9.7 1.924 21.891
1199 1.94 38.639 9.323
1200 7.76 4.644 27.783
1201 5.82 36.237 31.045
1202 5.82 30.252 21.916
1203 9.7 5.87 42.369
1204 1.94 43.394 31.418
1205 1.94 5.595 2.812
1206 7.76 0.358 21.472
1207 9.7 18.243 18.85
1208 7.76 45.337 41.01
1209 7.76 47.172 16.309
1210 1.94 21.792 14.547
1211 9.7 38.856 31.078
1212 5.82 42.858 8.727
1213 3.88 34.906 1.006
1214 9.7 34.374 0.311
1215 9.7 13.368 15.148
1216 1.94 14.798 28.388
1217 5.82 43.391 23.774
1218 5.82 8.482 18.321
1219 3.88 3.758 43.655
1220 7.76 29.728 32.849
1221 5.82 13.262 40.21
1222 3.88 29.914 16.356
1223 1.94 44.648 40.781
1224 5.82 21.365 12.575
1225 9.7 33.569 11.583
1226 5.82 26.391 14.043
1227 5.82 5.911 16.774
1228 5.82 27.536 26.477
1229 9.7 24.825 26.644
1230 1.94 35.91 9.884
1231 5.82 0.686 39.422
1232 9.7 38.962 29.626
1233 1.94 9.737 30.605
1234 3.88 31.974 10.335
1235 3.88 15.404 5.216
1236 5.82 37.233 1.485
1237 3.88 8.877 17.052
1238 7.76 8.86 31.604
1239 5.82 46.803 5.534
1240 1.94 16.219 21.558
1241 5.82 7.422 42.407
1242 7.76 9.878 1.127
1243 1.94 1.41 39.373
1244 7.76 29.619 29.601
1245 5.82 33.717 27.381
1246 9.7 1.577 24.102
1247 5.82 32.121 42.131
1248 9.7 8.234 22.935
1249 1.94 23.905 40.822
1250 7.76 5.672 23.77
1251 9.7 14.466 15.693
1252 7.76 21.031 8.663
1253 9.7 19.166 46.763
1254 7.76 29.468 32.707
1255 5.82 17.385 36.563
1256 7.76 11.383 2.93
1257 1.94 41.719 3.602
1258 3.88 18.58 10.352
1259 9.7 44.408 40.146
1260 7.76 47.302 15.272
1261 3.88 35.043 3.954
1262 9.7 4.885 26.383
1263 3.88 35.031 27.649
1264 5.82 47.314 43.846
1265 1.94 28.74 28.262
1266 1.94 6.187 3.054
1267 1.94 43.393 8.536
1268 9.7 43.502 12.744
1269 7.76 6.852 31.445
1270 5.82 39.997 4.678
1271 3.88 24.149 25.524
1272 9.7 35.993 14.868
1273 3.88 32.246 2.15
1274 1.94 15.925 33.494
1275 5.82 32.743 34.652
1276 1.94 47.379 23.749
1277 3.88 2.443 3.03
1278 9.7 21.951 27.305
1279 7.76 10.346 9.592
1280 7.76 27.759 35.675
1281 7.76 16.196 10.354
1282 3.88 13.707 16.333
1283 1.94 10.038 24.346
1284 3.88 4.334 43.058
1285 1.94 6.731 2.274
1286 7.76 24.118 35.247
1287 1.94 33.63 13.8
1288 5.82 25.277 33.818
1289 3.88 9.29 5.385
1290 9.7 41.518 28.489
1291 9.7 30.411 5.402
1292 5.82 20.781 30.785
1293 3.88 17.591 10.962
1294 5.82 26.47 39.621
1295 9.7 18.803 6.314
1296 7.76 47.68 45.845
1297 5.82 16.239 45.441
1298 9.7 27.011 6.264
1299 3.88 8.596 42.938
1300 9.7 31.957 29.867
1301 9.7 17.474 35.58
1302 5.82 45.72 2.145
1303 1.94 0.392 3.303
1304 1.94 6.81 3.012
1305 7.76 15.034 31.538
1306 5.82 25.865 19.949
1307 1.94 45.302 39.342
1308 7.76 24.428 46.214
1309 1.94 1.365 19.177
1310 9.7 5.826 15.541
1311 7.76 1.878 43.702
1312 1.94 33.844 1.042
1313 1.94 27.611 44.778
1314 7.76 28.83 43.846
1315 9.7 9.671 12.711
1316 9.7 44.868 6.507
1317 5.82 36.192 15.007
1318 5.82 34.949 17.644
1319 7.76 8.909 20.731
1320 5.82 19.74 9.547
1321 9.7 0.961 28.697
1322 5.82 42.711 29.613
1323 3.88 34.892 20.242
1324 5.82 1.669 4.862
1325 5.82 45.972 16.427
1326 3.88 31.088 37.798
1327 1.94 28.234 30.36
1328 9.7 11.767 35.813
1329 3.88 46.643 22.81
1330 5.82 22.794 39.219
1331 9.7 7.653 13.746
1332 9.7 0.444 39.424
1333 3.88 15.073 27.955
1334 3.88 42.23 45.838
1335 1.94 14.158 2.214
1336 3.88 26.476 9.79
1337 5.82 12.274 47.346
1338 3.88 2.565 4.621
1339 9.7 36.233 19.598
1340 9.7 5.113 41.399
1341 9.7 3.622 30.42
1342 9.7 28.291 38.289
1343 5.82 27.888 18.862
1344 3.88 26.93 35.912
1345 5.82 24.713 43.184
1346 5.82 17.711 21.071
1347 7.76 43.184 9.097
1348 3.88 20.467 24.568
1349 1.94 4.867 26.159
1350 1.94 7.526 31.087
1351 1.94 44.385 22.049
1352 1.94 37.592 29.041
1353 3.88 12.329 34.187
1354 5.82 18.746 32.796
1355 7.76 20.791 26.25
1356 5.82 25.326 19.095
1357 3.88 19.839 9.303
1358 7.76 7.669 14.39
1359 7.76 8.849 14.253
1360 9.7 13.493 36.293
1361 3.88 1.207 46.419
1362 1.94 30.444 42.562
1363 9.7 21.992 24.392
1364 7.76 41.93 36.944
1365 9.7 41.532 10.323
1366 5.82 40.978 30.206
1367 7.76 21.565 32.316
1368 7.76 31.203 13.226
1369 1.94 1.134 4.286
1370 3.88 19.737 47.244
1371 7.76 34.31 15.054
1372 1.94 16.774 40.579
1373 7.76 10.852 41.356
1374 3.88 8.622 12.44
1375 7.76 24.301 30.296
1376 9.7 21.434 17.476
1377 1.94 29.552 40.867
1378 1.94 20.485 0.932
1379 9.7 20.722 15.236
1380 1.94 20.524 30.474
1381 3.88 6.062 44.888
1382 3.88 17.388 29.446
1383 9.7 14.898 20.892
1384 7.76 34.826 0.505
1385 5.82 7.96 14.748
1386 3.88 40.335 27.609
1387 5.82 15.154 26.933
1388 9.7 6.53 15.72
1389 5.82 5.471 11.091
1390 9.7 21.87 21.214
1391 7.76 38.266 6.903
1392 3.88 15.144 5.712
1393 9.7 42.199 7.869
1394 5.82 32.796 32.77
1395 3.88 21.224 2.231
1396 7.76 32.22 21.988
1397 5.82 10.11 25.158
1398 7.76 15.181 5.004
1399 1.94 34.095 41.914
1400 7.76 15.164 11.83
1401 7.76 23.631 41.805
1402 3.88 34.476 28.126
1403 3.88 32.395 16.388
1404 3.88 0.833 31.147
1405 5.82 45.301 6.319
1406 1.94 12.492 36.378
1407 5.82 11.677 26.332
1408 7.76 35.039 38.064
1409 9.7 24.126 15.249
1410 7.76 36.466 34.704
1411 5.82 35.392 37.516
1412 7.76 33.041 37.037
1413 1.94 9.218 28.698
1414 9.7 45.185 6.868
1415 7.76 10.477 41.97
1416 3.88 16.377 30.495
1417 5.82 31.646 23.49
1418 5.82 18.43 29.592
1419 7.76 46.227 0.21
1420 7.76 45.53 45.082
1421 1.94 18.122 34.295
1422 1.94 17.628 1.177
1423 7.76 7.249 25.877
1424 9.7 41.558 8.308
1425 1.94 32.481 25.732
1426 3.88 6.366 11.819
1427 9.7 12.448 44.317
1428 9.7 26.707 1.564
1429 1.94 7.674 41.104
1430 7.76 21.781 35.766
1431 3.88 16.742 44.15
1432 9.7 22.429 40.445
1433 9.7 22.351 23.497
1434 9.7 14.636 43.614
1435 7.76 13.776 34.717
1436 7.76 14.218 28.487
1437 9.7 2.826 26.457
1438 5.82 25.349 39.111
1439 7.76 0.533 10.888
1440 3.88 6.629 23.813
1441 9.7 17.619 18.581
1442 3.88 2.563 27.409
1443 7.76 41.223 35.986
1444 9.7 16.228 39.862
1445 3.88 40.215 14.636
1446 1.94 9.128 22.033
1447 7.76 38.363 3.787
1448 9.7 31.356 10.894
1449 9.7 3.263 8.402
1450 9.7 8.148 18.053
1451 5.82 45.468 40.31
1452 9.7 29.89 7.798
1453 1.94 36.834 32.117
1454 5.82 15.079 30.852
1455 5.82 21.18 27.896
1456 7.76 38.108 8.885
1457 3.88 23.917 32.98
1458 3.88 12.332 11.831
1459 1.94 39.85 0.786
1460 1.94 3.538 22.273
1461 7.76 26.232 32.427
1462 1.94 4.931 23.037
1463 7.76 27.063 32.099
1464 3.88 41.149 36.199
1465 9.7 28.132 13.514
1466 5.82 14.952 3.455
1467 5.82 5.521 25.352
1468 1.94 26.708 10.575
1469 1.94 18.644 14.978
1470 7.76 37.546 29.444
1471 7.76 47.602 23.688
1472 5.82 35.159 7.197
1473 3.88 1.421 25.948
1474 7.76 0.207 39.282
1475 1.94 26.02 15.855
1476 3.88 12.528 17.963
1477 7.76 17.882 8.028
1478 3.88 4.14 0.98
1479 1.94 28.954 21.194
1480 9.7 21.325 31.179
1481 7.76 10.701 4.351
1482 5.82 0.304 8.498
1483 7.76 32.408 37.037
1484 7.76 41.234 14.291
1485 9.7 40.682 11.818
1486 1.94 16.619 28.387
1487 3.88 10.72 22.304
1488 7.76 16.158 29.526
1489 7.76 21.004 31.239
1490 3.88 40.217 47.374
1491 1.94 21.913 1.15
1492 7.76 43.407 1.748
1493 5.82 29.12 21.702
1494 9.7 20.032 37.756
1495 9.7 6.788 27.311
1496 3.88 17.02 45.708
1497 1.94 14.674 32.152
1498 3.88 43.293 42.357
1499 5.82 30.113 34.969
1500 7.76 36.648 44.546
1501 1.94 21.856 42.577
1502 9.7 30.644 40.682
1503 5.82 42.26 15.804
1504 7.76 1.419 46.512
1505 9.7 20.081 11.153
1506 3.88 40.917 5.877
1507 7.76 40.329 14.593
1508 5.82 8.355 43.871
1509 7.76 42.707 12.576
1510 5.82 19.818 11.203
1511 9.7 16.668 31.15
1512 9.7 27.643 46.579
1513 7.76 17.447 11.663
1514 9.7 33.369 6.181
1515 9.7 21.777 21.447
1516 5.82 6.475 9.562
1517 3.88 6.489 43.494
1518 1.94 15.5 38.371
1519 7.76 23.947 8.526
1520 1.94 22.352 0.841
1521 5.82 41.677 19.693
1522 3.88 8.928 35.057
1523 1.94 2.89 23.091
1524 1.94 32.602 42.028
1525 3.88 17.91 26.254
1526 3.88 25.664 24.578
1527 1.94 37.789 8.355
1528 5.82 28.049 40.049
1529 5.82 18.29 2.295
1530 1.94 19.869 22.206
1531 5.82 39.735 24.8
1532 3.88 32.961 16.347
1533 5.82 35.039 40.205
1534 1.94 16.619 47.541
1535 9.7 12.387 27.282
1536 1.94 39.284 29.969
1537 3.88 20.269 10.832
1538 5.82 12.484 39.834
1539 9.7 21.27 12.32
1540 7.76 29.536 16.966
1541 3.88 10.2 34.122
1542 5.82 45.829 7.817
1543 5.82 45.448 30.427
1544 7.76 44.17 7.082
1545 9.7 11.715 6.687
1546 5.82 17.811 28.614
1547 7.76 19.785 30.107
1548 1.94 45.198 14.048
1549 3.88 27.729 6.299
1550 5.82 26.491 46.279
1551 9.7 43.656 9.646
1552 5.82 39.616 18.933
1553 3.88 35.359 7.945
1554 3.88 38.789 29.852
1555 7.76 9.405 23.257
1556 7.76 20.566 4.665
1557 3.88 34.009 16.583
1558 1.94 38.553 42.996
1559 5.82 32.36 8.266
1560 7.76 28.441 39.003
1561 7.76 26.497 17.499
1562 9.7 46.63 36.042
1563 5.82 14.808 0.871
1564 3.88 5.714 35.697
1565 5.82 43.121 5.709
1566 5.82 1.987 15.059
1567 1.94 21.03 1.673
1568 1.94 1.271 1.62
1569 1.94 32.27 26.145
1570 3.88 25.296 28.164
1571 3.88 45.956 24.522
1572 3.88 9.155 23.999
1573 1.94 25.376 9.935
1574 3.88 30.126 47.787
1575 3.88 1.106 23.675
1576 1.94 4.902 43.926
1577 7.76 42.96 47.539
1578 3.88 6.527 23.712
1579 3.88 33.345 15.645
1580 5.82 0.864 14.136
1581 9.7 28.649 29.048
1582 5.82 33.183 41.511
1583 9.7 29.901 11.6
1584 9.7 3.779 25.404
1585 5.82 9.714 20.216
1586 7.76 38.388 25.047
1587 7.76 26.908 1.552
1588 3.88 31.159 5.791
1589 7.76 7.586 33.705
1590 1.94 46.21 8.876
1591 3.88 0.653 13.645
1592 9.7 37.58 4.517
1593 5.82 24.753 32.604
1594 5.82 12.878 31.827
1595 3.88 10.573 18.456
1596 9.7 41.811 17.065
1597 9.7 15.036 35.012
1598 1.94 4.537 42.129
1599 1.94 9.083 33.684
1600 3.88 5.757 29.897
1601 7.76 25.802 33.819
1602 7.76 34.567 34.804
1603 7.76 35.335 41.44
1604 5.82 17.047 2.904
1605 9.7 3.132 13.618
1606 9.7 9.616 8.42
1607 7.76 14.957 37.086
1608 5.82 40.536 2.013
1609 3.88 11.643 36.955
1610 5.82 8.506 19.713
1611 7.76 37.582 21.381
1612 1.94 44.113 17.126
1613 3.88 28.169 47.151
1614 5.82 6.55 37.59
1615 7.76 16.167 27.059
1616 5.82 25.367 38.288
1617 9.7 0.353 40.104
1618 3.88 25.211 31.887
1619 1.94 26.796 43.481
1620 5.82 32.053 19.659
1621 5.82 7.323 33.557
1622 9.7 25.499 25.183
1623 9.7 34.386 16.787
1624 1.94 12.081 22.534
1625 5.82 13.083 44.54
1626 5.82 46.15 18.303
1627 9.7 12.469 12.221
1628 9.7 31.532 8.337
1629 5.82 37.628 28.415
1630 9.7 21.951 27.609
1631 5.82 27.552 12.657
1632 7.76 39.843 12.744
1633 1.94 6.528 13.066
1634 9.7 23.546 10.282
1635 9.7 40.071 16.074
1636 9.7 38.341 2.702
1637 7.76 6.614 22.284
1638 7.76 15.855 44.598
1639 5.82 26.907 6.987
1640 5.82 1.735 10.722
1641 9.7 6.822 5.322
1642 9.7 6.7 4.265
1643 9.7 7.619 28.077
1644 7.76 34.069 39.689
1645 7.76 24.689 5.149
1646 1.94 26.518 29.375
1647 1.94 42.096 34.961
1648 9.7 26.7 9.222
1649 9.7 9.518 35.696
1650 1.94 26.765 6.173
1651 3.88 4.044 20.904
1652 7.76 15.899 2.778
1653 7.76 28.57 46.902
1654 3.88 41.528 10.598
1655 5.82 19.784 29.689
1656 5.82 4.336 18.134
1657 7.76 32.257 33.97
1658 1.94 10.438 42.079
1659 9.7 41.977 36.895
1660 3.88 33.026 39.402
1661 5.82 10.487 19.441
1662 5.82 3.931 18.277
1663 5.82 2.456 20.372
1664 9.7 8.486 11.604
1665 7.76 14.878 22.537
1666 1.94 19.007 17.954
1667 7.76 13.769 7.39
1668 5.82 34.919 45.886
1669 9.7 35.599 47.243
1670 3.88 1.852 24.869
1671 1.94 26.519 38.994
1672 7.76 41.612 24.542
1673 5.82 35.565 45.673
1674 5.82 38.108 6.314
1675 7.76 19.36 29.588
1676 7.76 2.967 35.754
1677 7.76 29.081 42.362
1678 9.7 20.56 9.88
1679 1.94 2.759 11.888
1680 3.88 21.001 21.68
1681 7.76 45.26 19.784
1682 3.88 26.16 45.765
1683 1.94 21.994 35.961
1684 7.76 44.013 18.908
1685 1.94 5.46 23.887
1686 5.82 23.624 5.873
1687 1.94 10.477 46.51
1688 3.88 6.225 33.97
1689 1.94 23.725 5.452
1690 3.88 32.844 17.92
1691 9.7 17.782 3.043
1692 3.88 16.379 30.66
1693 3.88 3.964 36.74
1694 7.76 30.169 4.684
1695 7.76 26.227 41.759
1696 3.88 19.001 41.219
1697 7.76 16.122 45.469
1698 9.7 35.213 11.595
1699 1.94 0.276 38.111
1700 1.94 32.788 7.314
1701 9.7 7.229 46.849
1702 3.88 8.119 2.857
1703 1.94 26.074 16.953
1704 5.82 2.934 4.515
1705 7.76 28.813 22.58
1706 9.7 10.015 35.169
1707 3.88 43.643 36.896
1708 1.94 28.834 18.805
1709 3.88 9.861 29.425
1710 9.7 40.729 42.618
1711 7.76 22.695 32.334
1712 1.94 31.743 35.007
1713 3.88 11.768 40.506
1714 3.88 44.217 2.273
1715 5.82 10.482 2.176
1716 9.7 12.374 27.647
1717 3.88 34.378 17.769
1718 9.7 44.895 24.766
1719 9.7 47.355 18.994
1720 5.82 41.957 36.509
1721 3.88 8.43 24.944
1722 7.76 19.122 21.362
1723 7.76 40.434 7.094
1724 5.82 27.829 42.3
1725 5.82 4.85 45.083
1726 7.76 1.167 2.17
1727 9.7 2.023 31.789
1728 9.7 17.034 40.759
1729 7.76 20.776 4.562
1730 3.88 41.954 5.669
1731 7.76 4.692 22.799
1732 5.82 37.35 13.003
1733 9.7 23.431 2.054
1734 9.7 9.899 26.162
1735 3.88 15.147 20.113
1736 7.76 43.671 15.603
1737 3.88 29.048 45.396
1738 9.7 16.425 15.875
1739 3.88 38.596 20.28
1740 9.7 10.982 33.348
1741 1.94 38.618 42.686
1742 3.88 17.574 40.232
1743 1.94 43.006 40.092
1744 9.7 2.697 6.849
1745 3.88 2.229 21.984
1746 3.88 15.918 28.335
1747 3.88 36.464 42.926
1748 7.76 22.082 31.277
1749 5.82 44.364 5.231
1750 3.88 28.269 25.686
1751 1.94 5.139 26.654
1752 1.94 14.454 45.366
1753 3.88 20.761 13.4
1754 1.94 29.315 7.728
1755 9.7 28.597 45.11
1756 9.7 44.538 29.11
1757 7.76 14.673 12.263
1758 5.82 36.901 28.52
1759 3.88 38.801 24.135
1760 9.7 18.793 10.279
1761 7.76 24.06 10.336
1762 3.88 8.123 29.433
1763 7.76 15.804 12.048
1764 9.7 36.209 26.633
1765 9.7 18.901 3.583
1766 7.76 46.89 4.687
1767 3.88 44.056 13.944
1768 5.82 13.757 21.498
1769 3.88 30.136 37.338
1770 9.7 15.655 6.654
1771 9.7 1.97 47.266
1772 3.88 16.254 38.977
1773 3.88 10.037 37.788
1774 7.76 46.044 9.013
1775 5.82 27.557 22.077
1776 3.88 29.842 11.33
1777 3.88 27.474 28.018
1778 7.76 23.965 42.315
1779 1.94 1.146 41.653
1780 7.76 13.802 20.461
1781 1.94 4.049 7.727
1782 7.76 4.456 3.102
1783 5.82 30.173 6.191
1784 5.82 4.754 32.608
1785 7.76 27.427 22.971
1786 5.82 5.578 47.463
1787 9.7 23.416 36.064
1788 5.82 40.117 40.364
1789 1.94 13.901 36.875
1790 5.82 43.193 34.052
1791 9.7 24.318 10.671
1792 7.76 14.302 46.148
1793 3.88 26.672 23.97
1794 7.76 1.675 32.152
1795 7.76 24.203 23.308
1796 1.94 11.448 2.013
1797 9.7 6.958 1.844
1798 9.7 17.374 32.876
1799 3.88 39.281 37.165
1800 5.82 9.139 23.693
1801 3.88 46.918 4.543
1802 7.76 1.02 17.517
1803 1.94 0.898 7.447
1804 1.94 44.829 7.503
1805 3.88 16.678 9.254
1806 9.7 33.657 6.543
1807 1.94 20.333 47.003
1808 5.82 36.296 33.314
1809 9.7 42.837 10.403
1810 3.88 24.201 12.518
1811 3.88 12.087 37.757
1812 3.88 27.299 23.9
1813 3.88 16.375 45.915
1814 1.94 47.307 5.076
1815 9.7 45.86 5.683
1816 1.94 34.834 13.962
1817 9.7 20.786 27.319
1818 9.7 28.418 21.91
1819 1.94 15.991 7.054
1820 1.94 46.134 4.765
1821 3.88 4.178 35.585
1822 1.94 2.369 22.936
1823 9.7 12.241 1.094
1824 3.88 27.756 14.223
1825 7.76 29.965 41.632
1826 9.7 18.083 24.313
1827 1.94 30.162 17.768
1828 1.94 14.397 3.244
1829 7.76 19.355 5.528
1830 5.82 13.79 41.171
1831 1.94 18.883 37.352
1832 7.76 20.891 23.896
1833 3.88 7.755 12.877
1834 1.94 16.219 13.641
1835 1.94 19.144 20.12
1836 1.94 8.525 28.584
1837 1.94 29.168 43.065
1838 5.82 26.858 28.258
1839 7.76 17.157 20.227
1840 5.82 25.139 1.536
1841 3.88 7.702 7.726
1842 9.7 23.682 8.191
1843 3.88 43.202 7.19
1844 7.76 0.248 42.872
1845 7.76 10.711 18.451
1846 1.94 10.225 35.189
1847 5.82 34.77 9.484
1848 5.82 28.954 11.136
1849 3.88 15.398 44.868
1850 1.94 17.071 11.918
1851 7.76 3.849 40.515
1852 5.82 22.916 6.966
1853 9.7 30.651 24.541
1854 5.82 16.428 3.696
1855 5.82 33.17 32.977
1856 7.76 40.948 44.74
1857 7.76 17.199 31.198
1858 5.82 46.03 22.372
1859 7.76 31.593 23.505
1860 5.82 43.517 18.118
1861 3.88 6.931 2.62
1862 3.88 45.236 18.719
1863 7.76 26.093 5.924
1864 7.76 21.177 4.203
1865 7.76 15.823 3.334
1866 5.82 19.909 19.78
1867 5.82 5.841 30.491
1868 5.82 1.467 35.628
1869 9.7 5.474 35.262
1870 9.7 42.41 26.428
1871 1.94 35.847 26.764
1872 7.76 38.188 5.78
1873 1.94 18.169 25.749
1874 5.82 39.925 44.654
1875 1.94 34.923 14.313
1876 7.76 26.522 38.227
1877 7.76 31.079 29.343
1878 3.88 12.521 17.441
1879 9.7 27.892 45.714
1880 5.82 20.925 7.039
1881 3.88 36.653 11.078
1882 1.94 38.653 27.398
1883 3.88 19.212 10.768
1884 5.82 13.969 13.73
1885 9.7 30.897 47.368
1886 1.94 10.784 24.801
1887 9.7 37.573 38.185
1888 1.94 38.479 45.092
1889 7.76 37.719 28.014
1890 5.82 46.514 40.531
1891 5.82 14.858 5.403
1892 5.82 3.63 27.045
1893 5.82 31.508 5.489
1894 7.76 27.52 32.882
1895 5.82 36.883 37.073
1896 5.82 41.168 15.348
1897 5.82 24.534 26.716
1898 1.94 5.642 44.992
1899 1.94 29.066 36.463
1900 9.7 27.095 37.872
1901 1.94 37.089 17.11
1902 5.82 45.557 12.97
1903 1.94 39.897 17.929
1904 7.76 17.984 11.663
1905 3.88 33.213 29.099
1906 3.88 41.197 0.398
1907 5.82 12.812 36.003
1908 5.82 30.548 1.46
1909 9.7 20.282 39.376
1910 7.76 41.17 25.444
1911 1.94 12.205 27.854
1912 3.88 17.955 13.54
1913 3.88 1.186 3.108
1914 9.7 2.336 35.433
1915 3.88 18.071 2.702
1916 3.88 10.654 0.454
1917 7.76 43.795 5.113
1918 5.82 41.789 16.28
1919 7.76 27.874 30.293
1920 7.76 2.839 25.331
1921 5.82 28.68 7.291
1922 5.82 47.119 6.761
1923 5.82 22.805 34.456
1924 7.76 17.998 43.639
1925 1.94 47.19 32.375
1926 5.82 25.59 34.342
1927 1.94 29.62 15.102
1928 3.88 33.366 45.668
1929 1.94 1.328 18.852
1930 9.7 4.113 0.343
1931 3.88 30.163 29.374
1932 5.82 6.203 17.1
1933 9.7 10.955 22.989
1934 3.88 6.458 17.16
1935 1.94 19.678 24.78
1936 5.82 1.611 8.843
1937 3.88 37.988 36.9
1938 1.94 33.979 22.958
1939 5.82 42.923 42.991
1940 5.82 1.606 37.553
1941 1.94 20.939 9.729
1942 3.88 2.06 7.152
1943 9.7 8.874 38.042
1944 1.94 19.115 20.067
1945 1.94 39.244 15.596
1946 3.88 4.037 7.141
1947 5.82 20.593 17.122
1948 1.94 4.673 46.614
1949 1.94 11.414 45.295
1950 7.76 1.044 9.651
1951 7.76 24.571 3.928
1952 3.88 42.884 7.624
1953 5.82 26.518 12.452
1954 3.88 23.724 13.745
1955 3.88 25.63 6.159
1956 5.82 39.202 3.11
1957 3.88 6.173 17.858
1958 9.7 5.61 38.342
1959 3.88 27.066 22.042
1960 5.82 41.641 44.882
1961 5.82 17.686 5.481
1962 9.7 22.533 25.396
1963 5.82 3.918 32.94
1964 3.88 8.837 32.979
1965 9.7 17.182 32.025
1966 3.88 6.877 4.678
1967 3.88 11.841 21.03
1968 7.76 11.31 14.67
1969 7.76 4.796 27.611
1970 3.88 23.282 47.258
1971 3.88 5.516 20.619
1972 1.94 5.218 33.608
1973 7.76 20.017 13.149
1974 1.94 7.285 17.072
1975 9.7 35.748 46.864
1976 1.94 46.354 20.638
1977 3.88 42.581 4.73
1978 7.76 42.206 26.382
1979 5.82 19.476 29.583
1980 7.76 19.557 45.18
1981 7.76 34.506 46.599
1982 3.88 29.203 18.918
1983 1.94 21.388 12.38
1984 5.82 37.604 33.418
1985 5.82 8.202 46.724
1986 9.7 7.95 34.483
1987 7.76 37.998 30.194
1988 9.7 15.831 37.922
1989 9.7 28.997 18.382
1990 3.88 46.001 32.03
1991 9.7 23.365 13.746
1992 9.7 0.62 30.575
1993 3.88 12.765 1.649
1994 3.88 17.465 27.359
1995 7.76 21.783 27.894
1996 1.94 33.52 24.521
1997 1.94 35.496 35.16
1998 1.94 44.784 0.698
1999 3.88 20.476 0.901
2000 7.76 1.564 32.941
2001 5.82 0.822 9.782
2002 5.82 9.7 5.219
2003 7.76 39.026 32.85
2004 3.88 11.798 28.775
2005 3.88 11.014 32.034
2006 9.7 30.991 15.402
2007 3.88 40.671 28.172
2008 3.88 39.399 10.938
2009 7.76 12.163 34.161
2010 7.76 41.364 2.565
2011 5.82 5.45 32.332
2012 7.76 47.587 35.376
2013 9.7 12.347 7.703
2014 7.76 4.173 28.043
2015 3.88 28.593 42.926
2016 3.88 31.639 45.699
2017 7.76 15.651 39.202
2018 5.82 44.005 12.283
2019 9.7 7.059 31.08
2020 3.88 21.446 28.815
2021 9.7 36.632 31.018
2022 5.82 44.75 24.869
2023 3.88 43.114 31.863
2024 5.82 41.679 11.966
2025 9.7 22.445 8.781
2026 5.82 34.028 8.636
2027 5.82 29.15 17.041
2028 1.94 35.768 32.81
2029 7.76 27.595 46.113
2030 7.76 4.026 18.169
2031 1.94 26.655 45.391
2032 9.7 21.596 19.751
2033 7.76 5.68 15.579
2034 1.94 30.488 31.134
2035 7.76 12.455 24.201
2036 3.88 25.546 36.296
2037 9.7 15.62 39.146
2038 1.94 36.76 14.058
2039 3.88 2.24 15.533
2040 5.82 4.565 10.256
2041 1.94 18.21 38.477
2042 9.7 7.388 40.812
2043 3.88 16.158 19.324
2044 1.94 26.508 42.884
2045 7.76 34.488 27.345
2046 1.94 13.466 4.576
2047 9.7 36.824 15.092
2048 3.88 10.286 11.312
2049 7.76 37.729 44.06
2050 5.82 12.353 28.784
2051 1.94 17.68 12.386
2052 9.7 8.286 2.097
2053 3.88 29.407 44.388
2054 5.82 29.713 23.12
2055 1.94 35.952 25.909
2056 7.76 0.392 3.1
2057 3.88 7.445 29.899
2058 1.94 11.93 46.169
2059 9.7 38.448 35.833
2060 1.94 18.641 18.808
2061 5.82 44.747 2.327
2062 3.88 2.874 39.164
2063 3.88 17.161 12.153
2064 7.76 22.786 34.695
2065 7.76 14.827 42.797
2066 5.82 2.019 12.749
2067 1.94 34.224 27.519
2068 1.94 21.242 5.213
2069 7.76 36.922 16.764
2070 9.7 29.889 22.529
2071 1.94 33.265 10.208
2072 9.7 19.672 38.14
2073 7.76 44.738 2.289
2074 3.88 44.482 37.722
2075 7.76 11.954 30.121
2076 9.7 39.327 23.158
2077 5.82 7.67 41.621
2078 1.94 43.987 46.104
2079 9.7 12.515 7.658
2080 1.94 44.458 42.128
2081 5.82 3.746 19.471
2082 9.7 29.804 0.966
2083 5.82 3.994 30.234
2084 3.88 19.224 8.673
2085 1.94 20.521 31.614
2086 3.88 35.953 31.032
2087 3.88 7.17 17.59
2088 1.94 10.672 27.618
2089 5.82 39.23 32.86
2090 5.82 6.652 10.393
2091 5.82 13.411 27.322
2092 7.76 41.093 43.127
2093 1.94 47.589 13.472
2094 7.76 14.66 32.319
2095 3.88 25.111 23.815
2096 7.76 29.4 9.47
2097 7.76 7.506 25.197
2098 9.7 24.305 1.471
2099 7.76 31.047 10.61
2100 3.88 15.152 30.825
2101 3.88 10.642 16.713
2102 9.7 19.234 19.452
2103 3.88 5.391 19.533
2104 7.76 43.696 4.183
2105 1.94 16.22 26.88
2106 9.7 35.718 26.351
2107 3.88 47.773 6.317
2108 1.94 11.337 40.849
2109 9.7 30.524 5.378
2110 7.76 45.274 33.157
2111 9.7 14.633 31.723
2112 9.7 23.534 10.68
2113 9.7 32.575 6.4
2114 3.88 32.213 11.934
2115 5.82 13.652 14.663
2116 5.82 6.142 19.082
2117 1.94 22.573 5.516
2118 3.88 42.438 20.913
2119 5.82 18.287 0.932
2120 5.82 9.708 33.004
2121 9.7 6.531 37.139
2122 3.88 20.665 47.767
2123 9.7 40.689 29.1
2124 5.82 43.1 24.935
2125 1.94 38.376 25.017
2126 7.76 20.067 24.309
2127 9.7 10.961 43.93
2128 3.88 39.5 39.097
2129 9.7 28.453 30.758
2130 9.7 4.829 38.566
2131 7.76 29.054 3.412
2132 3.88 20.459 38.01
2133 5.82 46.309 38.6
2134 5.82 33.42 25.42
2135 9.7 46.349 24.657
2136 1.94 0.364 25.172
2137 1.94 32.57 5.589
2138 3.88 42.483 37.697
2139 7.76 6.695 25.103
2140 3.88 1.83 38.173
2141 3.88 17.921 37.55
2142 9.7 30.433 25.727
2143 3.88 6.514 41.741
2144 5.82 42.949 38.836
2145 3.88 10.704 16.752
2146 1.94 46.765 45.121
2147 3.88 33.779 32.042
2148 1.94 3.899 4.826
2149 5.82 11.034 44.054
2150 5.82 0.584 36.126
2151 3.88 35.767 35.829
2152 1.94 24.038 46.859
2153 5.82 33.838 44.457
2154 3.88 19.684 39.855
2155 9.7 9.0 40.555
2156 3.88 20.451 0.433
2157 3.88 23.214 11.885
2158 3.88 22.071 23.491
2159 1.94 14.243 41.718
2160 3.88 32.683 45.488
2161 3.88 16.487 5.958
2162 9.7 18.573 5.638
2163 7.76 33.743 34.472
2164 1.94 46.313 22.688
2165 9.7 14.727 15.131
2166 1.94 9.092 5.113
2167 3.88 36.82 44.159
2168 3.88 37.151 36.551
2169 3.88 32.422 17.067
2170 1.94 10.125 41.479
2171 9.7 18.939 16.919
2172 7.76 35.785 8.427
2173 3.88 8.804 27.86
2174 5.82 28.771 8.205
2175 1.94 5.974 11.844
2176 1.94 41.477 15.126
2177 3.88 37.077 1.941
2178 1.94 14.92 8.407
2179 5.82 4.631 44.912
2180 9.7 12.185 44.931
2181 7.76 2.707 21.813
2182 3.88 8.89 11.597
2183 5.82 43.272 17.246
2184 9.7 39.51 26.4
2185 7.76 15.691 3.618
2186 7.76 39.264 10.279
2187 9.7 42.514 38.217
2188 1.94 1.668 26.781
2189 5.82 10.678 36.941
2190 1.94 41.254 43.922
2191 7.76 28.599 28.073
2192 9.7 32.604 31.114
2193 7.76 12.632 44.771
2194 9.7 12.904 0.694
2195 9.7 43.77 30.927
2196 1.94 40.939 9.842
2197 1.94 10.41 3.239
2198 7.76 30.043 29.308
2199 1.94 4.267 31.995
2200 9.7 29.661 42.702
2201 3.88 16.404 27.176
2202 7.76 40.797 44.323
2203 9.7 18.108 13.22
2204 7.76 28.18 30.012
2205 7.76 46.63 5.419
2206 3.88 1.032 45.008
2207 1.94 28.439 45.878
2208 3.88 11.562 13.31
2209 3.88 40.728 7.487
2210 5.82 17.426 19.631
2211 1.94 40.945 36.694
2212 1.94 37.58 44.949
2213 3.88 3.044 34.827
2214 1.94 36.86 3.557
2215 3.88 36.869 7.62
2216 1.94 34.93 19.651
2217 1.94 35.431 35.918
2218 5.82 19.302 27.224
2219 9.7 43.853 24.588
2220 1.94 32.323 31.378
2221 1.94 4.618 14.988
2222 9.7 36.951 18.627
2223 3.88 3.614 0.325
2224 7.76 32.496 19.478
2225 7.76 11.672 20.69
2226 9.7 36.84 26.851
2227 7.76 18.336 3.91
2228 1.94 4.911 1.417
2229 5.82 18.797 43.523
2230 1.94 35.023 11.459
2231 5.82 31.568 20.567
2232 9.7 27.498 21.16
2233 3.88 45.813 41.91
2234 9.7 47.48 19.784
2235 1.94 34.2 40.473
2236 5.82 15.699 19.357
2237 5.82 0.4 41.2
2238 9.7 24.233 5.638
2239 5.82 38.506 42.069
2240 3.88 15.444 25.872
2241 3.88 11.938 18.138
2242 5.82 19.048 46.197
2243 1.94 1.91 44.561
2244 7.76 44.972 42.262
2245 5.82 30.815 10.396
2246 7.76 0.446 35.223
2247 1.94 40.182 31.247
2248 1.94 34.949 16.382
2249 7.76 10.192 4.066
2250 9.7 25.558 15.888
2251 7.76 8.882 29.37
2252 7.76 23.458 14.585
2253 9.7 16.569 40.23
2254 5.82 29.8 18.847
2255 5.82 23.808 44.385
2256 1.94 32.479 33.29
2257 3.88 35.348 6.823
2258 1.94 36.298 17.166
2259 1.94 6.023 13.484
2260 5.82 0.813 9.281
2261 7.76 23.393 15.023
2262 3.88 17.657 7.595
2263 7.76 21.191 28.797
2264 5.82 33.807 11.173
2265 5.82 6.394 5.189
2266 5.82 41.033 9.576
2267 5.82 1.761 3.186
2268 1.94 5.034 28.441
2269 7.76 5.253 43.962
2270 9.7 8.996 8.314
2271 5.82 31.286 9.611
2272 9.7 4.919 34.682
2273 7.76 3.496 18.001
2274 1.94 25.573 7.949
2275 9.7 19.488 7.033
2276 5.82 1.053 42.671
2277 1.94 25.584 10.24
2278 7.76 37.489 2.267
2279 9.7 30.013 23.505
2280 3.88 0.585 30.148
2281 7.76 28.289 42.494
2282 3.88 47.651 46.184
2283 3.88 35.834 47.408
2284 3.88 38.807 5.642
2285 1.94 11.724 40.288
2286 7.76 16.59 39.732
2287 5.82 41.172 41.095
2288 1.94 42.344 29.991
2289 9.7 1.822 28.868
2290 1.94 8.533 9.142
2291 9.7 20.757 26.753
2292 7.76 7.362 9.033
2293 7.76 37.579 1.43
2294 1.94 15.966 26.523
2295 7.76 38.884 17.673
2296 1.94 24.716 19.39
2297 9.7 34.098 6.346
2298 9.7 34.294 12.122
2299 7.76 8.956 3.011
2300 3.88 13.111 47.486
2301 3.88 25.517 20.535
2302 1.94 34.939 3.752
2303 5.82 29.556 4.736
2304 9.7 40.113 45.752
2305 7.76 45.329 44.76
2306 1.94 28.705 45.418
2307 5.82 36.831 26.309
2308 7.76 25.573 38.356
2309 9.7 43.845 1.916
2310 9.7 37.985 6.922
2311 1.94 13.297 35.367
2312 1.94 32.75 26.364
2313 7.76 41.224 38.374
2314 9.7 1.663 1.136
2315 3.88 11.74 5.692
2316 1.94 16.692 44.142
2317 3.88 43.759 17.824
2318 1.94 18.06 17.001
2319 9.7 3.229 14.206
2320 3.88 24.208 23.758
2321 5.82 13.558 15.521
2322 1.94 20.824 37.361
2323 9.7 43.739 45.302
2324 1.94 41.056 38.687
2325 9.7 29.802 3.494
2326 3.88 14.882 16.556
2327 5.82 31.061 6.372
2328 5.82 39.169 40.938
2329 7.76 34.231 46.245
2330 9.7 23.937 36.76
2331 3.88 44.541 34.372
2332 5.82 43.543 40.457
2333 7.76 37.129 7.866
2334 7.76 40.807 3.341
2335 9.7 9.548 16.521
2336 7.76 20.288 47.148
2337 7.76 22.015 10.377
2338 7.76 17.236 44.338
2339 3.88 37.528 13.146
2340 7.76 30.793 7.431
2341 3.88 18.844 23.248
2342 9.7 47.201 18.814
2343 3.88 31.878 43.839
2344 7.76 28.587 29.037
2345 1.94 35.681 25.114
2346 3.88 34.445 40.341
2347 3.88 10.334 14.172
2348 1.94 6.95 28.079
2349 9.7 39.873 4.425
2350 3.88 20.29 8.3
2351 3.88 41.334 16.768
2352 9.7 42.317 11.653
2353 5.82 15.953 16.683
2354 1.94 3.202 32.088
2355 7.76 31.251 20.056
2356 1.94 36.162 41.013
2357 1.94 30.856 32.215
2358 3.88 45.207 26.793
2359 3.88 21.901 1.539
2360 3.88 23.169 3.906
2361 3.88 46.351 1.953
2362 5.82 4.369 17.306
2363 7.76 46.839 34.844
2364 1.94 30.101 23.552
2365 1.94 38.139 35.422
2366 1.94 19.849 46.623
2367 3.88 34.802 13.277
2368 9.7 37.689 21.95
2369 9.7 5.211 46.657
2370 1.94 40.88 12.391
2371 3.88 36.733 46.407
2372 5.82 42.228 17.591
2373 7.76 35.621 26.825
2374 5.82 13.658 18.076
2375 7.76 0.987 25.877
2376 3.88 21.455 5.797
2377 3.88 11.144 0.288
2378 7.76 28.987 35.806
2379 7.76 1.366 13.58
2380 5.82 3.668 28.364
2381 5.82 47.678 2.085
2382 5.82 26.694 2.045
2383 1.94 20.993 17.093
2384 1.94 5.97 26.647
2385 1.94 16.002 22.53
2386 1.94 1.893 11.67
2387 1.94 17.617 17.561
2388 9.7 31.448 17.068
2389 3.88 12.484 25.902
2390 9.7 45.139 13.834
2391 1.94 14.847 30.355
2392 3.88 24.234 13.247
2393 1.94 23.667 21.225
2394 5.82 5.41 41.253
2395 3.88 44.459 16.717
2396 3.88 39.61 29.116
2397 7.76 37.095 26.014
2398 7.76 15.128 7.539
2399 9.7 45.554 37.367
2400 9.7 22.701 10.84
2401 7.76 42.643 3.996
2402 5.82 32.795 6.382
2403 1.94 30.311 4.275
2404 5.82 36.284 7.673
2405 1.94 19.16 35.288
2406 7.76 44.811 33.045
2407 9.7 33.169 31.907
2408 1.94 41.91 29.194
2409 1.94 13.221 4.753
2410 5.82 36.066 18.692
2411 9.7 17.313 27.244
2412 3.88 32.336 19.939
2413 7.76 39.465 31.478
2414 5.82 27.664 42.935
2415 1.94 4.05 30.472
2416 1.94 17.364 6.838
2417 7.76 23.76 27.474
2418 1.94 2.583 2.189
2419 5.82 20.985 13.662
2420 5.82 2.866 39.236
2421 9.7 8.82 14.095
2422 3.88 26.31 13.681
2423 7.76 0.421 39.15
2424 5.82 2.683 22.487
2425 9.7 24.144 13.242
2426 9.7 10.533 10.368
2427 5.82 41.352 24.244
2428 7.76 18.914 36.564
2429 9.7 31.911 26.227
2430 9.7 35.023 32.525
2431 9.7 41.0 34.632
2432 3.88 21.569 26.076
2433 3.88 43.551 40.838
2434 7.76 5.308 22.015
2435 7.76 23.594 21.312
2436 5.82 27.782 11.202
2437 1.94 37.306 25.477
2438 1.94 34.097 9.466
2439 5.82 44.413 3.067
2440 5.82 8.762 3.76
2441 3.88 15.868 15.309
2442 3.88 28.199 5.809
2443 3.88 35.422 4.847
2444 9.7 42.745 46.063
2445 1.94 10.364 15.886
2446 7.76 12.329 43.868
2447 3.88 7.155 38.005
2448 9.7 45.325 21.1
2449 1.94 19.415 47.49
2450 5.82 43.791 15.67
2451 3.88 46.753 17.127
2452 3.88 40.144 43.487
2453 9.7 17.227 31.579
2454 9.7 17.006 18.66
2455 5.82 17.855 41.554
2456 7.76 15.609 26.01
2457 1.94 43.977 18.659
2458 7.76 38.58 4.21
2459 3.88 31.713 19.411
2460 1.94 36.655 37.236
2461 5.82 9.636 26.503
2462 3.88 5.944 46.433
2463 3.88 25.357 43.285
2464 7.76 4.901 4.24
2465 1.94 32.31 1.21
2466 3.88 18.53 1.428
2467 9.7 25.181 2.976
2468 1.94 4.935 34.589
2469 7.76 14.436 10.178
2470 5.82 2.595 13.87
2471 9.7 43.454 7.067
2472 3.88 5.555 32.5
2473 3.88 14.565 20.102
2474 3.88 22.538 33.739
2475 7.76 22.899 17.739
2476 9.7 23.983 28.593
2477 3.88 16.217 42.8
2478 3.88 15.967 2.885
2479 3.88 36.802 27.144
2480 9.7 31.692 26.168
2481 5.82 22.854 33.881
2482 5.82 9.763 25.148
2483 1.94 11.406 22.828
2484 7.76 27.941 34.794
2485 7.76 9.059 47.255
2486 5.82 9.916 37.033
2487 1.94 30.376 29.447
2488 3.88 29.152 25.23
2489 7.76 13.566 32.72
2490 3.88 8.715 0.772
2491 1.94 40.333 22.373
2492 5.82 24.094 2.591
2493 1.94 10.069 20.761
2494 3.88 9.876 8.486
2495 9.7 9.122 43.707
2496 1.94 3.235 23.401
2497 5.82 5.432 36.314
2498 1.94 3.882 45.982
2499 1.94 23.405 38.306
2500 5.82 15.979 43.113
2501 5.82 9.628 3.874
2502 5.82 34.534 36.409
2503 9.7 45.744 32.523
2504 7.76 35.087 32.816
2505 9.7 37.527 0.75
2506 9.7 15.551 29.968
2507 7.76 15.078 8.973
2508 3.88 3.859 31.337
2509 5.82 13.875 15.877
2510 5.82 22.944 43.002
2511 5.82 8.82 2.177
2512 9.7 31.248 10.591
2513 5.82 3.864 45.158
2514 3.88 2.98 32.524
2515 5.82 40.384 11.88
2516 1.94 13.428 10.949
2517 9.7 31.227 0.477
2518 7.76 3.301 3.336
2519 1.94 10.451 32.701
2520 9.7 21.568 45.693
2521 9.7 40.638 23.675
2522 7.76 16.619 9.945
2523 1.94 22.388 16.401
2524 1.94 24.244 39.813
2525 1.94 7.293 4.382
2526 9.7 34.954 38.529
2527 3.88 16.694 17.851
2528 9.7 20.51 10.336
2529 1.94 1.191 22.452
2530 7.76 43.712 7.744
2531 9.7 4.163 47.31
2532 1.94 27.851 43.903
2533 3.88 36.329 40.132
2534 7.76 33.664 29.022
2535 7.76 7.774 16.858
2536 9.7 17.869 4.522
2537 1.94 28.787 37.316
2538 1.94 39.115 27.36
2539 1.94 21.496 45.828
2540 7.76 36.08 41.027
2541 9.7 5.312 3.474
2542 5.82 16.395 13.541
2543 7.76 19.581 8.741
2544 9.7 25.318 7.012
2545 5.82 12.946 33.501
2546 9.7 8.028 9.752
2547 5.82 34.009 19.894
2548 9.7 43.431 45.605
2549 9.7 8.521 32.476
2550 1.94 44.034 37.323
2551 7.76 46.579 29.789
2552 3.88 7.101 19.447
2553 5.82 47.227 5.71
2554 3.88 8.728 18.808
2555 1.94 25.101 41.16
2556 7.76 12.323 6.641
2557 1.94 17.203 17.215
2558 7.76 45.701 30.358
2559 1.94 8.91 16.892
2560 5.82 41.382 13.448
2561 9.7 4.723 13.024
2562 7.76 32.667 6.608
2563 1.94 8.934 16.083
2564 1.94 3.202 25.356
2565 5.82 2.681 40.369
2566 7.76 1.364 22.098
2567 3.88 32.339 45.207
2568 7.76 7.966 11.328
2569 7.76 6.274 15.453
2570 5.82 41.474 12.58
2571 5.82 33.953 4.865
2572 3.88 2.527 22.744
2573 5.82 8.818 13.104
2574 9.7 14.904 7.66
2575 3.88 21.344 40.556
2576 1.94 37.137 26.639
2577 5.82 28.002 5.581
2578 7.76 24.223 47.495
2579 5.82 27.724 17.611
2580 1.94 12.669 30.747
2581 5.82 33.039 40.991
2582 9.7 32.486 26.495
2583 9.7 37.123 3.028
2584 9.7 47.084 15.571
2585 1.94 17.645 32.084
2586 5.82 9.881 20.999
2587 1.94 35.947 33.701
2588 7.76 5.361 16.362
2589 9.7 36.958 1.736
2590 7.76 20.593 40.547
2591 9.7 0.5 33.342
2592 3.88 31.108 11.39
2593 7.76 35.007 37.631
2594 7.76 39.816 29.662
2595 5.82 21.856 25.368
2596 7.76 45.445 39.73
2597 7.76 4.273 31.842
2598 5.82 10.322 8.945
2599 5.82 33.161 29.153
2600 7.76 14.391 2.693
2601 5.82 25.09 12.46
2602 7.76 37.78 39.716
2603 1.94 26.322 35.051
2604 3.88 1.514 23.981
2605 5.82 10.692 41.878
2606 9.7 32.215 11.607
2607 9.7 37.876 47.031
2608 3.88 8.884 29.324
2609 3.88 40.851 17.555
2610 9.7 39.591 44.094
2611 1.94 6.148 46.065
2612 9.7 17.603 25.926
2613 7.76 11.614 9.43
2614 3.88 10.07 37.904
2615 7.76 9.848 31.273
2616 3.88 29.513 32.444
2617 1.94 5.12 45.191
2618 5.82 37.007 23.456
2619 5.82 12.379 4.91
2620 1.94 16.05 41.123
2621 3.88 37.815 41.905
2622 9.7 27.309 27.162
2623 9.7 13.943 38.392
2624 9.7 26.104 29.601
2625 9.7 5.453 41.464
2626 3.88 42.243 10.508
2627 1.94 16.101 20.342
2628 1.94 13.538 11.212
2629 3.88 31.591 40.109
2630 1.94 5.664 25.271
2631 9.7 29.562 23.408
2632 7.76 31.485 44.262
2633 9.7 31.29 30.432
2634 7.76 24.391 15.518
2635 7.76 41.025 11.952
2636 7.76 42.24 5.97
2637 9.7 39.969 35.385
2638 9.7 24.746 38.185
2639 3.88 11.345 17.749
2640 5.82 41.463 43.514
2641 3.88 36.665 5.995
2642 1.94 18.8 7.924
2643 1.94 24.93 28.846
2644 9.7 28.136 32.111
2645 3.88 40.888 11.229
2646 1.94 24.947 32.88
2647 9.7 38.786 14.776
2648 5.82 37.191 12.584
2649 9.7 10.892 4.818
2650 9.7 4.906 7.437
2651 3.88 15.402 34.442
2652 1.94 15.102 18.412
2653 7.76 43.092 13.139
2654 9.7 27.047 12.933
2655 7.76 4.463 21.699
2656 3.88 43.095 8.895
2657 5.82 4.415 15.098
2658 9.7 17.016 22.338
2659 9.7 46.671 20.249
2660 5.82 21.271 25.84
2661 3.88 25.43 7.463
2662 1.94 0.8 0.382
2663 5.82 26.33 22.535
2664 9.7 27.791 46.486
2665 3.88 8.779 47.711
2666 3.88 5.113 28.365
2667 9.7 22.101 34.85
2668 3.88 31.117 22.952
2669 5.82 46.732 8.18
2670 3.88 15.573 9.925
2671 7.76 24.785 41.883
2672 7.76 32.849 46.822
2673 9.7 24.302 22.141
2674 7.76 28.967 37.366
2675 7.76 12.744 41.073
2676 3.88 12.47 7.612
2677 1.94 28.808 39.841
2678 9.7 8.142 32.125
2679 9.7 34.776 9.178
2680 9.7 47.057 21.691
2681 1.94 36.927 1.433
2682 7.76 4.896 27.198
2683 9.7 34.414 0.503
2684 1.94 47.698 44.304
2685 3.88 39.814 10.358
2686 3.88 13.449 10.813
2687 5.82 43.804 8.559
2688 3.88 0.305 45.95
2689 3.88 43.031 6.78
2690 5.82 39.17 16.897
2691 7.76 41.353 11.305
2692 9.7 41.305 38.008
2693 7.76 5.766 16.986
2694 9.7 22.874 12.695
2695 3.88 22.78 14.611
2696 7.76 11.103 9.552
2697 9.7 42.499 5.22
2698 1.94 44.407 35.875
2699 3.88 13.912 1.278
2700 7.76 27.242 42.26
2701 5.82 19.019 28.139
2702 7.76 2.586 35.319
2703 9.7 41.572 38.329
2704 9.7 21.181 4.775
2705 3.88 43.747 3.691
2706 9.7 1.951 38.732
2707 5.82 12.972 45.185
2708 1.94 18.729 13.829
2709 1.94 6.693 30.831
2710 1.94 44.563 32.852
2711 5.82 46.56 19.672
2712 5.82 34.236 35.468
2713 5.82 30.077 14.452
2714 1.94 40.553 23.37
2715 5.82 42.608 22.332
2716 1.94 47.58 0.865
2717 9.7 5.511 44.428
2718 3.88 6.091 4.847
2719 3.88 18.525 42.84
2720 5.82 22.937 18.542
2721 3.88 16.115 29.729
2722 7.76 46.427 40.054
2723 1.94 23.553 25.481
2724 1.94 46.772 4.394
2725 1.94 0.312 13.693
2726 1.94 4.621 22.837
2727 5.82 22.923 38.327
2728 5.82 12.729 6.906
2729 5.82 27.014 3.074
2730 7.76 38.411 23.903
2731 3.88 29.352 40.963
2732 7.76 17.962 28.399
2733 1.94 38.698 3.126
2734 3.88 7.226 47.576
2735 3.88 11.827 5.465
2736 1.94 18.652 8.155
2737 1.94 19.366 45.914
2738 3.88 18.413 41.259
2739 9.7 24.565 8.936
2740 9.7 20.878 47.358
2741 3.88 31.047 24.941
2742 1.94 1.804 39.296
2743 5.82 27.213 37.874
2744 5.82 16.791 47.662
2745 5.82 40.597 36.353
2746 1.94 6.667 30.167
2747 7.76 34.328 9.91
2748 3.88 5.393 22.985
2749 9.7 20.225 17.517
2750 9.7 13.429 17.464
2751 7.76 25.118 37.067
2752 3.88 30.871 18.608
2753 3.88 8.224 9.052
2754 3.88 11.835 14.297
2755 9.7 1.781 21.315
2756 9.7 22.139 23.236
2757 9.7 26.598 13.959
2758 3.88 21.389 24.151
2759 9.7 22.295 36.374
2760 9.7 31.479 5.659
2761 5.82 27.949 39.129
2762 5.82 46.362 38.233
2763 5.82 11.43 18.711
2764 5.82 41.672 4.802
2765 7.76 32.976 20.485
2766 3.88 14.387 21.749
2767 1.94 47.0 37.411
2768 3.88 20.745 43.135
2769 3.88 43.381 2.313
2770 7.76 12.217 44.869
2771 7.76 28.421 11.725
2772 3.88 16.579 24.248
2773 5.82 37.018 9.574
2774 7.76 10.099 44.464
2775 5.82 25.179 12.031
2776 3.88 0.981 40.656
2777 9.7 24.941 38.413
2778 5.82 47.161 1.998
2779 1.94 24.067 36.138
2780 9.7 3.107 26.184
2781 7.76 20.369 37.874
2782 1.94 40.079 35.482
2783 1.94 28.084 30.887
2784 9.7 5.878 9.893
2785 3.88 7.8 38.289
2786 9.7 27.006 17.407
2787 1.94 28.19 39.089
2788 7.76 46.781 11.754
2789 5.82 38.162 0.922
2790 7.76 10.814 25.635
2791 9.7 17.476 26.747
2792 5.82 36.95 41.126
2793 5.82 13.726 1.035
2794 5.82 26.47 36.424
2795 5.82 27.921 12.269
2796 3.88 8.924 45.821
2797 1.94 41.662 9.245
2798 3.88 32.588 36.76
2799 9.7 31.331 39.36
2800 1.94 47.461 36.943
2801 7.76 5.973 32.268
2802 9.7 33.972 19.349
2803 7.76 0.791 41.61
2804 1.94 28.676 4.953
2805 5.82 31.981 30.677
2806 9.7 9.13 10.239
2807 9.7 44.442 27.983
2808 5.82 42.206 27.655
2809 1.94 14.277 12.797
2810 5.82 3.643 46.229
2811 9.7 4.459 1.182
2812 3.88 24.028 21.059
2813 3.88 39.688 7.214
2814 1.94 8.657 26.638
2815 3.88 33.307 37.032
2816 3.88 35.347 43.15
2817 3.88 29.84 2.627
2818 5.82 40.283 15.886
2819 3.88 9.762 4.75
2820 7.76 13.242 26.993
2821 7.76 13.07 25.904
2822 3.88 26.681 11.391
2823 1.94 21.571 3.589
2824 7.76 21.513 7.094
2825 3.88 47.447 26.917
2826 3.88 22.72 39.742
2827 5.82 31.639 14.321
2828 9.7 36.496 26.366
2829 3.88 36.636 27.036
2830 1.94 37.458 36.737
2831 7.76 12.306 39.192
2832 9.7 10.626 23.272
2833 1.94 30.199 36.203
2834 1.94 43.281 12.513
2835 5.82 20.157 5.659
2836 3.88 19.441 42.438
2837 1.94 9.621 0.352
2838 9.7 4.419 39.739
2839 9.7 31.332 15.972
2840 9.7 15.906 14.884
2841 5.82 1.966 46.867
2842 3.88 13.267 44.088
2843 7.76 27.552 22.288
2844 5.82 43.327 31.999
2845 5.82 46.803 36.457
2846 1.94 21.724 17.939
2847 7.76 2.138 6.347
2848 5.82 35.468 30.677
2849 9.7 13.579 35.915
2850 5.82 16.791 32.361
2851 5.82 20.23 3.01
2852 5.82 22.312 35.366
2853 1.94 31.137 35.927
2854 3.88 6.288 41.333
2855 3.88 26.461 3.011
2856 1.94 0.317 45.534
2857 7.76 23.566 5.461
2858 3.88 42.937 42.069
2859 9.7 20.715 25.281
2860 3.88 5.244 31.909
2861 1.94 17.154 22.219
2862 5.82 7.856 14.603
2863 1.94 16.016 23.295
2864 9.7 39.223 17.386
2865 9.7 5.468 12.779
2866 3.88 35.481 44.311
2867 3.88 35.808 31.371
2868 9.7 43.928 24.616
2869 3.88 24.414 21.19
2870 9.7 25.367 22.918
2871 9.7 38.53 14.184
2872 9.7 21.148 38.071
2873 7.76 40.155 3.516
2874 1.94 2.327 25.834
2875 3.88 29.926 6.375
2876 5.82 41.841 41.932
2877 5.82 47.056 44.814
2878 1.94 32.442 40.211
2879 7.76 43.277 38.08
2880 9.7 30.779 45.54
2881 9.7 46.482 42.166
2882 9.7 36.83 28.853
2883 1.94 6.921 1.141
2884 5.82 33.93 2.174
2885 1.94 41.181 4.998
2886 3.88 46.988 39.305
2887 5.82 16.93 31.451
2888 1.94 19.656 19.962
2889 1.94 40.618 47.752
2890 7.76 23.34 41.721
2891 5.82 30.983 34.846
2892 3.88 34.579 20.76
2893 1.94 14.695 6.475
2894 9.7 11.991 41.312
2895 9.7 40.953 41.903
2896 3.88 5.197 6.396
2897 3.88 16.624 31.565
2898 3.88 34.918 3.908
2899 3.88 13.727 27.291
2900 1.94 22.983 39.667
2901 9.7 1.017 27.068
2902 7.76 28.552 1.479
2903 9.7 11.768 41.339
2904 3.88 10.519 34.26
2905 3.88 11.999 21.355
2906 5.82 11.162 6.934
2907 7.76 23.014 29.982
2908 1.94 30.399 41.606
2909 1.94 11.269 32.394
2910 3.88 42.532 24.874
2911 7.76 19.54 21.578
2912 7.76 37.712 43.807
2913 5.82 45.488 12.071
2914 1.94 36.428 12.604
2915 9.7 45.816 14.436
2916 3.88 40.82 25.403
2917 3.88 35.141 30.162
2918 5.82 37.827 19.637
2919 9.7 23.686 13.994
2920 9.7 28.178 24.646
2921 9.7 22.124 14.475
2922 1.94 35.505 5.381
2923 3.88 38.794 17.97
2924 7.76 3.282 45.511
2925 1.94 28.38 40.121
2926 7.76 37.654 35.749
2927 1.94 31.672 24.501
2928 5.82 36.421 27.865
2929 9.7 1.822 9.439
2930 9.7 0.458 44.128
2931 3.88 35.291 41.909
2932 9.7 3.301 1.763
2933 7.76 17.666 8.095
2934 9.7 36.514 14.286
2935 7.76 47.159 26.473
2936 5.82 19.441 4.058
2937 1.94 20.046 10.309
2938 7.76 42.373 36.596
2939 9.7 21.063 26.346
2940 5.82 43.617 12.608
2941 1.94 4.01 22.592
2942 7.76 15.039 14.849
2943 9.7 22.377 5.528
2944 1.94 10.921 42.587
2945 9.7 41.318 35.251
2946 1.94 18.808 10.737
2947 9.7 5.68 45.749
2948 1.94 3.626 45.877
2949 1.94 14.136 20.765
2950 3.88 38.103 35.936
2951 9.7 8.382 28.022
2952 1.94 30.154 7.241
2953 1.94 12.142 44.326
2954 5.82 41.361 36.133
2955 5.82 4.369 0.523
2956 7.76 25.751 5.442
2957 9.7 4.808 2.508
2958 3.88 16.97 6.781
2959 1.94 16.588 0.809
2960 9.7 4.395 1.941
2961 7.76 5.536 32.917
2962 9.7 35.145 29.871
2963 1.94 22.836 0.597
2964 7.76 25.19 40.103
2965 5.82 9.559 20.332
2966 1.94 33.596 11.243
2967 9.7 40.064 45.811
2968 5.82 10.356 28.935
2969 7.76 14.408 27.807
2970 3.88 33.548 4.591
2971 5.82 37.485 32.556
2972 9.7 30.425 32.788
2973 1.94 8.7 1.254
2974 1.94 20.642 14.686
2975 1.94 33.426 18.8
2976 5.82 34.098 47.128
2977 7.76 21.275 27.746
2978 7.76 14.384 42.154
2979 3.88 32.806 32.081
2980 7.76 40.72 4.564
2981 1.94 47.51 2.039
2982 5.82 43.691 21.747
2983 9.7 31.249 19.755
2984 7.76 31.418 11.608
2985 7.76 5.69 40.822
2986 7.76 6.894 28.669
2987 7.76 24.118 44.979
2988 5.82 2.668 22.689
2989 3.88 32.96 25.764
2990 1.94 23.51 46.768
2991 5.82 40.427 23.618
2992 5.82 38.98 19.401
2993 5.82 1.236 46.995
2994 3.88 2.159 31.696
2995 1.94 31.567 35.308
2996 3.88 37.687 37.5
2997 3.88 5.829 13.715
2998 5.82 23.275 17.138
2999 1.94 45.122 22.589
3000 5.82 46.359 43.827
3001 3.88 31.142 34.216
3002 1.94 31.81 41.886
3003 9.7 30.365 40.745
3004 3.88 45.917 26.671
3005 5.82 18.754 24.102
3006 7.76 13.078 40.426
3007 9.7 38.91 31.686
3008 9.7 5.33 34.908
3009 7.76 33.269 8.096
3010 3.88 27.035 45.703
3011 7.76 43.333 41.674
3012 7.76 34.208 47.786
3013 9.7 27.823 22.726
3014 3.88 26.923 21.082
3015 3.88 43.656 27.181
3016 7.76 42.145 7.772
3017 3.88 8.479 18.894
3018 1.94 1.769 41.435
3019 3.88 1.765 34.17
3020 3.88 22.515 17.695
3021 7.76 39.411 17.714
3022 1.94 18.022 46.518
3023 1.94 27.114 32.876
3024 3.88 36.656 21.539
3025 1.94 14.286 13.826
3026 9.7 3.669 25.042
3027 7.76 12.657 25.778
3028 5.82 34.732 4.212
3029 5.82 15.176 18.591
3030 7.76 29.452 22.757
3031 3.88 43.569 26.352
3032 7.76 24.839 16.574
3033 1.94 33.007 20.435
3034 1.94 46.374 4.753
3035 1.94 37.543 4.014
3036 9.7 37.738 22.588
3037 1.94 26.379 7.677
3038 3.88 9.664 16.477
3039 9.7 30.924 45.706
3040 5.82 47.673 25.046
3041 9.7 18.169 38.997
3042 9.7 6.921 4.775
3043 9.7 16.969 9.68
3044 1.94 41.933 28.439
3045 7.76 1.244 33.464
3046 7.76 32.663 26.606
3047 7.76 0.523 22.369
3048 1.94 18.409 28.64
3049 7.76 2.542 4.678
3050 1.94 17.144 5.499
3051 5.82 46.217 21.472
3052 3.88 10.583 8.44
3053 5.82 34.622 32.079
3054 9.7 30.023 13.852
3055 9.7 27.519 29.122
3056 5.82 45.76 5.921
3057 3.88 12.68 10.877
3058 7.76 41.017 17.452
3059 7.76 1.275 39.383
3060 7.76 18.036 42.548
3061 1.94 1.783 38.607
3062 3.88 39.363 29.335
3063 7.76 45.177 19.645
3064 7.76 43.273 15.049
3065 7.76 33.814 43.76
3066 9.7 2.413 38.326
3067 3.88 14.064 15.353
3068 7.76 1.549 1.672
3069 7.76 28.398 18.95
3070 1.94 14.141 15.087
3071 9.7 39.967 42.451
3072 7.76 44.569 22.928
3073 5.82 47.261 29.635
3074 5.82 7.402 6.338
3075 9.7 40.362 1.081
3076 7.76 6.667 33.797
3077 7.76 41.321 33.773
3078 5.82 36.43 26.01
3079 5.82 27.874 3.298
3080 9.7 23.087 23.566
3081 7.76 23.035 24.996
3082 1.94 34.034 5.624
3083 1.94 47.741 2.913
3084 7.76 24.763 11.857
3085 5.82 19.829 33.729
3086 3.88 1.24 33.762
3087 9.7 11.828 36.339
3088 1.94 43.132 10.836
3089 1.94 27.116 1.52
3090 5.82 33.696 16.319
3091 5.82 40.397 29.897
3092 9.7 42.162 26.668
3093 9.7 35.482 44.294
3094 7.76 37.671 13.846
3095 7.76 26.545 30.13
3096 1.94 15.936 2.18
3097 3.88 38.845 1.865
3098 9.7 38.41 41.693
3099 5.82 0.796 17.755
3100 3.88 28.992 38.836
3101 7.76 42.344 10.121
3102 3.88 11.088 30.698
3103 7.76 4.171 6.167
3104 1.94 39.644 43.632
3105 9.7 7.639 9.115
3106 9.7 41.444 5.093
3107 1.94 17.071 25.204
3108 5.82 41.98 3.431
3109 7.76 10.696 20.182
3110 1.94 4.221 39.907
3111 9.7 45.69 15.276
3112 3.88 26.648 13.73
3113 5.82 34.131 38.0
3114 5.82 21.716 2.685
3115 9.7 22.074 30.434
3116 5.82 41.822 37.683
3117 3.88 47.012 27.364
3118 7.76 13.295 13.102
3119 9.7 14.692 31.295
3120 5.82 27.728 14.629
3121 3.88 44.009 6.858
3122 1.94 26.649 41.249
3123 3.88 31.203 21.099
3124 9.7 0.342 21.916
3125 1.94 7.907 36.136
3126 7.76 15.257 23.98
3127 9.7 40.492 39.816
3128 5.82 24.383 16.398
3129 3.88 34.009 13.459
3130 5.82 3.965 22.085
3131 1.94 24.0 38.142
3132 5.82 27.757 5.589
3133 7.76 22.76 1.503
3134 3.88 30.391 35.97
3135 9.7 15.445 14.128
3136 9.7 7.109 10.814
3137 3.88 31.644 37.748
3138 7.76 17.891 44.389
3139 7.76 34.268 44.316
3140 1.94 28.718 13.339
3141 7.76 16.217 45.275
3142 5.82 9.398 39.194
3143 3.88 11.868 8.255
3144 5.82 22.348 39.927
3145 5.82 37.859 38.185
3146 7.76 5.366 38.868
3147 3.88 8.756 0.963
3148 3.88 4.139 4.419
3149 9.7 34.415 47.56
3150 5.82 24.136 12.085
3151 7.76 22.514 43.124
3152 3.88 46.514 16.348
3153 1.94 43.255 8.298
3154 9.7 13.182 11.149
3155 7.76 40.278 24.219
3156 3.88 22.063 25.525
3157 3.88 44.235 37.989
3158 9.7 25.727 21.037
3159 9.7 36.582 18.906
3160 9.7 33.053 23.405
3161 7.76 22.616 8.074
3162 9.7 27.773 8.196
3163 7.76 13.222 24.546
3164 9.7 2.944 32.589
3165 5.82 7.329 28.254
3166 5.82 34.071 19.97
3167 3.88 7.778 10.923
3168 1.94 14.073 5.144
3169 3.88 11.325 23.222
3170 5.82 22.306 7.245
3171 1.94 18.686 28.719
3172 9.7 33.973 23.954
3173 7.76 15.535 25.283
3174 5.82 38.623 40.758
3175 1.94 30.859 26.649
3176 1.94 0.531 45.91
3177 9.7 41.563 29.465
3178 9.7 33.067 28.763
3179 9.7 21.702 27.799
3180 9.7 5.476 1.413
3181 1.94 20.464 25.996
3182 1.94 14.873 44.386
3183 1.94 23.661 15.759
3184 1.94 40.9 1.327
3185 9.7 8.872 5.25
3186 5.82 31.995 37.632
3187 1.94 6.44 39.399
3188 7.76 18.231 0.999
3189 5.82 21.208 14.019
3190 7.76 15.565 32.789
3191 9.7 45.348 44.053
3192 9.7 20.709 40.326
3193 3.88 28.204 42.206
3194 9.7 13.345 19.94
3195 3.88 15.235 21.436
3196 7.76 22.952 1.37
3197 5.82 7.039 11.488
3198 3.88 18.961 26.173
3199 1.94 44.381 35.66
3200 1.94 21.442 8.044
3201 1.94 7.452 2.423
3202 5.82 43.505 8.748
3203 1.94 36.153 16.171
3204 7.76 22.249 41.676
3205 9.7 28.119 22.335
3206 9.7 5.311 9.254
3207 5.82 41.534 39.226
3208 7.76 44.697 36.805
3209 3.88 2.953 19.891
3210 5.82 10.813 38.789
3211 3.88 2.818 45.728
3212 7.76 35.072 45.277
3213 5.82 2.36 1.213
3214 1.94 14.25 3.914
3215 9.7 31.684 32.921
3216 9.7 2.082 2.439
3217 1.94 8.398 36.052
3218 7.76 15.378 27.798
3219 9.7 21.776 20.64
3220 9.7 1.118 34.19
3221 5.82 38.684 10.276
3222 5.82 1.437 37.732
3223 7.76 4.573 16.301
3224 7.76 26.392 25.342
3225 3.88 3.9 34.982
3226 9.7 26.305 6.44
3227 9.7 26.034 43.829
3228 9.7 47.508 22.189
3229 3.88 31.811 3.173
3230 5.82 28.573 18.7
3231 9.7 3.278 42.82
3232 7.76 0.433 37.532
3233 3.88 34.0 44.135
3234 9.7 16.386 16.696
3235 3.88 6.516 3.615
3236 3.88 21.397 32.503
3237 9.7 43.667 20.471
3238 1.94 6.124 14.899
3239 5.82 29.507 30.749
3240 9.7 11.492 25.367
3241 1.94 46.231 1.632
3242 9.7 32.043 43.25
3243 1.94 12.359 27.681
3244 9.7 4.464 28.374
3245 9.7 17.394 24.444
3246 5.82 14.983 42.039
3247 9.7 5.849 45.973
3248 7.76 18.493 34.908
3249 1.94 32.781 23.749
3250 5.82 29.449 47.411
3251 5.82 20.236 9.731
3252 1.94 17.61 16.676
3253 9.7 43.347 21.216
3254 7.76 6.487 45.297
3255 7.76 20.94 45.538
3256 5.82 33.457 41.698
3257 9.7 3.522 36.266
3258 7.76 26.036 47.43
3259 3.88 24.125 44.933
3260 3.88 13.513 16.802
3261 1.94 35.503 4.1
3262 1.94 28.363 2.689
3263 5.82 42.612 16.569
3264 7.76 24.499 24.963
3265 7.76 1.304 41.236
3266 9.7 40.703 12.037
3267 9.7 15.336 32.645
3268 9.7 47.169 33.509
3269 7.76 39.007 34.653
3270 1.94 2.0 17.017
3271 1.94 17.644 10.551
3272 1.94 28.152 17.038
3273 1.94 26.315 39.813
3274 1.94 25.27 32.281
3275 1.94 27.051 27.132
3276 5.82 14.773 47.79
3277 3.88 27.402 2.143
3278 7.76 35.891 2.413
3279 3.88 29.373 39.708
3280 1.94 41.416 27.794
3281 1.94 8.631 34.609
3282 1.94 0.437 40.544
3283 1.94 33.144 23.269
3284 3.88 11.044 31.733
3285 9.7 39.717 28.598
3286 3.88 30.071 21.284
3287 3.88 9.807 15.861
3288 3.88 29.852 27.581
3289 3.88 13.294 28.12
3290 1.94 21.905 21.57
3291 9.7 41.079 9.238
3292 7.76 22.108 43.92
3293 9.7 31.01 4.899
3294 7.76 24.896 33.634
3295 9.7 10.918 36.275
3296 7.76 41.418 39.214
3297 5.82 36.782 13.372
3298 9.7 19.023 44.725
3299 7.76 37.027 34.716
3300 9.7 27.206 31.376
3301 1.94 41.774 26.573
3302 5.82 34.664 24.137
3303 3.88 37.746 22.829
3304 5.82 26.619 19.852
3305 1.94 2.379 19.653
3306 5.82 6.214 12.137
3307 7.76 17.134 29.286
3308 5.82 11.592 38.887
3309 5.82 29.62 19.456
3310 3.88 47.389 38.215
3311 3.88 43.439 16.96
3312 5.82 28.234 9.867
3313 5.82 19.656 35.326
3314 3.88 8.697 26.557
3315 7.76 35.999 36.075
3316 5.82 40.753 44.793
3317 3.88 29.33 31.343
3318 3.88 12.183 8.314
3319 9.7 42.794 18.803
3320 5.82 20.452 29.087
3321 5.82 22.674 30.752
3322 5.82 18.107 24.55
3323 9.7 32.343 41.218
3324 7.76 2.81 27.936
3325 5.82 8.396 13.681
3326 5.82 11.715 30.596
3327 5.82 1.67 16.114
3328 5.82 22.865 24.393
3329 7.76 2.808 25.132
3330 3.88 47.294 23.886
3331 9.7 25.497 36.537
3332 3.88 31.441 47.359
3333 5.82 8.041 7.003
3334 1.94 11.345 45.668
3335 9.7 38.957 31.325
3336 5.82 30.804 1.407
3337 1.94 31.524 16.006
3338 7.76 2.014 17.414
3339 7.76 29.725 45.211
3340 7.76 13.856 42.894
3341 1.94 47.786 29.502
3342 3.88 2.477 0.51
3343 7.76 6.744 19.023
3344 1.94 15.306 42.079
3345 7.76 26.69 39.438
3346 1.94 4.867 32.866
3347 7.76 13.306 6.113
3348 9.7 7.679 37.418
3349 7.76 47.422 7.324
3350 9.7 32.762 20.205
3351 9.7 40.831 42.776
3352 1.94 30.167 21.135
3353 7.76 39.012 15.755
3354 1.94 24.262 46.515
3355 3.88 43.431 13.73
3356 5.82 31.76 42.695
3357 5.82 31.042 23.278
3358 7.76 29.565 25.632
3359 7.76 2.003 30.202
3360 5.82 6.72 42.652
3361 3.88 18.801 34.774
3362 5.82 30.003 7.901
3363 9.7 27.503 37.895
3364 9.7 34.25 6.714
3365 1.94 28.974 21.436
3366 1.94 26.841 31.821
3367 3.88 27.54 23.447
3368 3.88 2.732 15.844
3369 3.88 42.403 41.285
3370 9.7 17.726 3.226
3371 9.7 40.575 47.085
3372 3.88 44.114 5.019
3373 7.76 14.265 10.581
3374 3.88 41.684 47.428
3375 9.7 4.625 20.266
3376 5.82 39.17 18.447
3377 1.94 19.865 35.069
3378 5.82 38.637 16.028
3379 5.82 32.226 38.024
3380 1.94 17.662 28.218
3381 9.7 4.86 9.014
3382 9.7 22.9 25.905
3383 7.76 39.07 10.95
3384 1.94 15.08 47.242
3385 7.76 20.869 7.176
3386 3.88 16.476 18.829
3387 3.88 3.934 33.762
3388 1.94 34.754 8.952
3389 1.94 8.328 23.651
3390 1.94 14.229 25.3
3391 3.88 47.385 45.726
3392 1.94 2.012 11.132
3393 5.82 45.655 41.559
3394 1.94 8.605 26.083
3395 7.76 13.758 36.307
3396 7.76 44.775 21.097
3397 1.94 11.073 19.903
3398 3.88 33.775 36.635
3399 7.76 47.296 34.792
3400 1.94 7.663 25.741
3401 3.88 31.097 0.676
3402 9.7 39.711 10.079
3403 7.76 25.43 9.947
3404 7.76 39.999 35.249
3405 3.88 35.635 39.955
3406 7.76 23.725 46.837
3407 3.88 41.176 42.649
3408 1.94 24.017 22.228
3409 7.76 33.449 1.196
3410 1.94 21.665 26.439
3411 7.76 16.066 27.679
3412 7.76 17.108 46.84
3413 9.7 4.65 33.146
3414 9.7 32.552 27.413
3415 3.88 4.171 9.883
3416 3.88 20.093 1.629
3417 3.88 30.887 4.664
3418 5.82 19.101 11.26
3419 1.94 20.371 16.544
3420 9.7 45.115 44.334
3421 7.76 37.566 27.764
3422 1.94 4.877 39.402
3423 3.88 38.108 37.031
3424 3.88 45.079 2.642
3425 9.7 41.246 12.332
3426 5.82 1.65 18.838
3427 9.7 37.464 3.449
3428 1.94 37.056 28.67
3429 1.94 40.143 7.095
3430 1.94 34.836 21.784
3431 7.76 21.807 9.559
3432 7.76 6.795 34.453
3433 9.7 44.186 18.555
3434 5.82 15.226 34.251
3435 7.76 9.379 5.947
3436 1.94 31.309 10.436
3437 1.94 6.303 27.356
3438 5.82 38.155 25.198
3439 7.76 13.725 15.894
3440 1.94 20.391 45.805
3441 7.76 16.477 33.77
3442 7.76 26.196 37.056
3443 7.76 28.193 1.841
3444 7.76 45.937 5.867
3445 1.94 37.692 23.903
3446 1.94 15.773 13.909
3447 1.94 27.567 30.034
3448 5.82 8.984 33.875
3449 9.7 2.627 11.349
3450 7.76 9.646 3.502
3451 3.88 22.308 26.119
3452 1.94 35.677 18.998
3453 5.82 15.37 30.139
3454 5.82 32.668 7.603
3455 9.7 33.109 36.141
3456 3.88 18.255 37.797
