location subarea
1 25
2 222
3 185
4 387
5 192
6 521
7 164
8 352
9 340
10 421
11 134
12 466
13 235
14 252
15 405
16 302
17 542
18 111
19 541
20 498
21 1
22 307
23 174
24 427
25 48
26 512
27 93
28 284
29 510
30 214
31 455
32 159
33 28
34 164
35 193
36 21
37 204
38 559
39 331
40 115
41 521
42 265
43 7
44 527
45 526
46 27
47 356
48 130
49 524
50 505
51 70
52 478
53 298
54 550
55 487
56 442
57 211
58 38
59 360
60 407
61 258
62 226
63 317
64 364
65 332
66 296
67 15
68 415
69 509
70 65
71 335
72 332
73 229
74 508
75 127
76 224
77 130
78 129
79 564
80 305
81 136
82 18
83 528
84 381
85 129
86 406
87 378
88 289
89 12
90 574
91 465
92 28
93 572
94 274
95 81
96 216
97 86
98 5
99 568
100 360
101 424
102 569
103 63
104 339
105 559
106 505
107 403
108 3
109 190
110 546
111 284
112 406
113 369
114 524
115 59
116 552
117 504
118 297
119 500
120 29
121 170
122 459
123 438
124 92
125 444
126 352
127 292
128 264
129 515
130 306
131 188
132 21
133 223
134 455
135 571
136 12
137 485
138 442
139 563
140 241
141 343
142 56
143 75
144 315
145 96
146 186
147 470
148 346
149 550
150 39
151 514
152 28
153 432
154 47
155 276
156 28
157 548
158 341
159 419
160 561
161 422
162 41
163 251
164 170
165 526
166 255
167 543
168 140
169 456
170 534
171 260
172 406
173 126
174 198
175 124
176 30
177 99
178 252
179 44
180 272
181 487
182 446
183 170
184 178
185 402
186 152
187 170
188 364
189 535
190 496
191 92
192 569
193 325
194 165
195 341
196 17
197 242
198 262
199 553
200 511
201 247
202 160
203 446
204 412
205 185
206 518
207 197
208 370
209 373
210 166
211 122
212 316
213 113
214 53
215 339
216 82
217 435
218 17
219 291
220 493
221 418
222 201
223 207
224 493
225 395
226 533
227 118
228 211
229 425
230 49
231 183
232 104
233 165
234 147
235 69
236 468
237 16
238 56
239 416
240 487
241 303
242 404
243 304
244 2
245 458
246 547
247 307
248 466
249 94
250 496
251 52
252 499
253 101
254 316
255 125
256 467
257 474
258 380
259 473
260 300
261 223
262 451
263 151
264 276
265 266
266 147
267 227
268 71
269 196
270 456
271 211
272 257
273 218
274 487
275 145
276 565
277 140
278 326
279 526
280 112
281 215
282 421
283 441
284 464
285 171
286 567
287 406
288 161
289 61
290 269
291 284
292 69
293 371
294 165
295 203
296 223
297 86
298 3
299 276
300 92
301 399
302 339
303 251
304 459
305 48
306 170
307 523
308 324
309 152
310 441
311 40
312 545
313 115
314 212
315 419
316 256
317 401
318 118
319 512
320 524
321 170
322 3
323 346
324 64
325 168
326 127
327 238
328 359
329 145
330 522
331 22
332 348
333 342
334 317
335 104
336 83
337 28
338 300
339 37
340 122
341 129
342 458
343 353
344 11
345 420
346 20
347 106
348 256
349 336
350 115
351 501
352 430
353 10
354 65
355 499
356 35
357 223
358 215
359 295
360 352
361 382
362 373
363 496
364 102
365 258
366 406
367 541
368 126
369 501
370 230
371 559
372 198
373 451
374 9
375 155
376 242
377 476
378 93
379 216
380 538
381 246
382 199
383 347
384 142
385 413
386 210
387 115
388 257
389 356
390 445
391 115
392 346
393 78
394 4
395 322
396 251
397 130
398 498
399 193
400 459
401 558
402 209
403 127
404 179
405 555
406 292
407 46
408 514
409 509
410 557
411 559
412 475
413 369
414 182
415 168
416 483
417 114
418 149
419 543
420 165
421 419
422 518
423 364
424 68
425 503
426 4
427 194
428 507
429 309
430 266
431 334
432 454
433 15
434 461
435 432
436 458
437 299
438 140
439 60
440 575
441 47
442 445
443 368
444 131
445 540
446 503
447 69
448 200
449 541
450 85
451 498
452 227
453 126
454 18
455 58
456 299
457 398
458 72
459 37
460 237
461 321
462 292
463 92
464 480
465 334
466 272
467 357
468 321
469 498
470 90
471 171
472 191
473 400
474 77
475 322
476 483
477 564
478 316
479 510
480 353
481 17
482 353
483 413
484 149
485 27
486 450
487 232
488 304
489 196
490 42
491 448
492 287
493 320
494 45
495 448
496 175
497 146
498 376
499 484
500 55
501 299
502 335
503 368
504 141
505 138
506 164
507 477
508 60
509 170
510 466
511 269
512 567
513 514
514 145
515 181
516 503
517 442
518 387
519 447
520 273
521 141
522 271
523 438
524 473
525 554
526 5
527 60
528 495
529 32
530 403
531 520
532 381
533 266
534 98
535 291
536 265
537 187
538 271
539 354
540 362
541 61
542 25
543 322
544 107
545 321
546 537
547 449
548 199
549 192
550 288
551 438
552 150
553 210
554 308
555 264
556 492
557 372
558 514
559 526
560 547
561 246
562 349
563 218
564 369
565 145
566 485
567 85
568 373
569 181
570 410
571 242
572 130
573 220
574 213
575 236
576 148
577 208
578 549
579 521
580 478
581 459
582 185
583 216
584 104
585 467
586 429
587 381
588 251
589 415
590 489
591 361
592 256
593 51
594 63
595 295
596 76
597 451
598 59
599 472
600 2
601 407
602 243
603 432
604 249
605 149
606 56
607 488
608 294
609 282
610 145
611 377
612 245
613 65
614 225
615 452
616 142
617 412
618 136
619 563
620 133
621 402
622 540
623 244
624 571
625 215
626 428
627 39
628 332
629 203
630 535
631 527
632 100
633 339
634 142
635 258
636 508
637 287
638 69
639 50
640 343
641 424
642 406
643 14
644 254
645 342
646 359
647 327
648 154
649 327
650 430
651 173
652 167
653 59
654 440
655 345
656 246
657 7
658 551
659 495
660 204
661 79
662 492
663 441
664 306
665 150
666 473
667 399
668 285
669 575
670 335
671 82
672 56
673 25
674 108
675 564
676 324
677 499
678 122
679 24
680 277
681 246
682 184
683 58
684 301
685 118
686 380
687 356
688 23
689 197
690 575
691 190
692 219
693 200
694 152
695 382
696 99
697 373
698 373
699 509
700 363
701 474
702 72
703 483
704 330
705 112
706 251
707 162
708 130
709 86
710 554
711 21
712 300
713 410
714 302
715 353
716 509
717 79
718 65
719 46
720 81
721 527
722 445
723 200
724 282
725 488
726 248
727 343
728 91
729 329
730 286
731 465
732 58
733 211
734 48
735 60
736 376
737 276
738 41
739 302
740 251
741 247
742 304
743 492
744 393
745 268
746 441
747 150
748 249
749 548
750 419
751 48
752 66
753 33
754 171
755 308
756 280
757 133
758 228
759 199
760 148
761 222
762 94
763 444
764 61
765 568
766 156
767 296
768 199
769 217
770 31
771 115
772 257
773 515
774 214
775 211
776 495
777 501
778 454
779 521
780 496
781 334
782 151
783 83
784 308
785 18
786 480
787 351
788 410
789 338
790 33
791 450
792 5
793 201
794 457
795 12
796 279
797 59
798 493
799 93
800 215
801 487
802 495
803 41
804 287
805 341
806 151
807 342
808 366
809 63
810 134
811 321
812 424
813 326
814 180
815 67
816 105
817 180
818 213
819 210
820 397
821 367
822 208
823 181
824 16
825 346
826 436
827 436
828 65
829 555
830 15
831 386
832 434
833 307
834 429
835 104
836 314
837 458
838 415
839 312
840 189
841 336
842 335
843 392
844 509
845 29
846 544
847 198
848 369
849 447
850 196
851 532
852 411
853 495
854 352
855 15
856 65
857 428
858 243
859 374
860 247
861 168
862 157
863 350
864 174
865 314
866 442
867 78
868 31
869 84
870 199
871 548
872 402
873 107
874 218
875 369
876 37
877 196
878 527
879 229
880 378
881 328
882 81
883 69
884 110
885 268
886 216
887 282
888 234
889 443
890 33
891 273
892 392
893 126
894 565
895 26
896 214
897 263
898 290
899 282
900 56
901 32
902 68
903 307
904 25
905 150
906 17
907 365
908 82
909 154
910 58
911 27
912 279
913 576
914 570
915 523
916 250
917 396
918 168
919 422
920 256
921 447
922 395
923 283
924 552
925 494
926 180
927 93
928 143
929 420
930 405
931 412
932 369
933 149
934 6
935 499
936 522
937 501
938 137
939 276
940 336
941 59
942 282
943 92
944 297
945 536
946 208
947 210
948 405
949 324
950 512
951 534
952 524
953 216
954 19
955 219
956 106
957 345
958 520
959 542
960 304
961 128
962 124
963 272
964 536
965 64
966 342
967 316
968 192
969 423
970 44
971 158
972 156
973 572
974 435
975 154
976 253
977 172
978 137
979 151
980 35
981 136
982 134
983 331
984 568
985 250
986 488
987 551
988 345
989 473
990 196
991 37
992 365
993 74
994 536
995 165
996 307
997 514
998 127
999 568
1000 534
1001 259
1002 176
1003 449
1004 247
1005 383
1006 285
1007 29
1008 436
1009 530
1010 253
1011 151
1012 354
1013 461
1014 254
1015 89
1016 42
1017 488
1018 572
1019 197
1020 576
1021 392
1022 530
1023 186
1024 514
1025 56
1026 214
1027 122
1028 64
1029 61
1030 266
1031 92
1032 111
1033 186
1034 487
1035 566
1036 121
1037 529
1038 190
1039 302
1040 347
1041 413
1042 461
1043 316
1044 48
1045 402
1046 445
1047 269
1048 65
1049 538
1050 529
1051 360
1052 539
1053 222
1054 374
1055 421
1056 35
1057 280
1058 306
1059 165
1060 242
1061 165
1062 64
1063 247
1064 34
1065 200
1066 571
1067 82
1068 285
1069 532
1070 137
1071 232
1072 26
1073 80
1074 207
1075 481
1076 44
1077 510
1078 128
1079 288
1080 218
1081 276
1082 157
1083 286
1084 315
1085 506
1086 65
1087 69
1088 15
1089 390
1090 249
1091 413
1092 478
1093 552
1094 479
1095 470
1096 329
1097 368
1098 374
1099 506
1100 549
1101 564
1102 214
1103 271
1104 170
1105 429
1106 467
1107 25
1108 390
1109 297
1110 144
1111 167
1112 351
1113 461
1114 475
1115 444
1116 77
1117 45
1118 362
1119 388
1120 298
1121 340
1122 301
1123 160
1124 555
1125 147
1126 166
1127 151
1128 365
1129 456
1130 136
1131 425
1132 448
1133 304
1134 165
1135 536
1136 205
1137 460
1138 572
1139 25
1140 255
1141 69
1142 363
1143 170
1144 245
1145 458
1146 370
1147 104
1148 64
1149 313
1150 222
1151 337
1152 181
1153 283
1154 398
1155 285
1156 29
1157 119
1158 160
1159 337
1160 147
1161 520
1162 130
1163 181
1164 112
1165 189
1166 397
1167 65
1168 109
1169 158
1170 43
1171 117
1172 131
1173 391
1174 419
1175 557
1176 423
1177 291
1178 420
1179 395
1180 226
1181 51
1182 200
1183 175
1184 497
1185 225
1186 69
1187 35
1188 82
1189 99
1190 206
1191 278
1192 293
1193 167
1194 268
1195 16
1196 347
1197 470
1198 313
1199 476
1200 243
1201 211
1202 328
1203 51
1204 214
1205 531
1206 313
1207 346
1208 95
1209 384
1210 395
1211 212
1212 478
1213 570
1214 570
1215 391
1216 224
1217 310
1218 341
1219 50
1220 183
1221 79
1222 375
1223 95
1224 419
1225 449
1226 398
1227 363
1228 254
1229 253
1230 474
1231 97
1232 236
1233 197
1234 448
1235 512
1236 571
1237 365
1238 197
1239 528
1240 321
1241 52
1242 557
1243 97
1244 231
1245 257
1246 265
1247 65
1248 293
1249 84
1250 291
1251 392
1252 467
1253 10
1254 183
1255 129
1256 534
1257 549
1258 442
1259 95
1260 408
1261 546
1262 243
1263 258
1264 72
1265 231
1266 532
1267 478
1268 430
1269 196
1270 524
1271 277
1272 402
1273 545
1274 176
1275 161
1276 312
1277 530
1278 251
1279 462
1280 158
1281 441
1282 367
1283 270
1284 51
1285 532
1286 157
1287 425
1288 181
1289 509
1290 237
1291 520
1292 203
1293 441
1294 110
1295 490
1296 48
1297 33
1298 494
1299 53
1300 232
1301 153
1302 551
1303 529
1304 532
1305 200
1306 349
1307 119
1308 13
1309 337
1310 387
1311 49
1312 569
1313 38
1314 63
1315 413
1316 503
1317 403
1318 378
1319 317
1320 466
1321 217
1322 238
1323 330
1324 505
1325 383
1326 136
1327 207
1328 150
1329 312
1330 108
1331 412
1332 97
1333 248
1334 46
1335 536
1336 470
1337 7
1338 506
1339 355
1340 75
1341 194
1342 111
1343 350
1344 158
1345 61
1346 321
1347 478
1348 275
1349 243
1350 196
1351 311
1352 235
1353 151
1354 178
1355 251
1356 349
1357 466
1358 388
1359 389
1360 127
1361 1
1362 64
1363 275
1364 141
1365 453
1366 213
1367 179
1368 424
1369 505
1370 10
1371 402
1372 81
1373 78
1374 413
1375 205
1376 371
1377 87
1378 563
1379 395
1380 203
1381 28
1382 225
1383 320
1384 570
1385 388
1386 261
1387 248
1388 388
1389 435
1390 323
1391 500
1392 512
1393 502
1394 185
1395 539
1396 329
1397 270
1398 512
1399 90
1400 440
1401 84
1402 234
1403 377
1404 193
1405 503
1406 127
1407 246
1408 114
1409 397
1410 163
1411 138
1412 137
1413 221
1414 503
1415 78
1416 201
1417 304
1418 226
1419 576
1420 47
1421 154
1422 561
1423 268
1424 477
1425 281
1426 436
1427 31
1428 566
1429 76
1430 155
1431 33
1432 84
1433 300
1434 56
1435 151
1436 224
1437 242
1438 109
1439 433
1440 292
1441 345
1442 242
1443 165
1444 105
1445 405
1446 293
1447 548
1448 448
1449 458
1450 341
1451 95
1452 495
1453 187
1454 200
1455 251
1456 476
1457 180
1458 439
1459 572
1460 290
1461 182
1462 291
1463 182
1464 141
1465 423
1466 536
1467 267
1468 446
1469 394
1470 235
1471 312
1472 498
1473 265
1474 97
1475 398
1476 367
1477 465
1478 555
1479 327
1480 203
1481 510
1482 457
1483 137
1484 405
1485 453
1486 225
1487 294
1488 225
1489 203
1490 21
1491 563
1492 574
1493 327
1494 131
1495 244
1496 33
1497 176
1498 70
1499 160
1500 43
1501 59
1502 88
1503 406
1504 1
1505 443
1506 525
1507 405
1508 53
1509 430
1510 442
1511 201
1512 14
1513 441
1514 497
1515 323
1516 460
1517 52
1518 104
1519 468
1520 564
1521 357
1522 149
1523 290
1524 65
1525 249
1526 277
1527 475
1528 87
1529 538
1530 298
1531 284
1532 377
1533 90
1534 9
1535 247
1536 236
1537 443
1538 103
1539 419
1540 375
1541 150
1542 503
1543 215
1544 503
1545 486
1546 225
1547 202
1548 407
1549 494
1550 14
1551 478
1552 356
1553 498
1554 236
1555 293
1556 515
1557 378
1558 68
1559 473
1560 111
1561 374
1562 144
1563 560
1564 147
1565 526
1566 385
1567 563
1568 553
1569 257
1570 229
1571 287
1572 293
1573 469
1574 16
1575 289
1576 51
1577 22
1578 292
1579 401
1580 385
1581 231
1582 89
1583 447
1584 266
1585 317
1586 284
1587 566
1588 520
1589 172
1590 480
1591 409
1592 523
1593 181
1594 199
1595 342
1596 381
1597 152
1598 51
1599 173
1600 219
1601 181
1602 162
1603 90
1604 537
1605 410
1606 461
1607 128
1608 549
1609 126
1610 341
1611 331
1612 383
1613 15
1614 124
1615 249
1616 109
1617 73
1618 205
1619 62
1620 353
1621 172
1622 277
1623 378
1624 295
1625 31
1626 360
1627 415
1628 472
1629 235
1630 251
1631 422
1632 428
1633 412
1634 444
1635 381
1636 548
1637 292
1638 32
1639 494
1640 433
1641 508
1642 508
1643 220
1644 114
1645 517
1646 230
1647 166
1648 470
1649 149
1650 494
1651 315
1652 536
1653 15
1654 453
1655 226
1656 339
1657 185
1658 54
1659 141
1660 113
1661 342
1662 338
1663 314
1664 437
1665 296
1666 370
1667 487
1668 42
1669 18
1670 265
1671 110
1672 285
1673 42
1674 500
1675 226
1676 146
1677 63
1678 467
1679 434
1680 323
1681 359
1682 38
1683 155
1684 359
1685 291
1686 516
1687 6
1688 172
1689 516
1690 377
1691 537
1692 201
1693 122
1694 520
1695 86
1696 82
1697 33
1698 450
1699 97
1700 497
1701 4
1702 533
1703 374
1704 506
1705 303
1706 150
1707 142
1708 351
1709 221
1710 69
1711 180
1712 160
1713 78
1714 551
1715 534
1716 247
1717 378
1718 287
1719 360
1720 141
1721 269
1722 322
1723 501
1724 62
1725 27
1726 529
1727 194
1728 81
1729 515
1730 525
1731 291
1732 427
1733 540
1734 245
1735 320
1736 406
1737 39
1738 393
1739 332
1740 174
1741 68
1742 81
1743 94
1744 482
1745 314
1746 224
1747 67
1748 204
1749 527
1750 279
1751 243
1752 32
1753 419
1754 495
1755 39
1756 239
1757 416
1758 235
1759 284
1760 442
1761 445
1762 221
1763 416
1764 259
1765 538
1766 528
1767 431
1768 319
1769 136
1770 488
1771 1
1772 105
1773 126
1774 480
1775 302
1776 447
1777 230
1778 60
1779 73
1780 319
1781 483
1782 531
1783 496
1784 171
1785 302
1786 3
1787 132
1788 93
1789 127
1790 166
1791 445
1792 8
1793 302
1794 169
1795 301
1796 534
1797 556
1798 177
1799 140
1800 293
1801 528
1802 361
1803 481
1804 503
1805 465
1806 497
1807 11
1808 187
1809 454
1810 421
1811 127
1812 302
1813 33
1814 528
1815 527
1816 426
1817 251
1818 327
1819 488
1820 528
1821 147
1822 290
1823 559
1824 398
1825 87
1826 274
1827 376
1828 536
1829 514
1830 79
1831 130
1832 299
1833 412
1834 417
1835 322
1836 221
1837 63
1838 230
1839 321
1840 565
1841 484
1842 468
1843 502
1844 49
1845 342
1846 150
1847 474
1848 447
1849 32
1850 441
1851 74
1852 492
1853 280
1854 537
1855 185
1856 45
1857 201
1858 312
1859 304
1860 358
1861 532
1862 359
1863 518
1864 515
1865 536
1866 346
1867 195
1868 145
1869 147
1870 262
1871 258
1872 524
1873 274
1874 44
1875 402
1876 110
1877 232
1878 367
1879 38
1880 491
1881 451
1882 260
1883 442
1884 415
1885 16
1886 270
1887 115
1888 44
1889 235
1890 96
1891 512
1892 242
1893 520
1894 182
1895 139
1896 405
1897 253
1898 27
1899 135
1900 134
1901 379
1902 431
1903 380
1904 441
1905 233
1906 573
1907 127
1908 568
1909 107
1910 285
1911 247
1912 417
1913 529
1914 146
1915 538
1916 558
1917 526
1918 381
1919 206
1920 266
1921 495
1922 504
1923 156
1924 57
1925 192
1926 157
1927 399
1928 41
1929 337
1930 555
1931 232
1932 364
1933 294
1934 364
1935 274
1936 457
1937 139
1938 305
1939 70
1940 121
1941 467
1942 482
1943 101
1944 322
1945 404
1946 483
1947 371
1948 3
1949 30
1950 457
1951 541
1952 502
1953 422
1954 420
1955 493
1956 548
1957 364
1958 99
1959 302
1960 45
1961 513
1962 276
1963 170
1964 173
1965 177
1966 508
1967 318
1968 390
1969 243
1970 12
1971 315
1972 171
1973 419
1974 364
1975 18
1976 336
1977 526
1978 262
1979 226
1980 34
1981 18
1982 351
1983 419
1984 187
1985 5
1986 148
1987 211
1988 128
1989 351
1990 192
1991 420
1992 193
1993 559
1994 249
1995 251
1996 281
1997 162
1998 575
1999 563
2000 169
2001 457
2002 509
2003 188
2004 222
2005 174
2006 400
2007 237
2008 452
2009 151
2010 549
2011 171
2012 168
2013 487
2014 219
2015 63
2016 40
2017 104
2018 431
2019 196
2020 227
2021 211
2022 287
2023 214
2024 453
2025 468
2026 474
2027 375
2028 186
2029 14
2030 339
2031 38
2032 347
2033 387
2034 208
2035 271
2036 133
2037 104
2038 403
2039 386
2040 435
2041 106
2042 76
2043 345
2044 62
2045 258
2046 511
2047 403
2048 438
2049 43
2050 223
2051 417
2052 533
2053 39
2054 303
2055 282
2056 529
2057 220
2058 6
2059 164
2060 346
2061 551
2062 98
2063 417
2064 156
2065 56
2066 410
2067 258
2068 515
2069 379
2070 303
2071 449
2072 106
2073 551
2074 143
2075 198
2076 308
2077 76
2078 22
2079 487
2080 71
2081 338
2082 567
2083 194
2084 466
2085 203
2086 210
2087 364
2088 246
2089 188
2090 436
2091 247
2092 69
2093 432
2094 176
2095 301
2096 471
2097 268
2098 565
2099 448
2100 200
2101 366
2102 346
2103 339
2104 526
2105 249
2106 258
2107 504
2108 78
2109 520
2110 191
2111 200
2112 444
2113 497
2114 449
2115 391
2116 340
2117 516
2118 334
2119 562
2120 173
2121 124
2122 11
2123 237
2124 286
2125 284
2126 275
2127 54
2128 116
2129 207
2130 99
2131 543
2132 107
2133 120
2134 281
2135 288
2136 265
2137 521
2138 142
2139 268
2140 97
2141 129
2142 280
2143 76
2144 118
2145 366
2146 48
2147 185
2148 506
2149 30
2150 121
2151 162
2152 13
2153 41
2154 106
2155 77
2156 563
2157 444
2158 300
2159 80
2160 41
2161 513
2162 514
2163 161
2164 312
2165 392
2166 509
2167 43
2168 139
2169 377
2170 78
2171 370
2172 474
2173 245
2174 471
2175 435
2176 405
2177 571
2178 464
2179 27
2180 31
2181 314
2182 437
2183 382
2184 260
2185 536
2186 452
2187 118
2188 241
2189 126
2190 69
2191 231
2192 209
2193 31
2194 559
2195 214
2196 477
2197 534
2198 232
2199 195
2200 63
2201 249
2202 45
2203 418
2204 207
2205 528
2206 25
2207 39
2208 414
2209 501
2210 345
2211 141
2212 43
2213 146
2214 547
2215 499
2216 354
2217 162
2218 250
2219 286
2220 209
2221 387
2222 355
2223 554
2224 353
2225 318
2226 259
2227 538
2228 555
2229 58
2230 450
2231 328
2232 326
2233 95
2234 360
2235 90
2236 344
2237 73
2238 517
2239 68
2240 272
2241 342
2242 10
2243 25
2244 71
2245 448
2246 145
2247 213
2248 378
2249 510
2250 397
2251 221
2252 396
2253 81
2254 351
2255 36
2256 185
2257 498
2258 379
2259 412
2260 457
2261 396
2262 489
2263 227
2264 449
2265 508
2266 477
2267 529
2268 219
2269 51
2270 461
2271 472
2272 147
2273 338
2274 493
2275 490
2276 49
2277 445
2278 547
2279 304
2280 193
2281 63
2282 24
2283 18
2284 524
2285 78
2286 105
2287 93
2288 238
2289 217
2290 461
2291 251
2292 460
2293 571
2294 248
2295 380
2296 349
2297 498
2298 426
2299 533
2300 7
2301 325
2302 546
2303 519
2304 45
2305 47
2306 39
2307 259
2308 109
2309 574
2310 499
2311 151
2312 257
2313 117
2314 553
2315 510
2316 33
2317 382
2318 370
2319 386
2320 301
2321 391
2322 131
2323 46
2324 117
2325 543
2326 368
2327 496
2328 92
2329 18
2330 132
2331 167
2332 94
2333 499
2334 549
2335 365
2336 11
2337 444
2338 33
2339 427
2340 496
2341 298
2342 360
2343 64
2344 231
2345 282
2346 90
2347 390
2348 220
2349 524
2350 467
2351 381
2352 454
2353 368
2354 170
2355 328
2356 91
2357 184
2358 263
2359 563
2360 540
2361 576
2362 363
2363 168
2364 304
2365 164
2366 10
2367 426
2368 331
2369 3
2370 429
2371 19
2372 382
2373 258
2374 343
2375 265
2376 515
2377 558
2378 159
2379 409
2380 218
2381 552
2382 542
2383 371
2384 243
2385 297
2386 433
2387 369
2388 376
2389 271
2390 431
2391 200
2392 421
2393 324
2394 75
2395 383
2396 236
2397 259
2398 488
2399 143
2400 444
2401 550
2402 497
2403 520
2404 499
2405 154
2406 191
2407 209
2408 237
2409 511
2410 355
2411 249
2412 353
2413 212
2414 62
2415 195
2416 489
2417 252
2418 530
2419 419
2420 98
2421 389
2422 422
2423 97
2424 290
2425 421
2426 438
2427 285
2428 130
2429 256
2430 186
2431 165
2432 251
2433 94
2434 291
2435 324
2436 446
2437 283
2438 474
2439 551
2440 533
2441 392
2442 519
2443 522
2444 22
2445 390
2446 55
2447 100
2448 335
2449 10
2450 406
2451 384
2452 69
2453 201
2454 345
2455 81
2456 248
2457 358
2458 524
2459 352
2460 139
2461 245
2462 3
2463 61
2464 507
2465 569
2466 562
2467 541
2468 147
2469 440
2470 410
2471 502
2472 171
2473 320
2474 180
2475 372
2476 228
2477 57
2478 536
2479 259
2480 256
2481 180
2482 269
2483 294
2484 158
2485 5
2486 125
2487 232
2488 279
2489 175
2490 557
2491 309
2492 541
2493 318
2494 461
2495 53
2496 290
2497 123
2498 26
2499 108
2500 56
2501 533
2502 138
2503 191
2504 186
2505 571
2506 224
2507 464
2508 194
2509 391
2510 60
2511 533
2512 448
2513 26
2514 170
2515 453
2516 439
2517 568
2518 530
2519 174
2520 35
2521 309
2522 465
2523 372
2524 109
2525 508
2526 114
2527 369
2528 443
2529 289
2530 502
2531 3
2532 62
2533 91
2534 233
2535 364
2536 513
2537 135
2538 260
2539 35
2540 91
2541 531
2542 417
2543 466
2544 493
2545 175
2546 461
2547 354
2548 46
2549 173
2550 143
2551 240
2552 340
2553 528
2554 341
2555 85
2556 487
2557 369
2558 215
2559 365
2560 429
2561 411
2562 497
2563 365
2564 266
2565 74
2566 289
2567 41
2568 436
2569 388
2570 429
2571 521
2572 290
2573 413
2574 488
2575 83
2576 259
2577 519
2578 13
2579 374
2580 199
2581 89
2582 257
2583 547
2584 408
2585 177
2586 317
2587 186
2588 363
2589 571
2590 83
2591 169
2592 448
2593 138
2594 236
2595 275
2596 119
2597 195
2598 462
2599 233
2600 536
2601 421
2602 115
2603 158
2604 289
2605 78
2606 449
2607 19
2608 221
2609 381
2610 44
2611 4
2612 273
2613 462
2614 126
2615 197
2616 183
2617 27
2618 307
2619 511
2620 81
2621 91
2622 254
2623 103
2624 230
2625 75
2626 454
2627 321
2628 439
2629 88
2630 267
2631 303
2632 40
2633 208
2634 397
2635 453
2636 526
2637 164
2638 109
2639 366
2640 69
2641 523
2642 490
2643 229
2644 183
2645 453
2646 181
2647 404
2648 427
2649 510
2650 483
2651 152
2652 344
2653 430
2654 422
2655 315
2656 478
2657 387
2658 297
2659 336
2660 275
2661 493
2662 553
2663 302
2664 14
2665 5
2666 219
2667 156
2668 304
2669 480
2670 464
2671 85
2672 17
2673 301
2674 135
2675 79
2676 487
2677 111
2678 173
2679 474
2680 336
2681 571
2682 243
2683 570
2684 48
2685 452
2686 439
2687 478
2688 25
2689 502
2690 380
2691 453
2692 117
2693 363
2694 420
2695 396
2696 462
2697 526
2698 167
2699 559
2700 62
2701 226
2702 146
2703 117
2704 515
2705 550
2706 97
2707 31
2708 418
2709 196
2710 191
2711 360
2712 162
2713 400
2714 309
2715 310
2716 576
2717 27
2718 508
2719 58
2720 348
2721 225
2722 96
2723 276
2724 528
2725 409
2726 291
2727 108
2728 487
2729 542
2730 308
2731 87
2732 225
2733 548
2734 4
2735 510
2736 466
2737 34
2738 82
2739 469
2740 11
2741 280
2742 97
2743 134
2744 9
2745 141
2746 196
2747 474
2748 291
2749 371
2750 367
2751 133
2752 352
2753 461
2754 390
2755 313
2756 300
2757 422
2758 275
2759 132
2760 520
2761 110
2762 120
2763 342
2764 525
2765 329
2766 320
2767 144
2768 59
2769 550
2770 31
2771 447
2772 273
2773 475
2774 30
2775 421
2776 73
2777 109
2778 576
2779 133
2780 242
2781 131
2782 165
2783 207
2784 459
2785 100
2786 374
2787 111
2788 456
2789 572
2790 270
2791 249
2792 91
2793 559
2794 134
2795 422
2796 29
2797 477
2798 137
2799 112
2800 144
2801 171
2802 353
2803 73
2804 519
2805 208
2806 437
2807 263
2808 262
2809 416
2810 2
2811 555
2812 325
2813 500
2814 245
2815 137
2816 66
2817 543
2818 405
2819 509
2820 247
2821 271
2822 446
2823 539
2824 491
2825 264
2826 108
2827 400
2828 259
2829 259
2830 139
2831 103
2832 294
2833 136
2834 430
2835 515
2836 58
2837 557
2838 99
2839 400
2840 392
2841 1
2842 31
2843 302
2844 214
2845 144
2846 371
2847 482
2848 210
2849 151
2850 177
2851 539
2852 156
2853 160
2854 76
2855 542
2856 25
2857 516
2858 70
2859 275
2860 195
2861 297
2862 388
2863 297
2864 380
2865 411
2866 42
2867 210
2868 286
2869 325
2870 301
2871 404
2872 107
2873 549
2874 266
2875 495
2876 93
2877 48
2878 89
2879 118
2880 40
2881 72
2882 235
2883 556
2884 545
2885 525
2886 120
2887 201
2888 346
2889 21
2890 84
2891 160
2892 330
2893 488
2894 78
2895 93
2896 483
2897 201
2898 546
2899 247
2900 108
2901 241
2902 567
2903 78
2904 150
2905 318
2906 486
2907 228
2908 88
2909 174
2910 286
2911 322
2912 67
2913 431
2914 427
2915 407
2916 285
2917 210
2918 355
2919 420
2920 279
2921 396
2922 522
2923 380
2924 26
2925 87
2926 163
2927 280
2928 259
2929 457
2930 25
2931 90
2932 554
2933 465
2934 403
2935 264
2936 514
2937 443
2938 142
2939 251
2940 430
2941 291
2942 392
2943 516
2944 54
2945 165
2946 442
2947 27
2948 26
2949 320
2950 164
2951 221
2952 496
2953 31
2954 141
2955 555
2956 517
2957 531
2958 489
2959 561
2960 555
2961 171
2962 234
2963 564
2964 85
2965 317
2966 449
2967 45
2968 222
2969 248
2970 521
2971 187
2972 184
2973 557
2974 395
2975 353
2976 18
2977 251
2978 56
2979 185
2980 525
2981 552
2982 334
2983 352
2984 448
2985 75
2986 220
2987 37
2988 290
2989 281
2990 12
2991 309
2992 356
2993 1
2994 194
2995 160
2996 139
2997 411
2998 372
2999 311
3000 72
3001 160
3002 88
3003 88
3004 263
3005 274
3006 79
3007 212
3008 147
3009 473
3010 38
3011 94
3012 18
3013 302
3014 326
3015 262
3016 502
3017 341
3018 73
3019 145
3020 372
3021 380
3022 10
3023 182
3024 331
3025 416
3026 266
3027 271
3028 522
3029 344
3030 303
3031 262
3032 373
3033 329
3034 528
3035 523
3036 307
3037 494
3038 365
3039 40
3040 288
3041 106
3042 508
3043 465
3044 237
3045 169
3046 257
3047 289
3048 226
3049 506
3050 513
3051 336
3052 462
3053 186
3054 424
3055 230
3056 527
3057 439
3058 381
3059 97
3060 58
3061 97
3062 236
3063 359
3064 406
3065 65
3066 98
3067 392
3068 553
3069 351
3070 392
3071 68
3072 311
3073 240
3074 484
3075 573
3076 172
3077 189
3078 259
3079 542
3080 300
3081 276
3082 522
3083 552
3084 445
3085 178
3086 169
3087 126
3088 454
3089 566
3090 377
3091 237
3092 262
3093 42
3094 427
3095 206
3096 536
3097 572
3098 92
3099 361
3100 111
3101 454
3102 198
3103 483
3104 68
3105 460
3106 525
3107 273
3108 549
3109 318
3110 99
3111 407
3112 422
3113 138
3114 539
3115 204
3116 141
3117 264
3118 415
3119 200
3120 398
3121 503
3122 86
3123 328
3124 313
3125 124
3126 296
3127 117
3128 373
3129 426
3130 290
3131 108
3132 518
3133 564
3134 160
3135 392
3136 436
3137 136
3138 33
3139 42
3140 423
3141 33
3142 101
3143 462
3144 108
3145 115
3146 99
3147 557
3148 507
3149 18
3150 421
3151 60
3152 384
3153 478
3154 439
3155 285
3156 276
3157 143
3158 325
3159 355
3160 305
3161 468
3162 470
3163 271
3164 170
3165 220
3166 354
3167 436
3168 512
3169 294
3170 492
3171 226
3172 305
3173 272
3174 92
3175 256
3176 25
3177 237
3178 233
3179 251
3180 555
3181 275
3182 32
3183 396
3184 573
3185 509
3186 136
3187 100
3188 562
3189 395
3190 176
3191 47
3192 83
3193 63
3194 343
3195 320
3196 564
3197 436
3198 250
3199 167
3200 467
3201 532
3202 478
3203 379
3204 84
3205 303
3206 459
3207 117
3208 143
3209 338
3210 102
3211 26
3212 42
3213 554
3214 536
3215 184
3216 530
3217 125
3218 248
3219 323
3220 145
3221 452
3222 121
3223 363
3224 278
3225 146
3226 494
3227 62
3228 312
3229 544
3230 351
3231 50
3232 121
3233 41
3234 369
3235 532
3236 179
3237 334
3238 388
3239 207
3240 270
3241 576
3242 65
3243 247
3244 219
3245 273
3246 56
3247 27
3248 154
3249 305
3250 15
3251 467
3252 369
3253 334
3254 28
3255 35
3256 89
3257 122
3258 14
3259 37
3260 367
3261 522
3262 543
3263 382
3264 277
3265 73
3266 429
3267 176
3268 192
3269 164
3270 362
3271 441
3272 375
3273 110
3274 181
3275 254
3276 8
3277 542
3278 546
3279 111
3280 261
3281 149
3282 73
3283 305
3284 198
3285 236
3286 328
3287 389
3288 255
3289 223
3290 323
3291 477
3292 60
3293 520
3294 181
3295 126
3296 117
3297 427
3298 34
3299 163
3300 206
3301 261
3302 282
3303 307
3304 350
3305 338
3306 412
3307 225
3308 102
3309 351
3310 120
3311 382
3312 471
3313 154
3314 245
3315 138
3316 45
3317 207
3318 463
3319 358
3320 227
3321 204
3322 274
3323 89
3324 242
3325 413
3326 198
3327 361
3328 276
3329 266
3330 312
3331 133
3332 16
3333 485
3334 30
3335 212
3336 568
3337 376
3338 362
3339 39
3340 55
3341 240
3342 554
3343 340
3344 56
3345 110
3346 171
3347 487
3348 124
3349 504
3350 329
3351 69
3352 328
3353 404
3354 13
3355 430
3356 64
3357 304
3358 279
3359 194
3360 52
3361 154
3362 496
3363 134
3364 498
3365 327
3366 206
3367 302
3368 386
3369 94
3370 537
3371 21
3372 527
3373 440
3374 21
3375 315
3376 356
3377 154
3378 380
3379 113
3380 225
3381 459
3382 276
3383 452
3384 8
3385 491
3386 345
3387 170
3388 474
3389 293
3390 272
3391 48
3392 434
3393 95
3394 245
3395 127
3396 335
3397 342
3398 137
3399 168
3400 268
3401 568
3402 452
3403 469
3404 164
3405 114
3406 12
3407 69
3408 301
3409 569
3410 251
3411 249
3412 9
3413 171
3414 257
3415 459
3416 563
3417 520
3418 442
3419 371
3420 47
3421 259
3422 99
3423 140
3424 551
3425 429
3426 337
3427 547
3428 235
3429 501
3430 330
3431 467
3432 148
3433 359
3434 152
3435 509
3436 448
3437 244
3438 284
3439 391
3440 35
3441 177
3442 134
3443 567
3444 527
3445 307
3446 416
3447 206
3448 173
3449 434
3450 533
3451 252
3452 354
3453 200
3454 497
3455 137
3456 130
