location capacity Xf Yf
1 6.391 1.122 45.908
2 8.324 11.592 29.363
3 9.155 32.818 32.053
4 5.624 5.107 15.457
5 4.457 46.103 33.919
6 3.68 32.265 5.572
7 3.472 38.865 35.229
8 2.352 31.371 18.255
9 7.075 6.403 19.23
10 4.322 25.147 12.42
11 8.048 26.348 36.035
12 7.786 19.811 9.358
13 2.417 36.265 28.965
14 9.466 22.157 27.045
15 2.739 40.337 15.299
16 4.042 27.866 23.557
17 8.097 26.434 3.44
18 4.356 29.35 39.817
19 5.672 24.439 3.151
20 8.765 34.325 6.446
21 8.203 1.073 46.114
22 2.971 36.725 23.033
23 2.259 10.514 33.524
24 8.573 36.63 13.877
25 5.897 47.388 44.259
26 7.642 14.02 5.146
27 6.668 41.142 41.424
28 4.606 38.772 25.28
29 5.419 11.584 4.33
30 6.074 43.294 30.733
31 7.975 44.084 11.934
32 7.293 29.91 34.947
33 6.392 7.07 44.964
34 8.821 39.981 35.372
35 7.418 1.984 31.257
36 6.842 40.66 46.42
37 4.534 23.789 31.874
38 8.16 12.823 0.901
39 3.166 36.891 21.838
40 2.424 36.481 39.818
41 6.833 32.472 4.963
42 8.668 1.099 24.318
43 7.132 12.461 46.369
44 4.309 44.472 5.755
45 5.366 42.678 4.457
46 5.468 4.092 45.26
47 6.669 38.509 19.091
48 7.68 19.813 36.575
49 7.292 39.314 5.384
50 5.425 0.661 5.747
51 9.538 43.042 43.707
52 2.822 43.289 9.323
53 8.174 19.625 22.845
54 9.676 43.242 3.417
55 8.435 13.372 6.658
56 5.685 19.779 10.259
57 7.142 36.701 30.977
58 7.974 27.398 45.087
59 2.652 47.316 19.203
60 9.059 44.143 14.399
61 5.983 35.38 27.576
62 7.907 19.151 29.871
63 7.188 8.061 20.9
64 4.508 7.118 16.009
65 7.802 38.868 20.087
66 5.427 15.14 23.173
67 2.136 29.705 47.301
68 2.522 13.192 13.164
69 3.873 8.041 5.87
70 3.016 32.766 42.585
71 2.186 44.867 21.983
72 4.67 39.672 20.594
73 4.503 25.405 28.297
74 2.375 6.117 5.909
75 9.384 13.049 37.449
76 9.162 15.672 29.123
77 2.032 19.053 37.136
78 8.36 17.143 37.728
79 4.416 23.311 0.752
80 4.804 33.101 22.371
81 7.142 31.437 37.65
82 6.846 35.004 46.18
83 4.978 47.083 4.457
84 7.581 41.804 17.366
85 2.313 16.319 37.619
86 4.641 42.696 14.714
87 8.358 34.926 17.648
88 3.573 1.583 22.892
89 4.629 22.979 47.039
90 3.243 42.927 1.478
91 4.793 16.425 8.413
92 2.794 6.878 45.173
93 6.192 38.36 1.702
94 3.083 19.852 24.627
95 8.288 16.979 41.622
96 7.571 46.809 30.331
97 7.632 26.145 41.708
98 1.953 8.477 47.062
99 3.629 31.519 0.9
100 5.175 46.697 19.445
101 4.758 30.117 12.784
102 7.135 33.964 1.996
103 8.354 29.887 43.74
104 3.984 4.158 19.524
105 2.692 13.784 0.54
106 6.35 1.257 5.534
107 5.321 37.997 14.575
108 6.57 5.844 46.947
109 7.764 42.28 32.411
110 8.983 34.693 2.847
111 3.416 38.196 25.426
112 2.593 42.217 14.838
113 8.119 16.103 16.856
114 4.509 38.59 5.156
115 4.048 21.74 42.599
116 7.662 46.936 3.599
117 6.84 47.073 6.455
118 9.324 17.834 23.546
119 2.233 39.298 7.185
120 5.564 9.692 44.886
121 7.133 2.127 33.053
122 8.053 5.864 8.78
123 9.193 10.371 10.47
124 6.391 38.61 40.286
125 2.941 23.035 11.32
126 4.858 31.33 18.529
127 3.062 7.373 23.821
128 6.966 47.04 26.927
129 8.193 21.36 4.563
130 5.906 34.898 23.195
131 2.906 38.224 33.514
132 3.681 41.338 46.116
133 4.232 13.149 29.234
134 6.39 44.615 10.213
135 7.795 37.343 1.494
136 5.67 23.57 46.462
137 7.315 9.912 6.268
138 3.735 18.587 10.006
139 7.354 21.407 1.639
140 7.193 1.194 27.591
141 7.098 12.616 19.711
142 7.251 14.122 43.417
143 2.353 4.924 40.63
144 3.018 5.418 21.48
145 3.327 46.181 40.785
146 8.744 35.718 32.953
147 6.104 27.143 9.3
148 5.423 18.198 19.939
149 2.414 42.204 2.601
150 5.372 29.658 44.333
151 9.632 18.437 4.704
152 7.808 7.874 45.223
153 4.542 47.447 12.544
154 2.062 45.43 44.522
155 2.355 23.641 25.946
156 6.58 6.941 45.483
157 7.908 38.374 2.321
158 6.198 9.091 18.051
159 8.385 20.32 12.533
160 2.719 17.841 1.103
161 5.924 27.201 12.604
162 7.683 32.861 45.756
163 2.101 20.432 26.444
164 8.116 2.515 33.788
165 5.513 43.196 4.851
166 4.802 28.631 26.27
167 8.749 28.569 3.372
168 3.755 38.592 37.006
169 6.134 46.794 11.595
170 2.53 11.399 2.123
171 6.268 38.481 27.379
172 8.364 43.609 14.135
173 3.333 10.274 36.959
174 6.089 10.414 31.71
175 4.151 7.694 36.969
176 3.786 11.458 44.667
177 5.37 4.813 39.618
178 8.372 22.148 26.708
179 8.123 39.824 44.062
180 4.113 14.961 25.116
181 6.131 12.611 6.28
182 4.715 26.517 11.165
183 6.173 3.081 32.793
184 8.984 19.088 32.408
185 8.059 35.492 15.759
186 7.69 14.132 34.998
187 5.526 3.405 33.697
188 9.168 7.155 17.871
189 8.601 13.147 3.699
190 9.303 31.719 7.582
191 4.901 39.772 41.243
192 5.86 33.602 0.641
193 6.196 25.148 21.086
194 8.793 41.815 35.319
195 5.058 8.225 19.204
196 7.661 32.879 47.566
197 3.735 3.899 26.883
198 3.583 42.207 27.647
199 7.739 1.792 1.07
200 5.38 13.433 4.737
201 8.54 13.162 26.238
202 9.476 31.892 34.028
203 9.485 27.628 10.855
204 2.649 7.827 12.489
205 5.635 33.393 32.963
206 5.775 26.105 4.537
207 3.155 9.644 31.543
208 2.707 19.071 16.498
209 7.211 25.573 16.333
210 2.18 42.635 34.255
211 5.459 3.181 37.42
212 4.479 6.052 21.915
213 6.517 32.869 39.043
214 7.298 8.36 42.294
215 7.754 4.658 19.231
216 3.266 18.044 40.4
217 6.416 4.906 11.389
218 3.885 32.633 47.348
219 9.456 5.732 23.484
220 5.822 24.891 7.656
221 2.946 18.371 13.922
222 5.296 16.871 31.455
223 5.587 28.924 30.402
224 8.329 25.426 7.75
225 8.72 20.758 14.558
226 2.235 8.366 3.964
227 3.285 43.083 38.324
228 2.568 37.06 30.281
229 9.274 32.459 13.869
230 8.155 1.144 43.264
231 4.961 29.491 32.27
232 9.593 14.455 39.481
233 4.355 40.916 34.152
234 9.122 4.795 35.385
235 2.416 41.937 43.009
236 8.135 22.843 9.913
237 5.389 31.0 47.322
238 4.28 15.226 42.338
239 7.566 15.766 12.674
240 4.568 13.852 6.935
241 6.251 29.835 23.705
242 3.748 39.722 14.005
243 4.301 31.803 23.308
244 8.652 3.942 46.608
245 8.505 2.207 8.189
246 3.932 36.427 3.668
247 6.521 36.532 23.898
248 6.273 19.976 8.354
249 5.043 43.292 40.883
250 2.489 31.766 6.362
251 2.205 7.408 42.991
252 4.239 37.112 7.931
253 7.964 9.048 38.902
254 9.016 6.675 20.625
255 7.944 8.007 36.606
256 6.94 21.385 8.446
257 7.308 34.025 9.601
258 5.737 38.33 16.752
259 5.959 33.303 9.453
260 4.943 23.583 23.276
261 4.648 12.791 29.479
262 6.702 37.131 11.318
263 3.313 13.061 34.635
264 4.371 22.77 25.283
265 9.324 3.487 24.498
266 9.317 4.327 34.022
267 8.061 20.6 29.611
268 7.609 45.985 42.444
269 8.072 6.358 30.491
270 8.843 47.538 10.38
271 9.091 37.579 31.107
272 3.59 33.155 27.44
273 2.19 2.389 28.797
274 5.238 12.883 7.22
275 6.218 1.309 34.213
276 5.819 25.469 1.05
277 4.887 39.485 37.956
278 7.085 27.997 20.794
279 6.05 43.01 4.481
280 6.493 30.218 38.557
281 5.59 44.815 31.588
282 6.164 24.901 12.206
283 4.917 16.479 11.588
284 3.682 15.807 9.409
285 1.977 4.433 32.386
286 4.424 28.08 0.501
287 4.383 43.141 14.962
288 2.988 32.41 34.22
289 8.803 25.027 43.469
290 8.463 8.534 25.235
291 5.897 39.608 24.171
292 7.628 41.412 43.471
293 6.486 20.233 17.7
294 7.826 40.066 35.809
295 5.87 21.204 30.051
296 2.623 13.472 28.004
297 9.582 26.969 40.227
298 3.391 4.623 47.718
299 5.178 23.566 24.684
300 6.278 38.249 40.019
301 3.829 28.235 15.962
302 5.408 5.097 19.108
303 2.811 21.121 26.379
304 3.62 5.922 8.8
305 7.066 47.32 45.457
306 4.955 2.917 33.991
307 5.826 37.086 4.552
308 2.773 23.053 20.761
309 2.992 15.047 34.597
310 4.622 17.268 10.906
311 5.689 31.339 45.926
312 7.492 33.757 2.485
313 5.388 37.793 38.79
314 3.474 39.316 30.589
315 4.925 21.419 12.068
316 2.814 31.682 26.673
317 5.936 33.558 15.992
318 7.024 43.156 38.933
319 6.082 14.618 4.177
320 1.992 38.349 4.291
321 3.683 3.175 33.928
322 2.901 4.479 46.714
323 2.219 18.986 18.14
324 8.66 31.881 42.709
325 7.966 46.699 34.045
326 4.58 12.236 37.831
327 4.978 42.46 29.339
328 6.895 44.575 19.701
329 7.467 1.928 34.77
330 9.556 34.377 5.517
331 8.785 42.753 46.266
332 4.566 23.814 19.095
333 9.004 11.773 19.523
334 3.835 9.162 20.58
335 3.567 14.802 39.397
336 2.995 21.385 41.434
337 4.27 7.858 45.263
338 5.176 23.018 22.087
339 6.54 24.385 45.694
340 3.102 3.402 36.491
341 8.468 17.582 36.102
342 4.187 2.7 9.694
343 7.45 32.817 18.919
344 6.35 21.284 46.444
345 8.253 23.018 13.83
346 6.957 39.99 47.525
347 3.304 18.523 39.144
348 6.063 31.362 26.484
349 9.514 47.304 20.233
350 4.894 36.69 38.942
351 4.966 41.591 7.008
352 3.998 43.809 12.959
353 8.347 18.995 46.861
354 5.753 33.931 42.806
355 8.816 36.145 7.237
356 5.511 21.755 44.122
357 8.826 12.334 29.38
358 3.243 44.82 30.213
359 3.091 13.617 23.908
360 6.865 30.397 19.974
361 1.961 43.776 17.953
362 2.089 25.175 16.709
363 2.221 31.108 6.541
364 6.925 10.907 39.289
365 4.818 35.731 27.969
366 8.728 42.703 15.572
367 3.284 24.912 3.904
368 7.649 11.589 36.793
369 3.477 40.415 7.637
370 9.335 26.432 29.828
371 7.657 12.484 0.459
372 8.755 10.46 31.143
373 4.992 37.57 11.542
374 3.605 16.956 47.201
375 3.784 21.87 35.423
376 5.608 2.738 27.527
377 7.809 38.523 8.664
378 7.092 41.633 41.236
379 5.09 46.339 30.187
380 2.212 19.726 3.008
381 8.513 10.833 26.535
382 5.5 13.485 30.663
383 3.214 21.183 18.764
384 5.304 42.592 36.366
385 5.871 9.117 12.979
386 6.021 35.412 31.904
387 8.139 36.572 38.659
388 9.6 33.451 27.752
389 6.037 38.028 19.376
390 6.59 24.929 11.842
391 3.769 37.909 38.291
392 5.232 19.045 18.177
393 5.952 10.124 40.977
394 8.049 7.217 46.68
395 8.485 18.941 20.196
396 5.101 20.953 26.274
397 5.64 19.5 37.13
398 2.219 35.063 7.479
399 7.338 1.309 31.016
400 2.67 4.438 8.869
401 6.037 10.75 0.666
402 6.921 32.83 30.514
403 7.695 12.73 36.849
404 9.305 20.292 33.587
405 8.966 4.106 1.454
406 6.115 6.012 23.659
407 4.804 43.096 44.715
408 3.193 18.02 4.264
409 4.67 9.822 5.959
410 9.053 8.626 1.739
411 6.431 13.501 1.656
412 3.458 36.796 8.781
413 8.189 16.862 17.776
414 8.737 26.879 33.286
415 8.806 46.089 34.977
416 5.333 4.9 6.333
417 4.503 34.234 38.961
418 4.686 8.068 34.789
419 2.209 29.77 3.357
420 4.135 40.549 35.24
421 5.421 21.709 12.661
422 6.165 26.025 5.228
423 3.091 7.36 17.664
424 2.982 38.9 43.055
425 4.802 45.256 6.002
426 6.653 6.558 46.409
427 8.475 2.895 31.513
428 3.512 4.225 5.949
429 9.198 41.914 23.34
430 3.969 2.929 24.397
431 4.045 42.727 21.909
432 7.696 42.403 11.733
433 9.348 28.33 47.425
434 9.315 8.883 9.789
435 4.445 47.484 13.25
436 6.296 3.038 8.046
437 4.068 21.928 22.795
438 9.589 39.584 36.109
439 8.683 23.775 43.549
440 9.568 44.752 1.499
441 6.534 45.803 44.791
442 8.499 24.574 10.6
443 8.681 15.312 17.369
444 6.649 21.588 37.078
445 7.414 23.535 2.321
446 8.574 45.083 6.463
447 9.142 40.192 42.914
448 6.233 15.632 31.17
449 2.929 24.446 3.755
450 8.112 24.153 40.664
451 4.687 34.3 6.708
452 2.289 20.628 28.224
453 4.242 10.665 37.877
454 9.19 34.673 46.616
455 3.212 19.423 42.728
456 9.074 21.97 22.653
457 8.923 27.155 15.689
458 4.215 46.09 43.445
459 9.444 24.931 45.08
460 4.198 40.587 28.907
461 5.459 17.098 21.048
462 7.904 7.268 22.771
463 9.085 38.74 41.136
464 5.613 47.418 9.652
465 5.108 42.286 20.163
466 7.723 14.874 25.718
467 8.956 40.668 19.388
468 9.172 16.569 20.692
469 7.315 34.423 6.852
470 6.266 35.4 41.006
471 3.401 5.185 33.073
472 7.006 45.12 33.266
473 7.413 31.413 14.832
474 4.006 8.815 40.188
475 4.506 19.649 21.887
476 6.725 4.825 7.049
477 8.954 22.95 1.907
478 2.043 6.665 21.532
479 2.572 11.195 5.811
480 9.629 33.534 19.855
481 4.781 33.772 46.327
482 6.575 33.202 19.149
483 2.247 8.046 13.63
484 7.613 8.024 35.387
485 2.144 4.768 44.899
486 5.005 34.62 11.025
487 9.393 30.824 28.533
488 6.836 30.728 23.793
489 8.874 6.319 30.285
490 8.062 35.413 44.46
491 6.66 30.097 11.577
492 3.002 45.031 25.25
493 2.371 15.711 20.637
494 7.662 41.543 44.421
495 5.95 30.935 11.143
496 9.179 13.981 33.575
497 9.333 3.142 35.982
498 8.329 31.081 17.768
499 4.213 7.062 6.789
500 7.426 13.752 42.25
501 9.085 20.249 23.472
502 3.573 44.644 20.667
503 4.608 14.772 16.654
504 8.795 41.836 37.109
505 2.272 34.88 37.964
506 7.522 39.486 34.654
507 6.96 40.481 9.654
508 3.632 22.082 42.945
509 6.948 3.3 32.086
510 7.986 19.403 8.835
511 4.0 9.578 25.536
512 2.202 29.743 1.774
513 3.309 19.463 4.751
514 7.373 1.966 35.46
515 8.045 24.228 33.168
516 4.205 44.402 7.544
517 6.988 19.371 11.725
518 3.733 5.74 14.59
519 3.024 29.715 11.675
520 2.702 17.919 25.344
521 4.977 41.725 37.978
522 3.234 12.586 24.431
523 5.015 11.364 11.223
524 3.002 33.936 8.039
525 7.926 3.815 0.842
526 2.037 9.541 46.724
527 8.454 23.072 42.512
528 9.406 28.418 7.741
529 4.505 14.931 45.528
530 7.599 36.473 14.585
531 6.708 31.006 4.83
532 5.66 40.309 17.643
533 2.389 2.528 24.449
534 2.398 2.332 39.074
535 6.851 5.695 23.634
536 2.878 0.402 25.492
537 6.57 37.179 32.937
538 9.364 12.524 25.728
539 7.41 35.588 19.002
540 7.83 2.272 16.014
541 4.105 25.688 42.336
542 2.58 0.598 45.162
543 2.534 18.907 20.3
544 8.908 21.039 38.172
545 1.974 17.945 21.837
546 4.317 17.211 2.674
547 7.198 32.979 10.469
548 9.088 13.175 31.798
549 8.553 46.953 33.003
550 2.239 47.8 25.667
551 7.144 11.101 10.755
552 7.374 10.024 35.706
553 6.048 34.896 31.432
554 1.951 39.162 22.013
555 4.353 46.214 26.322
556 8.363 22.974 6.289
557 3.233 22.563 16.95
558 6.909 18.105 4.524
559 5.841 42.94 5.864
560 5.174 36.58 3.039
561 4.359 11.89 26.804
562 8.435 24.834 18.357
563 3.572 2.412 29.44
564 9.214 16.839 17.484
565 2.639 1.204 35.33
566 3.655 8.251 6.846
567 5.34 25.549 40.82
568 7.164 25.044 17.681
569 5.913 25.256 33.965
570 9.217 2.967 12.553
571 6.278 3.742 26.433
572 5.964 19.308 36.243
573 3.754 6.015 29.48
574 5.939 41.85 30.903
575 4.189 38.579 28.737
576 5.402 7.932 35.777
577 4.682 30.16 30.782
578 8.104 40.404 3.725
579 7.618 33.883 5.089
580 9.596 42.382 8.326
581 6.559 5.761 8.244
582 9.07 32.475 32.789
583 6.751 47.094 31.027
584 2.073 15.448 38.929
585 6.198 21.158 8.456
586 5.674 41.986 13.486
587 5.137 41.522 16.939
588 8.524 21.637 27.06
589 3.48 12.432 12.392
590 8.168 16.683 7.407
591 4.744 0.446 16.287
592 3.99 30.6 26.18
593 5.633 5.905 43.446
594 4.745 29.327 42.567
595 4.408 12.912 22.504
596 7.898 6.8 40.726
597 2.627 36.91 10.14
598 2.803 20.222 42.681
599 3.807 30.312 8.829
600 5.15 3.589 46.439
601 2.454 45.003 15.543
602 5.077 5.793 27.142
603 4.859 46.313 13.773
604 9.436 16.869 27.007
605 8.325 9.517 35.678
606 9.669 15.437 42.594
607 6.06 14.075 7.75
608 9.626 10.687 23.412
609 6.416 35.168 25.64
610 7.974 1.444 34.818
611 2.382 33.539 16.841
612 6.722 9.602 27.5
613 2.061 32.689 42.556
614 9.643 17.472 29.22
615 4.329 39.087 11.637
616 2.358 42.186 37.575
617 6.208 7.627 13.058
618 3.532 31.91 37.718
619 4.163 20.456 0.277
620 9.142 25.394 36.177
621 7.198 35.011 15.054
622 2.219 22.612 3.634
623 7.081 7.612 26.657
624 6.171 36.433 1.044
625 3.712 44.113 30.961
626 3.937 38.238 13.858
627 7.103 28.348 45.473
628 5.74 38.569 20.894
629 2.049 20.629 30.002
630 3.324 12.352 3.886
631 5.843 44.785 4.828
632 6.555 6.027 38.21
633 3.362 5.461 19.728
634 5.359 42.741 36.64
635 5.671 34.033 27.503
636 8.191 6.174 5.946
637 8.491 44.678 25.973
638 3.456 40.953 43.999
639 3.9 3.801 43.019
640 9.183 12.792 18.613
641 6.69 31.897 13.437
642 8.513 43.806 14.312
643 2.236 27.067 46.233
644 9.306 27.166 26.069
645 8.12 11.028 19.499
646 8.86 44.089 18.762
647 6.73 29.189 21.609
648 5.389 18.761 35.785
649 3.909 29.895 20.918
650 5.614 43.772 12.071
651 2.655 8.141 32.169
652 6.395 45.979 35.363
653 9.41 20.999 42.781
654 2.713 15.551 10.296
655 3.593 16.175 18.768
656 8.093 11.794 26.092
657 3.484 13.783 47.175
658 3.099 45.76 3.924
659 8.957 28.85 6.51
660 3.084 23.521 31.261
661 5.863 12.425 40.416
662 4.744 23.989 7.976
663 6.534 17.823 10.052
664 8.1 34.758 22.912
665 3.343 11.966 34.86
666 7.389 33.419 9.207
667 8.124 29.105 14.841
668 8.395 41.589 24.236
669 9.159 45.501 0.29
670 2.849 45.479 20.223
671 2.107 19.613 40.584
672 7.113 15.876 43.531
673 5.596 0.665 45.878
674 3.979 23.505 38.033
675 3.971 22.708 0.525
676 5.221 22.444 21.167
677 4.291 36.239 7.177
678 8.961 2.893 36.87
679 5.643 47.166 46.146
680 6.9 25.577 24.035
681 4.256 11.496 26.513
682 5.118 30.146 33.037
683 7.801 18.436 42.171
684 6.11 25.667 23.032
685 8.695 43.359 38.616
686 7.544 39.654 16.893
687 2.646 39.708 18.88
688 5.216 45.826 47.576
689 3.383 9.591 30.179
690 5.689 45.169 1.956
691 9.39 42.752 33.524
692 2.625 5.267 29.411
693 8.962 15.654 31.697
694 2.371 14.984 35.311
695 4.67 42.152 17.601
696 3.761 5.996 39.491
697 4.951 25.715 16.488
698 6.828 25.2 16.964
699 9.634 8.793 5.617
700 4.181 4.256 16.411
701 8.208 35.744 9.703
702 9.264 47.718 42.555
703 8.405 4.851 7.473
704 6.202 35.705 20.641
705 9.029 31.899 38.433
706 9.273 21.062 26.731
707 2.442 35.486 34.022
708 7.147 18.074 37.131
709 5.928 27.983 40.252
710 8.6 2.103 1.933
711 5.546 40.858 46.695
712 4.751 23.204 23.881
713 5.337 2.811 12.552
714 2.847 27.524 22.359
715 5.131 32.706 19.705
716 7.361 8.555 4.813
717 2.243 12.003 40.848
718 7.861 33.663 43.026
719 9.157 43.536 45.859
720 6.916 17.144 40.146
721 9.055 45.194 5.968
722 7.076 25.565 11.133
723 7.73 15.562 30.081
724 8.636 35.169 25.43
725 6.096 14.683 6.168
726 6.557 14.228 27.124
727 6.536 13.376 19.041
728 6.452 36.175 40.599
729 2.095 32.107 20.714
730 6.372 43.592 24.931
731 4.294 16.6 8.788
732 7.491 18.317 42.23
733 4.738 37.692 31.262
734 8.408 46.468 44.393
735 7.705 23.129 43.093
736 2.335 30.734 17.616
737 6.34 22.412 25.813
738 4.626 32.885 44.82
739 3.098 27.664 22.441
740 8.208 21.101 27.893
741 5.858 12.098 27.453
742 6.021 30.858 23.163
743 3.838 22.789 6.915
744 5.876 16.926 14.313
745 4.502 7.724 24.013
746 8.429 17.936 11.132
747 7.746 11.054 35.651
748 9.542 17.565 27.932
749 4.945 39.469 3.437
750 9.538 21.827 13.581
751 8.682 47.203 45.032
752 6.391 34.095 42.528
753 4.272 17.351 45.356
754 7.723 5.629 33.622
755 3.945 39.286 22.707
756 2.737 31.299 25.37
757 6.04 24.381 36.681
758 2.095 23.012 28.585
759 6.304 12.329 31.799
760 8.942 7.471 35.177
761 7.272 11.703 28.038
762 7.919 43.133 41.267
763 7.953 23.75 10.257
764 4.996 25.986 43.625
765 9.01 30.348 1.442
766 2.964 23.789 35.746
767 6.971 14.748 22.798
768 6.675 12.892 31.954
769 9.373 0.277 29.367
770 7.238 12.914 45.634
771 6.561 36.411 39.117
772 4.302 33.678 26.659
773 8.259 21.115 4.935
774 3.708 43.489 30.419
775 5.927 36.292 31.596
776 5.351 28.535 7.327
777 3.618 40.956 6.782
778 2.564 43.94 11.229
779 5.032 32.51 5.176
780 6.995 31.683 7.915
781 2.269 42.158 21.642
782 3.709 13.121 34.797
783 8.55 20.59 41.583
784 6.88 39.286 22.523
785 8.491 35.034 46.599
786 3.899 47.36 9.412
787 7.293 29.205 18.035
788 6.519 3.668 13.242
789 5.101 3.664 19.951
790 5.632 16.449 45.674
791 2.983 35.76 10.092
792 7.327 8.623 47.275
793 9.007 17.582 30.892
794 4.99 0.839 9.21
795 7.928 23.953 47.649
796 7.637 28.06 25.514
797 5.19 20.365 43.991
798 5.325 24.808 7.852
799 5.79 41.403 40.674
800 4.414 45.084 31.784
801 1.957 12.19 6.886
802 4.374 29.613 7.266
803 2.259 33.516 45.674
804 7.622 45.384 24.862
805 8.683 8.114 18.713
806 7.799 12.617 34.759
807 8.406 10.775 18.629
808 2.895 11.102 16.005
809 4.14 28.943 43.595
810 3.887 26.102 36.066
811 6.182 17.082 20.336
812 4.43 31.451 13.667
813 4.775 26.339 20.221
814 3.831 23.811 32.688
815 6.043 36.515 42.765
816 8.354 17.608 38.5
817 4.257 22.07 33.798
818 9.682 41.535 30.989
819 8.308 35.664 30.248
820 7.223 25.882 15.792
821 3.351 13.679 16.793
822 5.318 31.215 31.361
823 8.099 25.891 33.265
824 9.124 31.148 47.201
825 5.821 19.232 18.479
826 3.587 7.346 10.946
827 4.264 6.885 10.383
828 8.677 33.132 43.608
829 6.845 4.072 0.914
830 4.721 28.079 46.306
831 3.817 2.028 14.78
832 2.841 3.721 11.791
833 2.518 36.933 22.005
834 3.108 40.634 12.237
835 6.059 14.214 39.63
836 7.665 3.594 21.915
837 2.3 2.908 8.642
838 6.848 12.431 13.165
839 7.471 47.597 23.806
840 6.504 41.23 32.329
841 9.176 46.638 21.852
842 3.067 45.744 21.477
843 9.429 15.11 14.562
844 5.082 8.064 5.089
845 4.688 9.851 45.996
846 2.23 30.099 3.011
847 2.814 10.036 31.352
848 8.124 16.454 16.841
849 2.744 28.266 11.037
850 7.983 6.531 30.174
851 7.296 6.199 3.153
852 7.277 4.36 12.463
853 8.329 29.119 6.541
854 6.512 30.887 19.731
855 6.763 28.187 46.907
856 3.384 32.741 42.549
857 2.926 38.936 13.887
858 8.627 4.987 26.104
859 6.098 26.108 17.481
860 6.387 12.259 26.901
861 4.221 47.761 35.6
862 7.646 24.234 34.174
863 7.223 26.732 18.829
864 4.874 10.714 33.691
865 3.84 2.873 20.925
866 4.553 19.192 11.842
867 8.912 11.419 41.667
868 5.226 13.836 45.223
869 4.592 22.51 40.266
870 7.167 13.721 30.454
871 8.306 38.959 3.244
872 9.24 34.855 14.604
873 4.066 21.925 38.523
874 3.855 3.042 28.877
875 6.065 17.113 16.939
876 7.516 24.04 44.672
877 4.474 7.338 30.226
878 2.254 45.582 5.019
879 6.278 25.822 28.664
880 8.77 35.648 16.909
881 4.802 31.244 20.516
882 7.811 16.202 41.844
883 8.811 41.314 42.419
884 9.285 27.494 39.994
885 9.48 7.042 24.123
886 7.44 46.747 31.306
887 4.549 35.221 24.588
888 3.299 34.148 28.223
889 8.14 21.353 10.112
890 7.782 17.833 44.324
891 4.851 17.567 25.766
892 5.933 14.443 14.833
893 8.249 10.596 37.505
894 4.022 24.549 1.992
895 8.984 2.215 44.593
896 7.207 43.871 30.556
897 7.773 45.436 27.721
898 4.53 3.968 22.235
899 9.607 35.314 24.842
900 6.543 14.998 43.787
901 2.524 15.427 44.098
902 3.58 38.795 42.68
903 9.273 36.512 22.896
904 6.396 1.107 44.247
905 5.868 10.19 34.183
906 8.186 32.09 46.371
907 8.672 8.845 16.642
908 5.457 19.267 41.637
909 8.748 19.644 34.567
910 6.745 19.817 42.669
911 5.116 5.228 45.995
912 9.549 28.414 24.767
913 5.939 46.283 0.211
914 7.917 34.687 0.204
915 6.364 36.346 5.52
916 5.346 18.083 26.023
917 1.964 22.173 14.612
918 4.023 46.329 34.305
919 2.874 26.15 12.878
920 3.988 30.537 27.03
921 8.199 28.515 10.81
922 7.003 21.715 14.203
923 2.629 37.821 25.479
924 5.191 47.234 2.734
925 9.232 27.863 7.3
926 3.26 23.493 33.701
927 3.608 41.064 41.772
928 8.785 45.746 36.577
929 5.746 23.238 13.139
930 4.662 40.967 15.223
931 7.71 7.623 12.387
932 8.453 16.244 17.675
933 3.159 9.367 34.367
934 8.781 11.985 47.295
935 5.52 36.167 6.856
936 4.127 34.127 4.091
937 8.329 41.28 6.334
938 6.212 32.743 36.554
939 3.087 23.987 25.775
940 8.245 46.981 21.398
941 7.586 20.428 42.369
942 8.312 35.28 25.02
943 5.346 38.849 40.479
944 6.923 17.53 23.703
945 5.131 14.778 2.39
946 5.382 31.209 30.109
947 4.482 35.984 31.306
948 6.715 40.811 15.193
949 4.244 23.393 20.988
950 7.386 14.776 4.967
951 2.187 10.323 2.264
952 8.825 39.352 5.38
953 4.892 46.526 30.826
954 6.245 36.198 46.649
955 3.214 5.733 28.483
956 2.208 19.749 38.627
957 5.02 17.668 18.597
958 6.555 30.451 4.49
959 6.398 26.626 2.203
960 3.054 31.856 23.631
961 5.355 14.879 36.992
962 8.767 7.013 36.051
963 6.664 14.61 25.034
964 6.053 15.074 3.2
965 4.505 31.203 43.698
966 2.827 10.094 18.183
967 8.942 6.016 21.863
968 9.144 46.489 33.301
969 5.874 29.168 13.454
970 5.353 39.619 44.295
971 2.269 27.278 34.499
972 6.066 22.893 35.757
973 6.555 39.363 0.716
974 8.207 4.144 10.603
975 5.404 18.414 34.765
976 6.922 25.432 26.442
977 6.129 6.222 33.075
978 4.203 33.986 37.173
979 8.208 13.028 35.575
980 6.76 21.757 45.732
981 2.327 30.098 36.683
982 3.177 27.817 36.513
983 8.013 36.907 21.492
984 7.04 31.345 0.679
985 9.064 19.221 26.139
986 5.861 14.15 6.917
987 6.417 44.486 2.31
988 7.124 17.976 18.97
989 7.271 32.683 9.782
990 8.411 7.001 31.006
991 8.985 25.683 44.392
992 2.168 9.972 16.807
993 8.616 2.151 41.708
994 4.75 15.56 2.954
995 6.213 41.934 35.066
996 8.833 37.541 22.399
997 7.299 18.661 5.026
998 8.841 12.184 37.499
999 9.121 30.945 0.866
1000 2.569 10.949 3.021
1001 7.328 37.824 27.052
1002 9.109 15.185 33.955
1003 3.58 32.482 11.273
1004 2.257 13.834 26.563
1005 5.418 45.049 16.507
1006 9.259 40.674 25.178
1007 6.108 9.144 45.684
1008 5.292 6.343 10.154
1009 2.994 2.943 2.9
1010 9.382 25.671 26.826
1011 3.543 12.144 35.181
1012 7.129 34.705 18.058
1013 3.204 8.907 9.364
1014 6.189 27.175 26.896
1015 5.778 33.432 40.803
1016 8.226 35.881 44.863
1017 8.702 15.931 6.161
1018 8.509 39.423 1.758
1019 7.287 9.864 30.195
1020 8.374 47.467 1.852
1021 9.033 14.942 15.847
1022 3.271 2.993 2.01
1023 9.678 35.235 33.792
1024 2.627 19.782 5.536
1025 7.255 14.224 42.531
1026 7.889 43.889 31.709
1027 6.577 2.974 37.462
1028 6.012 31.76 43.667
1029 2.803 25.564 43.068
1030 9.638 3.532 25.441
1031 9.011 38.737 40.7
1032 2.82 29.547 39.526
1033 8.465 35.282 32.987
1034 8.176 12.172 6.472
1035 6.988 27.302 1.419
1036 6.205 1.454 37.402
1037 5.809 0.588 3.652
1038 6.35 43.48 32.301
1039 7.447 26.645 23.96
1040 7.154 21.738 19.341
1041 3.446 9.535 12.26
1042 2.278 8.782 8.432
1043 4.656 7.639 21.778
1044 4.655 47.199 44.947
1045 2.855 35.205 14.029
1046 5.432 25.944 11.167
1047 6.741 8.124 24.043
1048 5.544 32.363 43.947
1049 9.183 18.061 3.576
1050 6.563 0.258 2.375
1051 8.06 46.46 19.8
1052 8.833 20.379 2.391
1053 7.809 10.939 29.235
1054 2.354 27.855 17.462
1055 6.171 25.049 13.055
1056 2.392 20.24 45.933
1057 7.184 30.478 24.746
1058 7.707 34.77 22.333
1059 2.288 41.543 34.069
1060 8.723 3.224 27.42
1061 7.784 41.535 34.016
1062 5.787 31.785 43.964
1063 6.807 13.313 27.824
1064 2.123 18.189 45.944
1065 5.656 14.04 30.147
1066 8.099 37.802 0.338
1067 3.478 19.759 41.452
1068 9.012 40.519 25.72
1069 2.98 7.059 3.458
1070 8.766 33.053 36.268
1071 5.289 30.382 28.726
1072 6.033 2.764 45.072
1073 7.934 15.592 40.422
1074 6.52 28.211 30.82
1075 7.061 0.663 7.47
1076 3.524 39.735 44.131
1077 2.643 10.68 4.557
1078 3.235 14.239 37.839
1079 2.133 46.01 24.095
1080 2.768 2.226 29.153
1081 9.551 23.698 25.998
1082 3.389 24.917 35.854
1083 7.166 43.743 24.297
1084 4.955 5.118 20.865
1085 7.817 2.954 4.509
1086 4.996 32.613 42.475
1087 2.937 40.034 43.326
1088 8.289 29.716 47.551
1089 9.516 10.51 14.962
1090 4.909 17.704 27.692
1091 8.209 8.142 12.432
1092 7.163 42.752 9.728
1093 4.131 47.411 3.364
1094 3.923 45.54 8.37
1095 6.203 27.916 9.807
1096 2.925 32.792 20.219
1097 9.524 15.507 16.876
1098 3.086 26.325 16.698
1099 4.381 2.658 4.868
1100 5.317 40.045 3.096
1101 5.773 22.123 1.32
1102 8.372 43.891 31.606
1103 6.162 13.564 24.509
1104 2.03 2.831 33.128
1105 5.449 41.136 13.848
1106 9.42 20.469 8.697
1107 4.582 1.478 44.53
1108 3.585 11.011 14.567
1109 2.226 16.054 22.293
1110 3.478 46.769 37.071
1111 5.647 45.073 34.139
1112 8.98 29.791 18.623
1113 7.094 8.305 8.807
1114 6.34 36.616 9.545
1115 7.798 22.269 11.371
1116 5.677 8.751 41.025
1117 4.109 41.549 45.315
1118 2.499 2.322 16.067
1119 4.87 7.63 14.136
1120 9.367 19.028 22.683
1121 6.018 6.112 18.359
1122 1.959 25.222 23.874
1123 8.881 30.675 35.957
1124 8.408 5.806 0.212
1125 3.713 4.798 35.102
1126 3.194 42.361 34.533
1127 5.128 13.557 35.181
1128 7.467 8.333 17.544
1129 3.669 46.578 11.715
1130 8.544 31.656 37.066
1131 6.89 33.667 12.846
1132 8.184 31.769 11.058
1133 5.631 30.089 22.03
1134 2.486 40.121 35.939
1135 7.45 14.44 3.591
1136 2.093 25.965 31.044
1137 8.341 6.173 9.852
1138 7.596 39.839 1.41
1139 5.198 1.01 44.179
1140 4.42 29.531 26.34
1141 6.238 41.546 42.296
1142 8.693 4.044 17.899
1143 5.706 2.589 32.405
1144 6.484 9.096 27.734
1145 8.266 2.251 9.813
1146 5.795 19.733 17.769
1147 1.976 14.144 39.285
1148 6.567 31.96 43.641
1149 7.303 1.593 21.254
1150 6.394 11.445 28.708
1151 4.087 0.758 18.506
1152 9.653 24.84 32.67
1153 7.649 37.986 24.016
1154 5.809 26.613 15.612
1155 8.718 40.964 25.499
1156 8.717 9.014 45.066
1157 9.017 44.297 39.637
1158 7.98 30.038 35.628
1159 8.465 0.57 18.922
1160 7.631 4.491 35.395
1161 4.862 30.978 4.008
1162 8.209 18.084 37.34
1163 4.999 25.281 32.028
1164 6.157 31.024 38.663
1165 9.655 40.645 32.605
1166 7.456 25.445 15.589
1167 3.95 32.018 42.255
1168 9.457 25.99 39.075
1169 7.765 27.759 35.645
1170 7.87 37.055 44.653
1171 4.644 40.475 38.789
1172 7.55 20.114 37.311
1173 5.267 13.62 14.213
1174 6.188 20.34 12.588
1175 7.111 9.197 1.433
1176 3.931 28.581 12.324
1177 2.765 4.739 23.157
1178 1.989 23.994 12.069
1179 9.653 20.329 15.822
1180 5.456 18.647 28.699
1181 7.591 5.799 43.13
1182 8.639 14.226 30.641
1183 8.63 12.703 33.767
1184 3.429 33.744 6.148
1185 7.722 16.968 29.944
1186 2.418 40.648 43.501
1187 9.428 21.08 45.782
1188 4.975 18.544 40.416
1189 6.494 4.173 38.522
1190 7.051 27.517 31.4
1191 9.458 27.247 24.129
1192 9.647 8.355 23.21
1193 3.717 44.996 35.523
1194 5.08 7.521 24.555
1195 5.598 31.618 46.23
1196 4.576 21.56 19.136
1197 6.833 27.672 9.627
1198 7.587 1.924 21.891
1199 6.909 38.639 9.323
1200 2.019 4.644 27.783
1201 2.689 36.237 31.045
1202 6.975 30.252 21.916
1203 5.818 5.87 42.369
1204 8.382 43.394 31.418
1205 7.797 5.595 2.812
1206 8.966 0.358 21.472
1207 7.142 18.243 18.85
1208 7.041 45.337 41.01
1209 4.229 47.172 16.309
1210 8.898 21.792 14.547
1211 6.472 38.856 31.078
1212 3.669 42.858 8.727
1213 2.161 34.906 1.006
1214 6.581 34.374 0.311
1215 4.058 13.368 15.148
1216 9.241 14.798 28.388
1217 4.651 43.391 23.774
1218 6.424 8.482 18.321
1219 2.91 3.758 43.655
1220 6.121 29.728 32.849
1221 5.392 13.262 40.21
1222 5.864 29.914 16.356
1223 7.377 44.648 40.781
1224 7.779 21.365 12.575
1225 2.946 33.569 11.583
1226 6.843 26.391 14.043
1227 2.464 5.911 16.774
1228 6.77 27.536 26.477
1229 5.802 24.825 26.644
1230 4.635 35.91 9.884
1231 8.629 0.686 39.422
1232 3.015 38.962 29.626
1233 4.993 9.737 30.605
1234 2.703 31.974 10.335
1235 4.386 15.404 5.216
1236 9.447 37.233 1.485
1237 4.393 8.877 17.052
1238 5.004 8.86 31.604
1239 6.223 46.803 5.534
1240 8.549 16.219 21.558
1241 7.854 7.422 42.407
1242 3.79 9.878 1.127
1243 8.591 1.41 39.373
1244 8.718 29.619 29.601
1245 7.013 33.717 27.381
1246 9.156 1.577 24.102
1247 4.592 32.121 42.131
1248 3.755 8.234 22.935
1249 5.157 23.905 40.822
1250 9.442 5.672 23.77
1251 9.069 14.466 15.693
1252 7.969 21.031 8.663
1253 6.609 19.166 46.763
1254 4.821 29.468 32.707
1255 5.988 17.385 36.563
1256 4.162 11.383 2.93
1257 7.486 41.719 3.602
1258 5.282 18.58 10.352
1259 7.308 44.408 40.146
1260 8.282 47.302 15.272
1261 8.357 35.043 3.954
1262 4.225 4.885 26.383
1263 5.966 35.031 27.649
1264 4.835 47.314 43.846
1265 4.824 28.74 28.262
1266 4.018 6.187 3.054
1267 9.476 43.393 8.536
1268 2.263 43.502 12.744
1269 8.34 6.852 31.445
1270 5.36 39.997 4.678
1271 7.854 24.149 25.524
1272 2.56 35.993 14.868
1273 2.529 32.246 2.15
1274 3.363 15.925 33.494
1275 3.267 32.743 34.652
1276 6.103 47.379 23.749
1277 7.979 2.443 3.03
1278 5.229 21.951 27.305
1279 5.255 10.346 9.592
1280 5.615 27.759 35.675
1281 5.656 16.196 10.354
1282 4.53 13.707 16.333
1283 6.749 10.038 24.346
1284 5.374 4.334 43.058
1285 6.326 6.731 2.274
1286 7.405 24.118 35.247
1287 3.671 33.63 13.8
1288 8.446 25.277 33.818
1289 8.224 9.29 5.385
1290 1.979 41.518 28.489
1291 2.403 30.411 5.402
1292 5.764 20.781 30.785
1293 3.957 17.591 10.962
1294 2.413 26.47 39.621
1295 3.795 18.803 6.314
1296 3.049 47.68 45.845
1297 6.584 16.239 45.441
1298 5.937 27.011 6.264
1299 7.318 8.596 42.938
1300 6.914 31.957 29.867
1301 6.542 17.474 35.58
1302 2.176 45.72 2.145
1303 6.735 0.392 3.303
1304 8.811 6.81 3.012
1305 2.97 15.034 31.538
1306 4.26 25.865 19.949
1307 7.272 45.302 39.342
1308 5.102 24.428 46.214
1309 8.092 1.365 19.177
1310 7.562 5.826 15.541
1311 5.367 1.878 43.702
1312 2.63 33.844 1.042
1313 7.344 27.611 44.778
1314 6.897 28.83 43.846
1315 7.196 9.671 12.711
1316 3.441 44.868 6.507
1317 6.262 36.192 15.007
1318 8.324 34.949 17.644
1319 8.82 8.909 20.731
1320 6.479 19.74 9.547
1321 3.534 0.961 28.697
1322 3.009 42.711 29.613
1323 7.732 34.892 20.242
1324 6.435 1.669 4.862
1325 2.482 45.972 16.427
1326 5.629 31.088 37.798
1327 6.843 28.234 30.36
1328 3.741 11.767 35.813
1329 4.286 46.643 22.81
1330 5.061 22.794 39.219
1331 6.925 7.653 13.746
1332 6.25 0.444 39.424
1333 4.49 15.073 27.955
1334 8.701 42.23 45.838
1335 4.576 14.158 2.214
1336 2.807 26.476 9.79
1337 6.099 12.274 47.346
1338 6.067 2.565 4.621
1339 7.709 36.233 19.598
1340 5.735 5.113 41.399
1341 5.798 3.622 30.42
1342 9.66 28.291 38.289
1343 6.98 27.888 18.862
1344 5.134 26.93 35.912
1345 6.858 24.713 43.184
1346 2.681 17.711 21.071
1347 9.491 43.184 9.097
1348 6.111 20.467 24.568
1349 3.875 4.867 26.159
1350 3.447 7.526 31.087
1351 8.043 44.385 22.049
1352 7.411 37.592 29.041
1353 5.924 12.329 34.187
1354 4.323 18.746 32.796
1355 7.403 20.791 26.25
1356 3.34 25.326 19.095
1357 2.85 19.839 9.303
1358 3.5 7.669 14.39
1359 5.375 8.849 14.253
1360 8.502 13.493 36.293
1361 2.168 1.207 46.419
1362 5.851 30.444 42.562
1363 2.544 21.992 24.392
1364 4.01 41.93 36.944
1365 6.859 41.532 10.323
1366 5.412 40.978 30.206
1367 8.291 21.565 32.316
1368 3.452 31.203 13.226
1369 9.607 1.134 4.286
1370 6.59 19.737 47.244
1371 5.984 34.31 15.054
1372 5.721 16.774 40.579
1373 5.858 10.852 41.356
1374 5.51 8.622 12.44
1375 5.061 24.301 30.296
1376 8.513 21.434 17.476
1377 8.871 29.552 40.867
1378 5.73 20.485 0.932
1379 7.058 20.722 15.236
1380 6.738 20.524 30.474
1381 9.326 6.062 44.888
1382 8.815 17.388 29.446
1383 9.605 14.898 20.892
1384 5.844 34.826 0.505
1385 8.546 7.96 14.748
1386 4.734 40.335 27.609
1387 9.272 15.154 26.933
1388 6.152 6.53 15.72
1389 4.139 5.471 11.091
1390 7.692 21.87 21.214
1391 2.627 38.266 6.903
1392 4.227 15.144 5.712
1393 6.734 42.199 7.869
1394 9.48 32.796 32.77
1395 6.821 21.224 2.231
1396 4.861 32.22 21.988
1397 1.981 10.11 25.158
1398 9.249 15.181 5.004
1399 9.325 34.095 41.914
1400 2.606 15.164 11.83
1401 9.012 23.631 41.805
1402 7.151 34.476 28.126
1403 5.569 32.395 16.388
1404 3.533 0.833 31.147
1405 7.839 45.301 6.319
1406 5.187 12.492 36.378
1407 4.54 11.677 26.332
1408 3.244 35.039 38.064
1409 5.975 24.126 15.249
1410 4.508 36.466 34.704
1411 3.333 35.392 37.516
1412 3.41 33.041 37.037
1413 3.043 9.218 28.698
1414 5.105 45.185 6.868
1415 9.208 10.477 41.97
1416 8.66 16.377 30.495
1417 5.385 31.646 23.49
1418 3.929 18.43 29.592
1419 9.282 46.227 0.21
1420 2.647 45.53 45.082
1421 2.345 18.122 34.295
1422 2.651 17.628 1.177
1423 4.526 7.249 25.877
1424 2.309 41.558 8.308
1425 2.794 32.481 25.732
1426 7.844 6.366 11.819
1427 9.407 12.448 44.317
1428 8.581 26.707 1.564
1429 4.772 7.674 41.104
1430 7.057 21.781 35.766
1431 5.881 16.742 44.15
1432 3.486 22.429 40.445
1433 4.129 22.351 23.497
1434 7.349 14.636 43.614
1435 4.158 13.776 34.717
1436 4.427 14.218 28.487
1437 3.98 2.826 26.457
1438 6.914 25.349 39.111
1439 5.001 0.533 10.888
1440 5.251 6.629 23.813
1441 7.612 17.619 18.581
1442 4.479 2.563 27.409
1443 6.054 41.223 35.986
1444 5.459 16.228 39.862
1445 8.403 40.215 14.636
1446 5.823 9.128 22.033
1447 2.531 38.363 3.787
1448 7.245 31.356 10.894
1449 9.361 3.263 8.402
1450 3.681 8.148 18.053
1451 7.507 45.468 40.31
1452 3.035 29.89 7.798
1453 5.229 36.834 32.117
1454 7.217 15.079 30.852
1455 4.838 21.18 27.896
1456 6.385 38.108 8.885
1457 2.801 23.917 32.98
1458 7.193 12.332 11.831
1459 6.67 39.85 0.786
1460 8.073 3.538 22.273
1461 9.539 26.232 32.427
1462 7.634 4.931 23.037
1463 4.236 27.063 32.099
1464 4.15 41.149 36.199
1465 2.882 28.132 13.514
1466 5.343 14.952 3.455
1467 6.145 5.521 25.352
1468 2.663 26.708 10.575
1469 6.398 18.644 14.978
1470 3.525 37.546 29.444
1471 5.777 47.602 23.688
1472 2.9 35.159 7.197
1473 7.661 1.421 25.948
1474 9.343 0.207 39.282
1475 4.921 26.02 15.855
1476 5.051 12.528 17.963
1477 9.089 17.882 8.028
1478 2.518 4.14 0.98
1479 4.051 28.954 21.194
1480 7.844 21.325 31.179
1481 2.632 10.701 4.351
1482 9.011 0.304 8.498
1483 7.2 32.408 37.037
1484 3.338 41.234 14.291
1485 5.158 40.682 11.818
1486 2.311 16.619 28.387
1487 4.939 10.72 22.304
1488 5.896 16.158 29.526
1489 5.286 21.004 31.239
1490 9.293 40.217 47.374
1491 8.733 21.913 1.15
1492 3.953 43.407 1.748
1493 7.053 29.12 21.702
1494 3.87 20.032 37.756
1495 8.61 6.788 27.311
1496 2.985 17.02 45.708
1497 4.387 14.674 32.152
1498 7.698 43.293 42.357
1499 5.635 30.113 34.969
1500 2.845 36.648 44.546
1501 9.435 21.856 42.577
1502 4.154 30.644 40.682
1503 8.472 42.26 15.804
1504 6.033 1.419 46.512
1505 5.773 20.081 11.153
1506 5.258 40.917 5.877
1507 8.171 40.329 14.593
1508 4.185 8.355 43.871
1509 9.181 42.707 12.576
1510 3.549 19.818 11.203
1511 6.863 16.668 31.15
1512 4.353 27.643 46.579
1513 6.436 17.447 11.663
1514 5.536 33.369 6.181
1515 5.053 21.777 21.447
1516 8.621 6.475 9.562
1517 6.353 6.489 43.494
1518 5.996 15.5 38.371
1519 9.666 23.947 8.526
1520 2.798 22.352 0.841
1521 8.675 41.677 19.693
1522 6.338 8.928 35.057
1523 8.84 2.89 23.091
1524 3.648 32.602 42.028
1525 7.062 17.91 26.254
1526 8.319 25.664 24.578
1527 5.707 37.789 8.355
1528 3.992 28.049 40.049
1529 3.629 18.29 2.295
1530 4.407 19.869 22.206
1531 3.529 39.735 24.8
1532 5.272 32.961 16.347
1533 7.425 35.039 40.205
1534 8.761 16.619 47.541
1535 4.339 12.387 27.282
1536 2.908 39.284 29.969
1537 3.775 20.269 10.832
1538 6.819 12.484 39.834
1539 2.858 21.27 12.32
1540 6.779 29.536 16.966
1541 4.782 10.2 34.122
1542 3.025 45.829 7.817
1543 4.38 45.448 30.427
1544 2.682 44.17 7.082
1545 4.411 11.715 6.687
1546 7.716 17.811 28.614
1547 2.258 19.785 30.107
1548 7.836 45.198 14.048
1549 5.859 27.729 6.299
1550 5.19 26.491 46.279
1551 3.578 43.656 9.646
1552 4.537 39.616 18.933
1553 2.187 35.359 7.945
1554 7.497 38.789 29.852
1555 4.904 9.405 23.257
1556 8.752 20.566 4.665
1557 4.336 34.009 16.583
1558 8.833 38.553 42.996
1559 9.436 32.36 8.266
1560 6.661 28.441 39.003
1561 5.503 26.497 17.499
1562 7.421 46.63 36.042
1563 7.664 14.808 0.871
1564 4.368 5.714 35.697
1565 5.568 43.121 5.709
1566 6.687 1.987 15.059
1567 6.888 21.03 1.673
1568 3.778 1.271 1.62
1569 2.684 32.27 26.145
1570 4.802 25.296 28.164
1571 6.153 45.956 24.522
1572 8.353 9.155 23.999
1573 2.589 25.376 9.935
1574 7.297 30.126 47.787
1575 4.865 1.106 23.675
1576 8.114 4.902 43.926
1577 9.184 42.96 47.539
1578 4.463 6.527 23.712
1579 6.19 33.345 15.645
1580 8.802 0.864 14.136
1581 2.316 28.649 29.048
1582 6.904 33.183 41.511
1583 2.481 29.901 11.6
1584 9.672 3.779 25.404
1585 3.455 9.714 20.216
1586 2.918 38.388 25.047
1587 3.171 26.908 1.552
1588 9.049 31.159 5.791
1589 6.223 7.586 33.705
1590 7.645 46.21 8.876
1591 3.915 0.653 13.645
1592 7.704 37.58 4.517
1593 7.743 24.753 32.604
1594 5.345 12.878 31.827
1595 2.671 10.573 18.456
1596 2.529 41.811 17.065
1597 7.332 15.036 35.012
1598 7.533 4.537 42.129
1599 3.262 9.083 33.684
1600 4.644 5.757 29.897
1601 8.748 25.802 33.819
1602 7.166 34.567 34.804
1603 3.235 35.335 41.44
1604 5.97 17.047 2.904
1605 8.616 3.132 13.618
1606 9.301 9.616 8.42
1607 5.519 14.957 37.086
1608 8.554 40.536 2.013
1609 9.429 11.643 36.955
1610 9.011 8.506 19.713
1611 4.223 37.582 21.381
1612 4.856 44.113 17.126
1613 4.913 28.169 47.151
1614 4.856 6.55 37.59
1615 8.954 16.167 27.059
1616 3.375 25.367 38.288
1617 8.752 0.353 40.104
1618 3.055 25.211 31.887
1619 7.885 26.796 43.481
1620 8.397 32.053 19.659
1621 6.13 7.323 33.557
1622 6.576 25.499 25.183
1623 9.267 34.386 16.787
1624 3.821 12.081 22.534
1625 3.673 13.083 44.54
1626 5.225 46.15 18.303
1627 5.377 12.469 12.221
1628 4.029 31.532 8.337
1629 3.993 37.628 28.415
1630 5.629 21.951 27.609
1631 7.057 27.552 12.657
1632 7.933 39.843 12.744
1633 3.564 6.528 13.066
1634 5.403 23.546 10.282
1635 5.922 40.071 16.074
1636 8.189 38.341 2.702
1637 5.206 6.614 22.284
1638 6.959 15.855 44.598
1639 6.957 26.907 6.987
1640 7.854 1.735 10.722
1641 4.393 6.822 5.322
1642 6.309 6.7 4.265
1643 6.845 7.619 28.077
1644 3.798 34.069 39.689
1645 6.375 24.689 5.149
1646 9.372 26.518 29.375
1647 8.371 42.096 34.961
1648 2.45 26.7 9.222
1649 4.977 9.518 35.696
1650 9.266 26.765 6.173
1651 9.246 4.044 20.904
1652 6.478 15.899 2.778
1653 6.194 28.57 46.902
1654 9.649 41.528 10.598
1655 5.144 19.784 29.689
1656 2.369 4.336 18.134
1657 6.275 32.257 33.97
1658 2.917 10.438 42.079
1659 6.803 41.977 36.895
1660 4.036 33.026 39.402
1661 6.094 10.487 19.441
1662 5.134 3.931 18.277
1663 1.976 2.456 20.372
1664 3.416 8.486 11.604
1665 5.858 14.878 22.537
1666 5.95 19.007 17.954
1667 9.613 13.769 7.39
1668 5.546 34.919 45.886
1669 5.0 35.599 47.243
1670 9.272 1.852 24.869
1671 5.143 26.519 38.994
1672 4.072 41.612 24.542
1673 6.06 35.565 45.673
1674 2.535 38.108 6.314
1675 8.734 19.36 29.588
1676 5.481 2.967 35.754
1677 5.064 29.081 42.362
1678 4.58 20.56 9.88
1679 8.556 2.759 11.888
1680 9.483 21.001 21.68
1681 2.707 45.26 19.784
1682 7.099 26.16 45.765
1683 7.08 21.994 35.961
1684 3.918 44.013 18.908
1685 2.461 5.46 23.887
1686 8.651 23.624 5.873
1687 3.99 10.477 46.51
1688 5.342 6.225 33.97
1689 7.963 23.725 5.452
1690 8.327 32.844 17.92
1691 9.567 17.782 3.043
1692 4.249 16.379 30.66
1693 5.39 3.964 36.74
1694 5.946 30.169 4.684
1695 9.635 26.227 41.759
1696 7.285 19.001 41.219
1697 3.718 16.122 45.469
1698 2.296 35.213 11.595
1699 5.459 0.276 38.111
1700 7.361 32.788 7.314
1701 7.235 7.229 46.849
1702 3.057 8.119 2.857
1703 4.948 26.074 16.953
1704 8.194 2.934 4.515
1705 2.652 28.813 22.58
1706 9.078 10.015 35.169
1707 9.293 43.643 36.896
1708 8.52 28.834 18.805
1709 8.207 9.861 29.425
1710 4.944 40.729 42.618
1711 7.83 22.695 32.334
1712 8.719 31.743 35.007
1713 4.895 11.768 40.506
1714 8.181 44.217 2.273
1715 2.83 10.482 2.176
1716 9.546 12.374 27.647
1717 6.339 34.378 17.769
1718 3.935 44.895 24.766
1719 5.489 47.355 18.994
1720 9.245 41.957 36.509
1721 8.983 8.43 24.944
1722 4.134 19.122 21.362
1723 4.623 40.434 7.094
1724 5.262 27.829 42.3
1725 9.306 4.85 45.083
1726 4.395 1.167 2.17
1727 9.357 2.023 31.789
1728 2.792 17.034 40.759
1729 5.65 20.776 4.562
1730 1.988 41.954 5.669
1731 6.815 4.692 22.799
1732 6.209 37.35 13.003
1733 2.932 23.431 2.054
1734 8.57 9.899 26.162
1735 9.469 15.147 20.113
1736 6.136 43.671 15.603
1737 8.391 29.048 45.396
1738 2.173 16.425 15.875
1739 2.602 38.596 20.28
1740 8.434 10.982 33.348
1741 9.204 38.618 42.686
1742 6.437 17.574 40.232
1743 2.519 43.006 40.092
1744 3.403 2.697 6.849
1745 6.502 2.229 21.984
1746 7.59 15.918 28.335
1747 6.741 36.464 42.926
1748 2.694 22.082 31.277
1749 8.712 44.364 5.231
1750 8.558 28.269 25.686
1751 5.703 5.139 26.654
1752 7.722 14.454 45.366
1753 9.578 20.761 13.4
1754 3.281 29.315 7.728
1755 3.416 28.597 45.11
1756 4.626 44.538 29.11
1757 8.749 14.673 12.263
1758 8.168 36.901 28.52
1759 4.709 38.801 24.135
1760 8.781 18.793 10.279
1761 7.799 24.06 10.336
1762 7.974 8.123 29.433
1763 4.001 15.804 12.048
1764 8.328 36.209 26.633
1765 6.409 18.901 3.583
1766 7.401 46.89 4.687
1767 4.821 44.056 13.944
1768 7.541 13.757 21.498
1769 4.726 30.136 37.338
1770 8.934 15.655 6.654
1771 7.548 1.97 47.266
1772 6.394 16.254 38.977
1773 3.772 10.037 37.788
1774 7.939 46.044 9.013
1775 6.038 27.557 22.077
1776 4.841 29.842 11.33
1777 4.16 27.474 28.018
1778 2.661 23.965 42.315
1779 3.043 1.146 41.653
1780 5.184 13.802 20.461
1781 2.396 4.049 7.727
1782 8.073 4.456 3.102
1783 8.093 30.173 6.191
1784 5.024 4.754 32.608
1785 4.343 27.427 22.971
1786 8.331 5.578 47.463
1787 8.377 23.416 36.064
1788 5.92 40.117 40.364
1789 5.388 13.901 36.875
1790 7.205 43.193 34.052
1791 7.793 24.318 10.671
1792 7.031 14.302 46.148
1793 6.333 26.672 23.97
1794 5.643 1.675 32.152
1795 5.162 24.203 23.308
1796 4.98 11.448 2.013
1797 4.195 6.958 1.844
1798 4.279 17.374 32.876
1799 2.674 39.281 37.165
1800 4.15 9.139 23.693
1801 3.289 46.918 4.543
1802 6.942 1.02 17.517
1803 4.465 0.898 7.447
1804 9.036 44.829 7.503
1805 4.959 16.678 9.254
1806 5.885 33.657 6.543
1807 8.217 20.333 47.003
1808 3.239 36.296 33.314
1809 6.413 42.837 10.403
1810 5.977 24.201 12.518
1811 8.095 12.087 37.757
1812 4.131 27.299 23.9
1813 4.655 16.375 45.915
1814 5.971 47.307 5.076
1815 5.371 45.86 5.683
1816 7.258 34.834 13.962
1817 2.191 20.786 27.319
1818 5.461 28.418 21.91
1819 7.76 15.991 7.054
1820 7.631 46.134 4.765
1821 7.952 4.178 35.585
1822 4.055 2.369 22.936
1823 4.561 12.241 1.094
1824 7.533 27.756 14.223
1825 8.31 29.965 41.632
1826 8.504 18.083 24.313
1827 7.393 30.162 17.768
1828 3.12 14.397 3.244
1829 2.038 19.355 5.528
1830 4.553 13.79 41.171
1831 5.785 18.883 37.352
1832 5.578 20.891 23.896
1833 5.738 7.755 12.877
1834 6.103 16.219 13.641
1835 9.466 19.144 20.12
1836 4.569 8.525 28.584
1837 8.164 29.168 43.065
1838 2.061 26.858 28.258
1839 6.117 17.157 20.227
1840 6.031 25.139 1.536
1841 7.363 7.702 7.726
1842 6.932 23.682 8.191
1843 6.314 43.202 7.19
1844 4.148 0.248 42.872
1845 7.213 10.711 18.451
1846 3.198 10.225 35.189
1847 8.926 34.77 9.484
1848 6.943 28.954 11.136
1849 3.455 15.398 44.868
1850 7.479 17.071 11.918
1851 9.233 3.849 40.515
1852 5.739 22.916 6.966
1853 9.187 30.651 24.541
1854 5.557 16.428 3.696
1855 6.866 33.17 32.977
1856 2.076 40.948 44.74
1857 3.276 17.199 31.198
1858 9.017 46.03 22.372
1859 9.545 31.593 23.505
1860 5.309 43.517 18.118
1861 2.091 6.931 2.62
1862 2.905 45.236 18.719
1863 5.017 26.093 5.924
1864 7.966 21.177 4.203
1865 6.321 15.823 3.334
1866 3.899 19.909 19.78
1867 8.883 5.841 30.491
1868 3.48 1.467 35.628
1869 5.7 5.474 35.262
1870 6.111 42.41 26.428
1871 2.819 35.847 26.764
1872 3.305 38.188 5.78
1873 5.906 18.169 25.749
1874 2.566 39.925 44.654
1875 3.964 34.923 14.313
1876 8.106 26.522 38.227
1877 9.404 31.079 29.343
1878 2.278 12.521 17.441
1879 5.524 27.892 45.714
1880 8.702 20.925 7.039
1881 3.902 36.653 11.078
1882 6.836 38.653 27.398
1883 3.616 19.212 10.768
1884 4.632 13.969 13.73
1885 6.508 30.897 47.368
1886 8.873 10.784 24.801
1887 9.618 37.573 38.185
1888 4.661 38.479 45.092
1889 4.264 37.719 28.014
1890 4.132 46.514 40.531
1891 7.686 14.858 5.403
1892 7.695 3.63 27.045
1893 3.234 31.508 5.489
1894 3.026 27.52 32.882
1895 2.388 36.883 37.073
1896 3.161 41.168 15.348
1897 3.751 24.534 26.716
1898 3.368 5.642 44.992
1899 4.09 29.066 36.463
1900 8.403 27.095 37.872
1901 9.056 37.089 17.11
1902 3.32 45.557 12.97
1903 8.132 39.897 17.929
1904 5.127 17.984 11.663
1905 7.91 33.213 29.099
1906 6.858 41.197 0.398
1907 5.709 12.812 36.003
1908 7.905 30.548 1.46
1909 3.991 20.282 39.376
1910 3.575 41.17 25.444
1911 4.946 12.205 27.854
1912 8.551 17.955 13.54
1913 4.425 1.186 3.108
1914 9.683 2.336 35.433
1915 5.321 18.071 2.702
1916 4.494 10.654 0.454
1917 2.03 43.795 5.113
1918 6.424 41.789 16.28
1919 9.229 27.874 30.293
1920 8.01 2.839 25.331
1921 4.139 28.68 7.291
1922 5.55 47.119 6.761
1923 2.202 22.805 34.456
1924 6.669 17.998 43.639
1925 5.251 47.19 32.375
1926 8.709 25.59 34.342
1927 4.397 29.62 15.102
1928 9.279 33.366 45.668
1929 9.695 1.328 18.852
1930 6.766 4.113 0.343
1931 7.355 30.163 29.374
1932 6.298 6.203 17.1
1933 8.874 10.955 22.989
1934 3.981 6.458 17.16
1935 6.358 19.678 24.78
1936 6.577 1.611 8.843
1937 6.816 37.988 36.9
1938 7.345 33.979 22.958
1939 9.089 42.923 42.991
1940 9.487 1.606 37.553
1941 5.24 20.939 9.729
1942 9.093 2.06 7.152
1943 2.589 8.874 38.042
1944 6.584 19.115 20.067
1945 8.959 39.244 15.596
1946 4.641 4.037 7.141
1947 3.496 20.593 17.122
1948 8.852 4.673 46.614
1949 9.349 11.414 45.295
1950 9.69 1.044 9.651
1951 3.653 24.571 3.928
1952 2.16 42.884 7.624
1953 7.447 26.518 12.452
1954 2.654 23.724 13.745
1955 4.027 25.63 6.159
1956 8.363 39.202 3.11
1957 2.979 6.173 17.858
1958 2.122 5.61 38.342
1959 6.739 27.066 22.042
1960 9.107 41.641 44.882
1961 3.136 17.686 5.481
1962 7.534 22.533 25.396
1963 8.889 3.918 32.94
1964 3.049 8.837 32.979
1965 6.342 17.182 32.025
1966 2.549 6.877 4.678
1967 5.334 11.841 21.03
1968 6.89 11.31 14.67
1969 7.821 4.796 27.611
1970 7.152 23.282 47.258
1971 3.878 5.516 20.619
1972 2.222 5.218 33.608
1973 7.917 20.017 13.149
1974 5.44 7.285 17.072
1975 4.447 35.748 46.864
1976 8.44 46.354 20.638
1977 7.289 42.581 4.73
1978 8.844 42.206 26.382
1979 6.791 19.476 29.583
1980 4.952 19.557 45.18
1981 7.418 34.506 46.599
1982 9.385 29.203 18.918
1983 4.328 21.388 12.38
1984 5.04 37.604 33.418
1985 3.198 8.202 46.724
1986 2.746 7.95 34.483
1987 5.107 37.998 30.194
1988 6.249 15.831 37.922
1989 2.144 28.997 18.382
1990 8.026 46.001 32.03
1991 3.488 23.365 13.746
1992 5.887 0.62 30.575
1993 7.852 12.765 1.649
1994 3.408 17.465 27.359
1995 8.931 21.783 27.894
1996 7.682 33.52 24.521
1997 7.762 35.496 35.16
1998 3.499 44.784 0.698
1999 4.694 20.476 0.901
2000 2.148 1.564 32.941
2001 8.072 0.822 9.782
2002 3.586 9.7 5.219
2003 2.584 39.026 32.85
2004 5.636 11.798 28.775
2005 2.198 11.014 32.034
2006 5.968 30.991 15.402
2007 5.553 40.671 28.172
2008 8.758 39.399 10.938
2009 5.692 12.163 34.161
2010 6.355 41.364 2.565
2011 7.953 5.45 32.332
2012 5.717 47.587 35.376
2013 9.018 12.347 7.703
2014 8.484 4.173 28.043
2015 3.852 28.593 42.926
2016 8.93 31.639 45.699
2017 6.199 15.651 39.202
2018 3.703 44.005 12.283
2019 4.866 7.059 31.08
2020 3.519 21.446 28.815
2021 5.804 36.632 31.018
2022 3.693 44.75 24.869
2023 9.084 43.114 31.863
2024 3.027 41.679 11.966
2025 4.331 22.445 8.781
2026 6.656 34.028 8.636
2027 8.864 29.15 17.041
2028 3.311 35.768 32.81
2029 8.885 27.595 46.113
2030 2.542 4.026 18.169
2031 3.587 26.655 45.391
2032 3.179 21.596 19.751
2033 3.247 5.68 15.579
2034 2.969 30.488 31.134
2035 4.85 12.455 24.201
2036 8.664 25.546 36.296
2037 5.619 15.62 39.146
2038 4.944 36.76 14.058
2039 8.627 2.24 15.533
2040 9.458 4.565 10.256
2041 7.894 18.21 38.477
2042 6.15 7.388 40.812
2043 4.907 16.158 19.324
2044 5.593 26.508 42.884
2045 7.702 34.488 27.345
2046 6.013 13.466 4.576
2047 4.918 36.824 15.092
2048 8.228 10.286 11.312
2049 3.224 37.729 44.06
2050 3.887 12.353 28.784
2051 5.046 17.68 12.386
2052 8.449 8.286 2.097
2053 8.393 29.407 44.388
2054 4.034 29.713 23.12
2055 9.675 35.952 25.909
2056 3.402 0.392 3.1
2057 7.937 7.445 29.899
2058 3.718 11.93 46.169
2059 7.668 38.448 35.833
2060 8.997 18.641 18.808
2061 2.498 44.747 2.327
2062 7.449 2.874 39.164
2063 7.678 17.161 12.153
2064 3.148 22.786 34.695
2065 1.951 14.827 42.797
2066 5.983 2.019 12.749
2067 4.493 34.224 27.519
2068 8.385 21.242 5.213
2069 7.62 36.922 16.764
2070 6.165 29.889 22.529
2071 7.671 33.265 10.208
2072 7.996 19.672 38.14
2073 9.028 44.738 2.289
2074 9.516 44.482 37.722
2075 8.317 11.954 30.121
2076 6.709 39.327 23.158
2077 3.618 7.67 41.621
2078 6.997 43.987 46.104
2079 9.438 12.515 7.658
2080 3.437 44.458 42.128
2081 5.964 3.746 19.471
2082 4.177 29.804 0.966
2083 3.891 3.994 30.234
2084 3.363 19.224 8.673
2085 7.623 20.521 31.614
2086 2.349 35.953 31.032
2087 5.004 7.17 17.59
2088 2.907 10.672 27.618
2089 4.411 39.23 32.86
2090 7.407 6.652 10.393
2091 6.585 13.411 27.322
2092 8.327 41.093 43.127
2093 8.913 47.589 13.472
2094 3.857 14.66 32.319
2095 5.567 25.111 23.815
2096 9.138 29.4 9.47
2097 3.153 7.506 25.197
2098 9.036 24.305 1.471
2099 2.035 31.047 10.61
2100 7.491 15.152 30.825
2101 8.307 10.642 16.713
2102 3.946 19.234 19.452
2103 5.81 5.391 19.533
2104 4.02 43.696 4.183
2105 4.565 16.22 26.88
2106 9.633 35.718 26.351
2107 7.122 47.773 6.317
2108 2.906 11.337 40.849
2109 6.851 30.524 5.378
2110 9.564 45.274 33.157
2111 2.166 14.633 31.723
2112 8.189 23.534 10.68
2113 5.41 32.575 6.4
2114 6.222 32.213 11.934
2115 6.066 13.652 14.663
2116 3.1 6.142 19.082
2117 3.858 22.573 5.516
2118 4.491 42.438 20.913
2119 2.495 18.287 0.932
2120 7.967 9.708 33.004
2121 6.281 6.531 37.139
2122 5.663 20.665 47.767
2123 8.668 40.689 29.1
2124 3.871 43.1 24.935
2125 3.677 38.376 25.017
2126 8.321 20.067 24.309
2127 8.945 10.961 43.93
2128 5.363 39.5 39.097
2129 5.53 28.453 30.758
2130 3.918 4.829 38.566
2131 6.097 29.054 3.412
2132 8.627 20.459 38.01
2133 3.125 46.309 38.6
2134 7.453 33.42 25.42
2135 8.039 46.349 24.657
2136 3.647 0.364 25.172
2137 5.561 32.57 5.589
2138 5.665 42.483 37.697
2139 7.655 6.695 25.103
2140 3.188 1.83 38.173
2141 2.733 17.921 37.55
2142 4.462 30.433 25.727
2143 6.921 6.514 41.741
2144 3.553 42.949 38.836
2145 7.393 10.704 16.752
2146 5.453 46.765 45.121
2147 3.844 33.779 32.042
2148 8.205 3.899 4.826
2149 2.057 11.034 44.054
2150 8.365 0.584 36.126
2151 7.797 35.767 35.829
2152 2.628 24.038 46.859
2153 5.066 33.838 44.457
2154 3.203 19.684 39.855
2155 2.663 9.0 40.555
2156 3.121 20.451 0.433
2157 4.178 23.214 11.885
2158 3.645 22.071 23.491
2159 9.588 14.243 41.718
2160 2.532 32.683 45.488
2161 6.485 16.487 5.958
2162 5.295 18.573 5.638
2163 9.481 33.743 34.472
2164 3.426 46.313 22.688
2165 2.25 14.727 15.131
2166 7.955 9.092 5.113
2167 9.507 36.82 44.159
2168 2.926 37.151 36.551
2169 2.679 32.422 17.067
2170 3.062 10.125 41.479
2171 2.696 18.939 16.919
2172 7.079 35.785 8.427
2173 9.188 8.804 27.86
2174 5.742 28.771 8.205
2175 3.327 5.974 11.844
2176 7.206 41.477 15.126
2177 3.865 37.077 1.941
2178 8.026 14.92 8.407
2179 8.585 4.631 44.912
2180 6.928 12.185 44.931
2181 9.014 2.707 21.813
2182 9.427 8.89 11.597
2183 9.381 43.272 17.246
2184 5.943 39.51 26.4
2185 9.251 15.691 3.618
2186 8.185 39.264 10.279
2187 6.926 42.514 38.217
2188 6.7 1.668 26.781
2189 4.288 10.678 36.941
2190 3.151 41.254 43.922
2191 8.631 28.599 28.073
2192 3.466 32.604 31.114
2193 7.739 12.632 44.771
2194 6.432 12.904 0.694
2195 7.927 43.77 30.927
2196 2.381 40.939 9.842
2197 4.865 10.41 3.239
2198 9.318 30.043 29.308
2199 3.769 4.267 31.995
2200 2.427 29.661 42.702
2201 5.55 16.404 27.176
2202 8.656 40.797 44.323
2203 3.185 18.108 13.22
2204 2.814 28.18 30.012
2205 5.16 46.63 5.419
2206 4.615 1.032 45.008
2207 2.727 28.439 45.878
2208 4.494 11.562 13.31
2209 8.079 40.728 7.487
2210 8.549 17.426 19.631
2211 4.201 40.945 36.694
2212 8.029 37.58 44.949
2213 5.596 3.044 34.827
2214 9.185 36.86 3.557
2215 7.275 36.869 7.62
2216 8.156 34.93 19.651
2217 3.853 35.431 35.918
2218 3.393 19.302 27.224
2219 6.445 43.853 24.588
2220 5.065 32.323 31.378
2221 3.076 4.618 14.988
2222 9.503 36.951 18.627
2223 7.261 3.614 0.325
2224 6.339 32.496 19.478
2225 3.392 11.672 20.69
2226 5.676 36.84 26.851
2227 3.006 18.336 3.91
2228 1.94 4.911 1.417
2229 9.143 18.797 43.523
2230 1.94 35.023 11.459
2231 8.723 31.568 20.567
2232 2.912 27.498 21.16
2233 6.375 45.813 41.91
2234 6.643 47.48 19.784
2235 6.402 34.2 40.473
2236 9.034 15.699 19.357
2237 7.872 0.4 41.2
2238 2.578 24.233 5.638
2239 4.204 38.506 42.069
2240 5.195 15.444 25.872
2241 8.905 11.938 18.138
2242 5.127 19.048 46.197
2243 5.934 1.91 44.561
2244 8.434 44.972 42.262
2245 7.688 30.815 10.396
2246 2.474 0.446 35.223
2247 1.965 40.182 31.247
2248 8.694 34.949 16.382
2249 6.04 10.192 4.066
2250 2.66 25.558 15.888
2251 6.502 8.882 29.37
2252 2.535 23.458 14.585
2253 5.171 16.569 40.23
2254 5.476 29.8 18.847
2255 2.628 23.808 44.385
2256 5.486 32.479 33.29
2257 1.975 35.348 6.823
2258 7.388 36.298 17.166
2259 9.594 6.023 13.484
2260 6.47 0.813 9.281
2261 2.946 23.393 15.023
2262 5.609 17.657 7.595
2263 8.606 21.191 28.797
2264 2.416 33.807 11.173
2265 3.262 6.394 5.189
2266 7.689 41.033 9.576
2267 2.295 1.761 3.186
2268 7.109 5.034 28.441
2269 6.616 5.253 43.962
2270 2.108 8.996 8.314
2271 9.391 31.286 9.611
2272 7.256 4.919 34.682
2273 2.051 3.496 18.001
2274 5.07 25.573 7.949
2275 4.372 19.488 7.033
2276 9.063 1.053 42.671
2277 8.961 25.584 10.24
2278 4.345 37.489 2.267
2279 3.163 30.013 23.505
2280 8.555 0.585 30.148
2281 6.126 28.289 42.494
2282 6.39 47.651 46.184
2283 8.838 35.834 47.408
2284 4.871 38.807 5.642
2285 1.945 11.724 40.288
2286 5.19 16.59 39.732
2287 6.523 41.172 41.095
2288 5.574 42.344 29.991
2289 7.94 1.822 28.868
2290 4.289 8.533 9.142
2291 9.654 20.757 26.753
2292 3.608 7.362 9.033
2293 4.112 37.579 1.43
2294 4.919 15.966 26.523
2295 7.878 38.884 17.673
2296 2.847 24.716 19.39
2297 3.567 34.098 6.346
2298 4.34 34.294 12.122
2299 2.622 8.956 3.011
2300 4.299 13.111 47.486
2301 4.602 25.517 20.535
2302 6.704 34.939 3.752
2303 7.099 29.556 4.736
2304 3.28 40.113 45.752
2305 9.424 45.329 44.76
2306 5.283 28.705 45.418
2307 8.285 36.831 26.309
2308 4.835 25.573 38.356
2309 3.963 43.845 1.916
2310 6.344 37.985 6.922
2311 3.754 13.297 35.367
2312 7.057 32.75 26.364
2313 2.772 41.224 38.374
2314 6.404 1.663 1.136
2315 7.745 11.74 5.692
2316 6.724 16.692 44.142
2317 4.089 43.759 17.824
2318 2.315 18.06 17.001
2319 7.782 3.229 14.206
2320 8.516 24.208 23.758
2321 7.379 13.558 15.521
2322 4.356 20.824 37.361
2323 6.011 43.739 45.302
2324 3.957 41.056 38.687
2325 2.069 29.802 3.494
2326 6.496 14.882 16.556
2327 3.042 31.061 6.372
2328 7.819 39.169 40.938
2329 6.765 34.231 46.245
2330 5.531 23.937 36.76
2331 8.29 44.541 34.372
2332 5.324 43.543 40.457
2333 7.351 37.129 7.866
2334 2.113 40.807 3.341
2335 4.249 9.548 16.521
2336 2.744 20.288 47.148
2337 2.117 22.015 10.377
2338 3.323 17.236 44.338
2339 9.385 37.528 13.146
2340 5.28 30.793 7.431
2341 3.266 18.844 23.248
2342 4.949 47.201 18.814
2343 5.492 31.878 43.839
2344 7.717 28.587 29.037
2345 9.355 35.681 25.114
2346 8.207 34.445 40.341
2347 7.828 10.334 14.172
2348 4.898 6.95 28.079
2349 2.651 39.873 4.425
2350 2.085 20.29 8.3
2351 8.368 41.334 16.768
2352 3.966 42.317 11.653
2353 2.114 15.953 16.683
2354 6.778 3.202 32.088
2355 4.022 31.251 20.056
2356 5.851 36.162 41.013
2357 5.777 30.856 32.215
2358 5.025 45.207 26.793
2359 7.674 21.901 1.539
2360 4.124 23.169 3.906
2361 7.374 46.351 1.953
2362 7.796 4.369 17.306
2363 5.475 46.839 34.844
2364 3.797 30.101 23.552
2365 3.882 38.139 35.422
2366 3.504 19.849 46.623
2367 3.792 34.802 13.277
2368 6.481 37.689 21.95
2369 9.348 5.211 46.657
2370 8.0 40.88 12.391
2371 9.659 36.733 46.407
2372 3.363 42.228 17.591
2373 7.992 35.621 26.825
2374 6.354 13.658 18.076
2375 5.63 0.987 25.877
2376 4.627 21.455 5.797
2377 2.009 11.144 0.288
2378 4.979 28.987 35.806
2379 7.344 1.366 13.58
2380 9.257 3.668 28.364
2381 4.917 47.678 2.085
2382 3.369 26.694 2.045
2383 6.13 20.993 17.093
2384 9.57 5.97 26.647
2385 3.529 16.002 22.53
2386 8.558 1.893 11.67
2387 7.722 17.617 17.561
2388 6.807 31.448 17.068
2389 7.124 12.484 25.902
2390 4.024 45.139 13.834
2391 4.67 14.847 30.355
2392 3.146 24.234 13.247
2393 6.63 23.667 21.225
2394 6.437 5.41 41.253
2395 5.733 44.459 16.717
2396 2.64 39.61 29.116
2397 4.338 37.095 26.014
2398 3.962 15.128 7.539
2399 9.624 45.554 37.367
2400 4.137 22.701 10.84
2401 2.072 42.643 3.996
2402 3.143 32.795 6.382
2403 9.183 30.311 4.275
2404 6.138 36.284 7.673
2405 3.184 19.16 35.288
2406 8.22 44.811 33.045
2407 7.643 33.169 31.907
2408 9.513 41.91 29.194
2409 7.136 13.221 4.753
2410 2.853 36.066 18.692
2411 8.484 17.313 27.244
2412 7.406 32.336 19.939
2413 4.571 39.465 31.478
2414 9.501 27.664 42.935
2415 7.356 4.05 30.472
2416 6.215 17.364 6.838
2417 4.679 23.76 27.474
2418 6.146 2.583 2.189
2419 5.275 20.985 13.662
2420 6.001 2.866 39.236
2421 6.16 8.82 14.095
2422 2.395 26.31 13.681
2423 4.218 0.421 39.15
2424 7.14 2.683 22.487
2425 7.708 24.144 13.242
2426 7.096 10.533 10.368
2427 8.595 41.352 24.244
2428 5.215 18.914 36.564
2429 9.129 31.911 26.227
2430 8.308 35.023 32.525
2431 2.837 41.0 34.632
2432 2.326 21.569 26.076
2433 2.612 43.551 40.838
2434 2.293 5.308 22.015
2435 3.338 23.594 21.312
2436 4.759 27.782 11.202
2437 3.923 37.306 25.477
2438 2.417 34.097 9.466
2439 6.202 44.413 3.067
2440 5.67 8.762 3.76
2441 6.973 15.868 15.309
2442 3.637 28.199 5.809
2443 8.924 35.422 4.847
2444 4.632 42.745 46.063
2445 8.241 10.364 15.886
2446 3.246 12.329 43.868
2447 3.453 7.155 38.005
2448 7.099 45.325 21.1
2449 8.921 19.415 47.49
2450 8.682 43.791 15.67
2451 7.734 46.753 17.127
2452 6.273 40.144 43.487
2453 4.855 17.227 31.579
2454 9.133 17.006 18.66
2455 3.781 17.855 41.554
2456 2.163 15.609 26.01
2457 5.294 43.977 18.659
2458 3.683 38.58 4.21
2459 6.019 31.713 19.411
2460 6.555 36.655 37.236
2461 8.857 9.636 26.503
2462 8.447 5.944 46.433
2463 7.451 25.357 43.285
2464 5.192 4.901 4.24
2465 2.04 32.31 1.21
2466 8.223 18.53 1.428
2467 9.415 25.181 2.976
2468 7.561 4.935 34.589
2469 7.927 14.436 10.178
2470 8.237 2.595 13.87
2471 9.603 43.454 7.067
2472 6.823 5.555 32.5
2473 8.834 14.565 20.102
2474 3.767 22.538 33.739
2475 3.047 22.899 17.739
2476 5.109 23.983 28.593
2477 8.507 16.217 42.8
2478 8.303 15.967 2.885
2479 2.788 36.802 27.144
2480 6.682 31.692 26.168
2481 4.643 22.854 33.881
2482 3.061 9.763 25.148
2483 2.033 11.406 22.828
2484 8.67 27.941 34.794
2485 4.17 9.059 47.255
2486 5.007 9.916 37.033
2487 4.025 30.376 29.447
2488 5.684 29.152 25.23
2489 9.376 13.566 32.72
2490 3.551 8.715 0.772
2491 5.849 40.333 22.373
2492 3.847 24.094 2.591
2493 9.204 10.069 20.761
2494 7.548 9.876 8.486
2495 4.318 9.122 43.707
2496 6.43 3.235 23.401
2497 8.008 5.432 36.314
2498 2.126 3.882 45.982
2499 8.26 23.405 38.306
2500 4.998 15.979 43.113
2501 9.121 9.628 3.874
2502 3.08 34.534 36.409
2503 6.724 45.744 32.523
2504 9.425 35.087 32.816
2505 4.431 37.527 0.75
2506 8.151 15.551 29.968
2507 8.605 15.078 8.973
2508 7.754 3.859 31.337
2509 6.784 13.875 15.877
2510 6.926 22.944 43.002
2511 4.793 8.82 2.177
2512 3.999 31.248 10.591
2513 8.711 3.864 45.158
2514 2.936 2.98 32.524
2515 3.323 40.384 11.88
2516 6.335 13.428 10.949
2517 3.73 31.227 0.477
2518 8.498 3.301 3.336
2519 4.605 10.451 32.701
2520 8.137 21.568 45.693
2521 5.45 40.638 23.675
2522 7.779 16.619 9.945
2523 6.93 22.388 16.401
2524 5.519 24.244 39.813
2525 5.432 7.293 4.382
2526 7.274 34.954 38.529
2527 5.126 16.694 17.851
2528 6.919 20.51 10.336
2529 8.5 1.191 22.452
2530 2.741 43.712 7.744
2531 9.526 4.163 47.31
2532 7.623 27.851 43.903
2533 6.617 36.329 40.132
2534 2.197 33.664 29.022
2535 2.268 7.774 16.858
2536 8.838 17.869 4.522
2537 5.684 28.787 37.316
2538 6.143 39.115 27.36
2539 2.577 21.496 45.828
2540 4.263 36.08 41.027
2541 3.393 5.312 3.474
2542 8.293 16.395 13.541
2543 4.993 19.581 8.741
2544 2.153 25.318 7.012
2545 2.188 12.946 33.501
2546 8.348 8.028 9.752
2547 7.173 34.009 19.894
2548 6.56 43.431 45.605
2549 6.829 8.521 32.476
2550 5.715 44.034 37.323
2551 4.058 46.579 29.789
2552 3.199 7.101 19.447
2553 9.047 47.227 5.71
2554 8.896 8.728 18.808
2555 9.452 25.101 41.16
2556 6.564 12.323 6.641
2557 1.989 17.203 17.215
2558 3.552 45.701 30.358
2559 8.364 8.91 16.892
2560 8.158 41.382 13.448
2561 9.088 4.723 13.024
2562 2.202 32.667 6.608
2563 8.246 8.934 16.083
2564 3.95 3.202 25.356
2565 2.403 2.681 40.369
2566 2.38 1.364 22.098
2567 2.364 32.339 45.207
2568 4.482 7.966 11.328
2569 4.31 6.274 15.453
2570 2.281 41.474 12.58
2571 7.879 33.953 4.865
2572 2.618 2.527 22.744
2573 9.325 8.818 13.104
2574 1.985 14.904 7.66
2575 8.246 21.344 40.556
2576 7.769 37.137 26.639
2577 3.751 28.002 5.581
2578 3.59 24.223 47.495
2579 6.289 27.724 17.611
2580 4.305 12.669 30.747
2581 3.642 33.039 40.991
2582 5.457 32.486 26.495
2583 2.045 37.123 3.028
2584 7.933 47.084 15.571
2585 9.428 17.645 32.084
2586 8.297 9.881 20.999
2587 4.097 35.947 33.701
2588 4.311 5.361 16.362
2589 4.458 36.958 1.736
2590 2.127 20.593 40.547
2591 8.264 0.5 33.342
2592 9.312 31.108 11.39
2593 2.896 35.007 37.631
2594 8.68 39.816 29.662
2595 6.394 21.856 25.368
2596 2.072 45.445 39.73
2597 9.025 4.273 31.842
2598 7.208 10.322 8.945
2599 5.249 33.161 29.153
2600 7.138 14.391 2.693
2601 6.227 25.09 12.46
2602 9.692 37.78 39.716
2603 6.241 26.322 35.051
2604 8.995 1.514 23.981
2605 3.036 10.692 41.878
2606 5.568 32.215 11.607
2607 6.984 37.876 47.031
2608 5.511 8.884 29.324
2609 4.162 40.851 17.555
2610 7.856 39.591 44.094
2611 9.157 6.148 46.065
2612 5.597 17.603 25.926
2613 5.465 11.614 9.43
2614 9.413 10.07 37.904
2615 2.356 9.848 31.273
2616 8.725 29.513 32.444
2617 2.43 5.12 45.191
2618 6.863 37.007 23.456
2619 5.311 12.379 4.91
2620 6.81 16.05 41.123
2621 5.934 37.815 41.905
2622 2.559 27.309 27.162
2623 5.482 13.943 38.392
2624 5.876 26.104 29.601
2625 6.355 5.453 41.464
2626 9.55 42.243 10.508
2627 3.947 16.101 20.342
2628 3.467 13.538 11.212
2629 7.523 31.591 40.109
2630 9.557 5.664 25.271
2631 4.379 29.562 23.408
2632 8.652 31.485 44.262
2633 7.212 31.29 30.432
2634 7.333 24.391 15.518
2635 5.479 41.025 11.952
2636 7.467 42.24 5.97
2637 7.543 39.969 35.385
2638 8.626 24.746 38.185
2639 6.192 11.345 17.749
2640 5.224 41.463 43.514
2641 2.432 36.665 5.995
2642 5.146 18.8 7.924
2643 5.997 24.93 28.846
2644 9.233 28.136 32.111
2645 9.513 40.888 11.229
2646 4.656 24.947 32.88
2647 6.818 38.786 14.776
2648 2.229 37.191 12.584
2649 2.304 10.892 4.818
2650 7.919 4.906 7.437
2651 5.063 15.402 34.442
2652 4.853 15.102 18.412
2653 8.72 43.092 13.139
2654 6.6 27.047 12.933
2655 4.487 4.463 21.699
2656 7.681 43.095 8.895
2657 8.627 4.415 15.098
2658 6.31 17.016 22.338
2659 8.822 46.671 20.249
2660 3.725 21.271 25.84
2661 2.989 25.43 7.463
2662 4.362 0.8 0.382
2663 5.718 26.33 22.535
2664 7.752 27.791 46.486
2665 8.539 8.779 47.711
2666 6.885 5.113 28.365
2667 2.643 22.101 34.85
2668 9.216 31.117 22.952
2669 9.117 46.732 8.18
2670 8.363 15.573 9.925
2671 8.794 24.785 41.883
2672 5.189 32.849 46.822
2673 5.33 24.302 22.141
2674 2.227 28.967 37.366
2675 2.697 12.744 41.073
2676 4.035 12.47 7.612
2677 3.963 28.808 39.841
2678 8.801 8.142 32.125
2679 9.02 34.776 9.178
2680 4.759 47.057 21.691
2681 4.528 36.927 1.433
2682 2.375 4.896 27.198
2683 4.48 34.414 0.503
2684 7.57 47.698 44.304
2685 6.908 39.814 10.358
2686 5.116 13.449 10.813
2687 9.284 43.804 8.559
2688 3.144 0.305 45.95
2689 4.19 43.031 6.78
2690 5.129 39.17 16.897
2691 2.66 41.353 11.305
2692 2.293 41.305 38.008
2693 2.426 5.766 16.986
2694 2.187 22.874 12.695
2695 4.657 22.78 14.611
2696 5.833 11.103 9.552
2697 7.375 42.499 5.22
2698 7.789 44.407 35.875
2699 7.789 13.912 1.278
2700 2.244 27.242 42.26
2701 5.096 19.019 28.139
2702 6.796 2.586 35.319
2703 9.313 41.572 38.329
2704 3.682 21.181 4.775
2705 4.933 43.747 3.691
2706 6.043 1.951 38.732
2707 2.761 12.972 45.185
2708 6.928 18.729 13.829
2709 3.576 6.693 30.831
2710 7.504 44.563 32.852
2711 3.91 46.56 19.672
2712 3.24 34.236 35.468
2713 8.445 30.077 14.452
2714 9.551 40.553 23.37
2715 8.018 42.608 22.332
2716 8.508 47.58 0.865
2717 5.239 5.511 44.428
2718 6.992 6.091 4.847
2719 6.88 18.525 42.84
2720 7.568 22.937 18.542
2721 3.391 16.115 29.729
2722 8.029 46.427 40.054
2723 7.287 23.553 25.481
2724 6.081 46.772 4.394
2725 4.16 0.312 13.693
2726 6.875 4.621 22.837
2727 4.485 22.923 38.327
2728 3.581 12.729 6.906
2729 2.991 27.014 3.074
2730 4.053 38.411 23.903
2731 9.655 29.352 40.963
2732 4.885 17.962 28.399
2733 3.179 38.698 3.126
2734 7.757 7.226 47.576
2735 8.325 11.827 5.465
2736 6.061 18.652 8.155
2737 1.983 19.366 45.914
2738 2.361 18.413 41.259
2739 4.815 24.565 8.936
2740 9.204 20.878 47.358
2741 6.266 31.047 24.941
2742 7.484 1.804 39.296
2743 5.169 27.213 37.874
2744 6.792 16.791 47.662
2745 9.644 40.597 36.353
2746 2.329 6.667 30.167
2747 8.686 34.328 9.91
2748 9.262 5.393 22.985
2749 6.613 20.225 17.517
2750 2.335 13.429 17.464
2751 4.21 25.118 37.067
2752 3.165 30.871 18.608
2753 4.006 8.224 9.052
2754 4.885 11.835 14.297
2755 7.428 1.781 21.315
2756 5.54 22.139 23.236
2757 9.677 26.598 13.959
2758 6.052 21.389 24.151
2759 8.027 22.295 36.374
2760 8.65 31.479 5.659
2761 8.623 27.949 39.129
2762 6.948 46.362 38.233
2763 3.684 11.43 18.711
2764 5.903 41.672 4.802
2765 2.795 32.976 20.485
2766 3.386 14.387 21.749
2767 3.941 47.0 37.411
2768 8.802 20.745 43.135
2769 4.458 43.381 2.313
2770 2.206 12.217 44.869
2771 7.768 28.421 11.725
2772 7.152 16.579 24.248
2773 3.286 37.018 9.574
2774 3.507 10.099 44.464
2775 8.505 25.179 12.031
2776 3.972 0.981 40.656
2777 2.639 24.941 38.413
2778 2.203 47.161 1.998
2779 9.354 24.067 36.138
2780 3.225 3.107 26.184
2781 7.036 20.369 37.874
2782 4.649 40.079 35.482
2783 7.717 28.084 30.887
2784 6.532 5.878 9.893
2785 2.134 7.8 38.289
2786 8.136 27.006 17.407
2787 5.648 28.19 39.089
2788 4.086 46.781 11.754
2789 5.867 38.162 0.922
2790 3.826 10.814 25.635
2791 2.685 17.476 26.747
2792 2.558 36.95 41.126
2793 9.479 13.726 1.035
2794 3.483 26.47 36.424
2795 8.332 27.921 12.269
2796 2.048 8.924 45.821
2797 6.791 41.662 9.245
2798 2.489 32.588 36.76
2799 2.449 31.331 39.36
2800 7.044 47.461 36.943
2801 2.239 5.973 32.268
2802 3.779 33.972 19.349
2803 4.998 0.791 41.61
2804 8.706 28.676 4.953
2805 7.212 31.981 30.677
2806 5.332 9.13 10.239
2807 6.052 44.442 27.983
2808 4.646 42.206 27.655
2809 2.537 14.277 12.797
2810 4.207 3.643 46.229
2811 6.808 4.459 1.182
2812 5.623 24.028 21.059
2813 2.391 39.688 7.214
2814 7.14 8.657 26.638
2815 8.831 33.307 37.032
2816 2.597 35.347 43.15
2817 6.564 29.84 2.627
2818 8.445 40.283 15.886
2819 2.367 9.762 4.75
2820 3.88 13.242 26.993
2821 2.485 13.07 25.904
2822 6.929 26.681 11.391
2823 3.437 21.571 3.589
2824 7.846 21.513 7.094
2825 9.632 47.447 26.917
2826 3.828 22.72 39.742
2827 3.021 31.639 14.321
2828 7.423 36.496 26.366
2829 5.631 36.636 27.036
2830 4.711 37.458 36.737
2831 5.896 12.306 39.192
2832 6.839 10.626 23.272
2833 8.034 30.199 36.203
2834 2.786 43.281 12.513
2835 3.002 20.157 5.659
2836 4.837 19.441 42.438
2837 6.798 9.621 0.352
2838 3.403 4.419 39.739
2839 7.877 31.332 15.972
2840 6.919 15.906 14.884
2841 6.958 1.966 46.867
2842 5.806 13.267 44.088
2843 6.751 27.552 22.288
2844 7.138 43.327 31.999
2845 8.339 46.803 36.457
2846 6.981 21.724 17.939
2847 2.572 2.138 6.347
2848 3.222 35.468 30.677
2849 6.334 13.579 35.915
2850 1.974 16.791 32.361
2851 7.731 20.23 3.01
2852 3.416 22.312 35.366
2853 5.218 31.137 35.927
2854 6.596 6.288 41.333
2855 5.977 26.461 3.011
2856 3.902 0.317 45.534
2857 8.324 23.566 5.461
2858 8.095 42.937 42.069
2859 5.439 20.715 25.281
2860 7.696 5.244 31.909
2861 9.179 17.154 22.219
2862 9.03 7.856 14.603
2863 2.831 16.016 23.295
2864 8.03 39.223 17.386
2865 5.171 5.468 12.779
2866 8.844 35.481 44.311
2867 8.89 35.808 31.371
2868 9.567 43.928 24.616
2869 2.466 24.414 21.19
2870 7.058 25.367 22.918
2871 2.92 38.53 14.184
2872 4.471 21.148 38.071
2873 2.239 40.155 3.516
2874 3.635 2.327 25.834
2875 9.69 29.926 6.375
2876 6.821 41.841 41.932
2877 3.109 47.056 44.814
2878 5.15 32.442 40.211
2879 9.416 43.277 38.08
2880 7.03 30.779 45.54
2881 7.86 46.482 42.166
2882 8.935 36.83 28.853
2883 9.529 6.921 1.141
2884 8.058 33.93 2.174
2885 9.119 41.181 4.998
2886 4.978 46.988 39.305
2887 6.496 16.93 31.451
2888 3.797 19.656 19.962
2889 5.305 40.618 47.752
2890 8.968 23.34 41.721
2891 9.23 30.983 34.846
2892 4.525 34.579 20.76
2893 6.854 14.695 6.475
2894 7.951 11.991 41.312
2895 2.183 40.953 41.903
2896 8.254 5.197 6.396
2897 4.618 16.624 31.565
2898 5.549 34.918 3.908
2899 3.821 13.727 27.291
2900 7.627 22.983 39.667
2901 4.849 1.017 27.068
2902 7.18 28.552 1.479
2903 9.479 11.768 41.339
2904 5.133 10.519 34.26
2905 6.687 11.999 21.355
2906 5.295 11.162 6.934
2907 4.018 23.014 29.982
2908 2.737 30.399 41.606
2909 4.372 11.269 32.394
2910 5.203 42.532 24.874
2911 2.238 19.54 21.578
2912 3.115 37.712 43.807
2913 7.906 45.488 12.071
2914 5.345 36.428 12.604
2915 9.217 45.816 14.436
2916 8.657 40.82 25.403
2917 7.891 35.141 30.162
2918 5.939 37.827 19.637
2919 8.255 23.686 13.994
2920 4.344 28.178 24.646
2921 9.661 22.124 14.475
2922 4.749 35.505 5.381
2923 3.185 38.794 17.97
2924 3.553 3.282 45.511
2925 2.997 28.38 40.121
2926 8.454 37.654 35.749
2927 2.714 31.672 24.501
2928 4.901 36.421 27.865
2929 5.11 1.822 9.439
2930 5.465 0.458 44.128
2931 8.168 35.291 41.909
2932 2.779 3.301 1.763
2933 3.775 17.666 8.095
2934 5.385 36.514 14.286
2935 5.907 47.159 26.473
2936 3.505 19.441 4.058
2937 8.131 20.046 10.309
2938 5.029 42.373 36.596
2939 3.093 21.063 26.346
2940 2.795 43.617 12.608
2941 6.045 4.01 22.592
2942 6.838 15.039 14.849
2943 4.213 22.377 5.528
2944 6.0 10.921 42.587
2945 2.455 41.318 35.251
2946 9.165 18.808 10.737
2947 4.708 5.68 45.749
2948 4.368 3.626 45.877
2949 5.792 14.136 20.765
2950 4.646 38.103 35.936
2951 7.903 8.382 28.022
2952 6.944 30.154 7.241
2953 8.822 12.142 44.326
2954 8.393 41.361 36.133
2955 4.44 4.369 0.523
2956 3.33 25.751 5.442
2957 7.286 4.808 2.508
2958 2.891 16.97 6.781
2959 8.653 16.588 0.809
2960 3.006 4.395 1.941
2961 3.583 5.536 32.917
2962 8.015 35.145 29.871
2963 5.084 22.836 0.597
2964 8.425 25.19 40.103
2965 5.845 9.559 20.332
2966 5.445 33.596 11.243
2967 3.133 40.064 45.811
2968 4.748 10.356 28.935
2969 3.987 14.408 27.807
2970 4.494 33.548 4.591
2971 3.367 37.485 32.556
2972 3.133 30.425 32.788
2973 8.798 8.7 1.254
2974 9.169 20.642 14.686
2975 2.156 33.426 18.8
2976 4.491 34.098 47.128
2977 5.409 21.275 27.746
2978 9.537 14.384 42.154
2979 4.971 32.806 32.081
2980 7.962 40.72 4.564
2981 6.407 47.51 2.039
2982 8.844 43.691 21.747
2983 3.056 31.249 19.755
2984 3.951 31.418 11.608
2985 4.736 5.69 40.822
2986 6.256 6.894 28.669
2987 3.239 24.118 44.979
2988 5.636 2.668 22.689
2989 3.089 32.96 25.764
2990 7.79 23.51 46.768
2991 2.39 40.427 23.618
2992 5.112 38.98 19.401
2993 4.17 1.236 46.995
2994 3.573 2.159 31.696
2995 3.587 31.567 35.308
2996 7.215 37.687 37.5
2997 2.292 5.829 13.715
2998 9.6 23.275 17.138
2999 3.042 45.122 22.589
3000 8.272 46.359 43.827
3001 2.782 31.142 34.216
3002 4.847 31.81 41.886
3003 6.386 30.365 40.745
3004 9.148 45.917 26.671
3005 4.217 18.754 24.102
3006 6.573 13.078 40.426
3007 3.305 38.91 31.686
3008 8.507 5.33 34.908
3009 2.046 33.269 8.096
3010 5.256 27.035 45.703
3011 2.396 43.333 41.674
3012 6.784 34.208 47.786
3013 4.046 27.823 22.726
3014 3.218 26.923 21.082
3015 3.201 43.656 27.181
3016 3.988 42.145 7.772
3017 4.049 8.479 18.894
3018 6.083 1.769 41.435
3019 7.108 1.765 34.17
3020 4.908 22.515 17.695
3021 3.055 39.411 17.714
3022 8.327 18.022 46.518
3023 4.555 27.114 32.876
3024 4.875 36.656 21.539
3025 6.255 14.286 13.826
3026 3.005 3.669 25.042
3027 4.959 12.657 25.778
3028 6.306 34.732 4.212
3029 5.002 15.176 18.591
3030 6.455 29.452 22.757
3031 9.658 43.569 26.352
3032 5.141 24.839 16.574
3033 5.589 33.007 20.435
3034 5.202 46.374 4.753
3035 4.465 37.543 4.014
3036 2.664 37.738 22.588
3037 8.626 26.379 7.677
3038 5.858 9.664 16.477
3039 9.468 30.924 45.706
3040 6.515 47.673 25.046
3041 7.964 18.169 38.997
3042 5.055 6.921 4.775
3043 3.94 16.969 9.68
3044 4.97 41.933 28.439
3045 5.89 1.244 33.464
3046 3.416 32.663 26.606
3047 5.745 0.523 22.369
3048 6.681 18.409 28.64
3049 4.943 2.542 4.678
3050 5.083 17.144 5.499
3051 3.903 46.217 21.472
3052 6.383 10.583 8.44
3053 4.635 34.622 32.079
3054 3.694 30.023 13.852
3055 5.709 27.519 29.122
3056 8.35 45.76 5.921
3057 2.227 12.68 10.877
3058 4.26 41.017 17.452
3059 7.671 1.275 39.383
3060 8.398 18.036 42.548
3061 7.679 1.783 38.607
3062 6.349 39.363 29.335
3063 3.979 45.177 19.645
3064 3.36 43.273 15.049
3065 6.725 33.814 43.76
3066 8.731 2.413 38.326
3067 4.484 14.064 15.353
3068 4.902 1.549 1.672
3069 2.915 28.398 18.95
3070 2.113 14.141 15.087
3071 6.155 39.967 42.451
3072 7.647 44.569 22.928
3073 7.012 47.261 29.635
3074 8.676 7.402 6.338
3075 9.294 40.362 1.081
3076 5.151 6.667 33.797
3077 3.881 41.321 33.773
3078 8.144 36.43 26.01
3079 8.296 27.874 3.298
3080 2.648 23.087 23.566
3081 5.089 23.035 24.996
3082 3.932 34.034 5.624
3083 7.849 47.741 2.913
3084 8.545 24.763 11.857
3085 6.052 19.829 33.729
3086 4.355 1.24 33.762
3087 4.283 11.828 36.339
3088 4.52 43.132 10.836
3089 3.401 27.116 1.52
3090 2.26 33.696 16.319
3091 5.395 40.397 29.897
3092 8.82 42.162 26.668
3093 6.519 35.482 44.294
3094 3.654 37.671 13.846
3095 5.415 26.545 30.13
3096 4.187 15.936 2.18
3097 5.176 38.845 1.865
3098 8.297 38.41 41.693
3099 6.679 0.796 17.755
3100 3.786 28.992 38.836
3101 2.128 42.344 10.121
3102 5.491 11.088 30.698
3103 2.966 4.171 6.167
3104 9.468 39.644 43.632
3105 6.531 7.639 9.115
3106 5.385 41.444 5.093
3107 6.328 17.071 25.204
3108 8.649 41.98 3.431
3109 6.746 10.696 20.182
3110 8.297 4.221 39.907
3111 4.551 45.69 15.276
3112 6.796 26.648 13.73
3113 6.176 34.131 38.0
3114 5.1 21.716 2.685
3115 3.857 22.074 30.434
3116 6.078 41.822 37.683
3117 7.734 47.012 27.364
3118 6.02 13.295 13.102
3119 7.538 14.692 31.295
3120 9.414 27.728 14.629
3121 9.217 44.009 6.858
3122 9.515 26.649 41.249
3123 6.152 31.203 21.099
3124 8.427 0.342 21.916
3125 4.137 7.907 36.136
3126 6.748 15.257 23.98
3127 2.644 40.492 39.816
3128 4.161 24.383 16.398
3129 9.489 34.009 13.459
3130 2.171 3.965 22.085
3131 3.45 24.0 38.142
3132 8.068 27.757 5.589
3133 7.665 22.76 1.503
3134 6.586 30.391 35.97
3135 8.466 15.445 14.128
3136 2.062 7.109 10.814
3137 3.766 31.644 37.748
3138 8.365 17.891 44.389
3139 2.391 34.268 44.316
3140 7.572 28.718 13.339
3141 8.223 16.217 45.275
3142 5.748 9.398 39.194
3143 6.23 11.868 8.255
3144 3.228 22.348 39.927
3145 5.735 37.859 38.185
3146 6.599 5.366 38.868
3147 8.22 8.756 0.963
3148 7.967 4.139 4.419
3149 4.907 34.415 47.56
3150 2.341 24.136 12.085
3151 2.829 22.514 43.124
3152 5.009 46.514 16.348
3153 3.962 43.255 8.298
3154 2.425 13.182 11.149
3155 4.833 40.278 24.219
3156 7.224 22.063 25.525
3157 4.707 44.235 37.989
3158 4.733 25.727 21.037
3159 2.832 36.582 18.906
3160 6.002 33.053 23.405
3161 2.833 22.616 8.074
3162 3.966 27.773 8.196
3163 4.922 13.222 24.546
3164 9.127 2.944 32.589
3165 6.034 7.329 28.254
3166 2.142 34.071 19.97
3167 5.741 7.778 10.923
3168 6.407 14.073 5.144
3169 7.766 11.325 23.222
3170 2.866 22.306 7.245
3171 3.85 18.686 28.719
3172 8.001 33.973 23.954
3173 5.595 15.535 25.283
3174 4.417 38.623 40.758
3175 3.247 30.859 26.649
3176 2.438 0.531 45.91
3177 7.321 41.563 29.465
3178 5.4 33.067 28.763
3179 8.781 21.702 27.799
3180 3.257 5.476 1.413
3181 6.494 20.464 25.996
3182 6.471 14.873 44.386
3183 7.963 23.661 15.759
3184 8.21 40.9 1.327
3185 5.322 8.872 5.25
3186 5.191 31.995 37.632
3187 2.871 6.44 39.399
3188 9.281 18.231 0.999
3189 1.985 21.208 14.019
3190 4.398 15.565 32.789
3191 6.481 45.348 44.053
3192 6.189 20.709 40.326
3193 3.984 28.204 42.206
3194 3.303 13.345 19.94
3195 6.571 15.235 21.436
3196 9.169 22.952 1.37
3197 4.721 7.039 11.488
3198 6.213 18.961 26.173
3199 2.88 44.381 35.66
3200 9.27 21.442 8.044
3201 1.954 7.452 2.423
3202 8.641 43.505 8.748
3203 4.587 36.153 16.171
3204 8.624 22.249 41.676
3205 6.707 28.119 22.335
3206 7.025 5.311 9.254
3207 7.972 41.534 39.226
3208 7.04 44.697 36.805
3209 8.988 2.953 19.891
3210 8.669 10.813 38.789
3211 4.167 2.818 45.728
3212 5.34 35.072 45.277
3213 7.072 2.36 1.213
3214 8.285 14.25 3.914
3215 8.243 31.684 32.921
3216 6.842 2.082 2.439
3217 8.332 8.398 36.052
3218 7.375 15.378 27.798
3219 3.031 21.776 20.64
3220 3.34 1.118 34.19
3221 3.684 38.684 10.276
3222 8.622 1.437 37.732
3223 3.502 4.573 16.301
3224 2.393 26.392 25.342
3225 6.994 3.9 34.982
3226 2.273 26.305 6.44
3227 5.065 26.034 43.829
3228 3.545 47.508 22.189
3229 7.191 31.811 3.173
3230 8.569 28.573 18.7
3231 5.521 3.278 42.82
3232 4.645 0.433 37.532
3233 3.992 34.0 44.135
3234 9.629 16.386 16.696
3235 9.233 6.516 3.615
3236 3.161 21.397 32.503
3237 5.828 43.667 20.471
3238 5.629 6.124 14.899
3239 8.196 29.507 30.749
3240 6.269 11.492 25.367
3241 9.412 46.231 1.632
3242 7.327 32.043 43.25
3243 2.248 12.359 27.681
3244 6.715 4.464 28.374
3245 5.777 17.394 24.444
3246 2.319 14.983 42.039
3247 2.739 5.849 45.973
3248 3.116 18.493 34.908
3249 9.128 32.781 23.749
3250 8.166 29.449 47.411
3251 5.084 20.236 9.731
3252 2.801 17.61 16.676
3253 3.618 43.347 21.216
3254 4.761 6.487 45.297
3255 7.641 20.94 45.538
3256 7.853 33.457 41.698
3257 2.371 3.522 36.266
3258 9.048 26.036 47.43
3259 2.862 24.125 44.933
3260 6.948 13.513 16.802
3261 7.432 35.503 4.1
3262 6.421 28.363 2.689
3263 2.967 42.612 16.569
3264 8.536 24.499 24.963
3265 9.595 1.304 41.236
3266 7.442 40.703 12.037
3267 5.351 15.336 32.645
3268 4.309 47.169 33.509
3269 9.012 39.007 34.653
3270 1.961 2.0 17.017
3271 4.691 17.644 10.551
3272 6.139 28.152 17.038
3273 2.836 26.315 39.813
3274 5.119 25.27 32.281
3275 7.924 27.051 27.132
3276 7.807 14.773 47.79
3277 5.473 27.402 2.143
3278 9.047 35.891 2.413
3279 4.483 29.373 39.708
3280 5.22 41.416 27.794
3281 8.13 8.631 34.609
3282 9.256 0.437 40.544
3283 8.779 33.144 23.269
3284 4.807 11.044 31.733
3285 6.056 39.717 28.598
3286 6.377 30.071 21.284
3287 7.973 9.807 15.861
3288 7.187 29.852 27.581
3289 8.594 13.294 28.12
3290 9.27 21.905 21.57
3291 2.827 41.079 9.238
3292 9.352 22.108 43.92
3293 4.651 31.01 4.899
3294 4.379 24.896 33.634
3295 2.381 10.918 36.275
3296 4.044 41.418 39.214
3297 4.62 36.782 13.372
3298 6.016 19.023 44.725
3299 8.237 37.027 34.716
3300 5.179 27.206 31.376
3301 3.871 41.774 26.573
3302 2.341 34.664 24.137
3303 7.509 37.746 22.829
3304 8.614 26.619 19.852
3305 9.298 2.379 19.653
3306 5.042 6.214 12.137
3307 2.121 17.134 29.286
3308 8.743 11.592 38.887
3309 7.353 29.62 19.456
3310 8.723 47.389 38.215
3311 2.659 43.439 16.96
3312 5.119 28.234 9.867
3313 3.744 19.656 35.326
3314 2.94 8.697 26.557
3315 8.895 35.999 36.075
3316 7.122 40.753 44.793
3317 3.493 29.33 31.343
3318 9.021 12.183 8.314
3319 7.568 42.794 18.803
3320 8.614 20.452 29.087
3321 4.504 22.674 30.752
3322 2.984 18.107 24.55
3323 8.425 32.343 41.218
3324 9.417 2.81 27.936
3325 3.496 8.396 13.681
3326 3.617 11.715 30.596
3327 2.464 1.67 16.114
3328 4.116 22.865 24.393
3329 7.156 2.808 25.132
3330 2.129 47.294 23.886
3331 6.146 25.497 36.537
3332 4.949 31.441 47.359
3333 5.591 8.041 7.003
3334 6.75 11.345 45.668
3335 4.017 38.957 31.325
3336 8.278 30.804 1.407
3337 3.646 31.524 16.006
3338 7.27 2.014 17.414
3339 8.703 29.725 45.211
3340 8.816 13.856 42.894
3341 5.493 47.786 29.502
3342 6.555 2.477 0.51
3343 8.603 6.744 19.023
3344 3.009 15.306 42.079
3345 8.351 26.69 39.438
3346 3.295 4.867 32.866
3347 4.05 13.306 6.113
3348 4.01 7.679 37.418
3349 7.358 47.422 7.324
3350 4.634 32.762 20.205
3351 7.392 40.831 42.776
3352 2.723 30.167 21.135
3353 7.026 39.012 15.755
3354 6.83 24.262 46.515
3355 4.917 43.431 13.73
3356 4.981 31.76 42.695
3357 5.445 31.042 23.278
3358 6.259 29.565 25.632
3359 7.019 2.003 30.202
3360 6.703 6.72 42.652
3361 7.11 18.801 34.774
3362 8.231 30.003 7.901
3363 3.703 27.503 37.895
3364 6.422 34.25 6.714
3365 4.89 28.974 21.436
3366 4.896 26.841 31.821
3367 2.237 27.54 23.447
3368 3.764 2.732 15.844
3369 2.339 42.403 41.285
3370 3.712 17.726 3.226
3371 7.483 40.575 47.085
3372 7.784 44.114 5.019
3373 8.966 14.265 10.581
3374 3.337 41.684 47.428
3375 4.481 4.625 20.266
3376 4.312 39.17 18.447
3377 8.626 19.865 35.069
3378 8.145 38.637 16.028
3379 7.267 32.226 38.024
3380 5.726 17.662 28.218
3381 7.598 4.86 9.014
3382 2.272 22.9 25.905
3383 6.32 39.07 10.95
3384 5.531 15.08 47.242
3385 6.508 20.869 7.176
3386 3.979 16.476 18.829
3387 7.115 3.934 33.762
3388 4.779 34.754 8.952
3389 6.845 8.328 23.651
3390 6.538 14.229 25.3
3391 7.799 47.385 45.726
3392 4.148 2.012 11.132
3393 4.992 45.655 41.559
3394 5.458 8.605 26.083
3395 9.319 13.758 36.307
3396 7.076 44.775 21.097
3397 9.429 11.073 19.903
3398 6.985 33.775 36.635
3399 4.181 47.296 34.792
3400 7.006 7.663 25.741
3401 8.502 31.097 0.676
3402 6.937 39.711 10.079
3403 4.425 25.43 9.947
3404 7.137 39.999 35.249
3405 2.189 35.635 39.955
3406 7.158 23.725 46.837
3407 7.068 41.176 42.649
3408 5.617 24.017 22.228
3409 7.698 33.449 1.196
3410 2.265 21.665 26.439
3411 6.571 16.066 27.679
3412 7.071 17.108 46.84
3413 2.706 4.65 33.146
3414 2.114 32.552 27.413
3415 2.177 4.171 9.883
3416 4.92 20.093 1.629
3417 5.492 30.887 4.664
3418 5.929 19.101 11.26
3419 4.062 20.371 16.544
3420 6.151 45.115 44.334
3421 9.205 37.566 27.764
3422 4.378 4.877 39.402
3423 8.658 38.108 37.031
3424 6.611 45.079 2.642
3425 7.065 41.246 12.332
3426 3.669 1.65 18.838
3427 8.395 37.464 3.449
3428 7.607 37.056 28.67
3429 5.725 40.143 7.095
3430 6.192 34.836 21.784
3431 7.33 21.807 9.559
3432 2.603 6.795 34.453
3433 2.459 44.186 18.555
3434 3.445 15.226 34.251
3435 5.425 9.379 5.947
3436 5.916 31.309 10.436
3437 3.568 6.303 27.356
3438 2.328 38.155 25.198
3439 8.837 13.725 15.894
3440 5.639 20.391 45.805
3441 7.416 16.477 33.77
3442 4.149 26.196 37.056
3443 2.299 28.193 1.841
3444 3.525 45.937 5.867
3445 2.465 37.692 23.903
3446 6.053 15.773 13.909
3447 6.301 27.567 30.034
3448 9.442 8.984 33.875
3449 4.204 2.627 11.349
3450 9.6 9.646 3.502
3451 6.937 22.308 26.119
3452 9.131 35.677 18.998
3453 8.171 15.37 30.139
3454 5.555 32.668 7.603
3455 9.394 33.109 36.141
3456 6.102 18.255 37.797
