location subarea
1 1
2 51
3 45
4 98
5 48
6 129
7 46
8 92
9 86
10 103
11 31
12 113
13 58
14 66
15 107
16 79
17 139
18 32
19 139
20 129
21 1
22 82
23 39
24 106
25 12
26 124
27 23
28 70
29 123
30 59
31 120
32 44
33 2
34 46
35 49
36 11
37 54
38 136
39 82
40 34
41 129
42 61
43 4
44 132
45 131
46 2
47 94
48 29
49 130
50 121
51 23
52 119
53 77
54 143
55 124
56 113
57 58
58 7
59 96
60 108
61 69
62 53
63 75
64 86
65 82
66 76
67 8
68 100
69 123
70 21
71 84
72 82
73 55
74 122
75 28
76 52
77 29
78 29
79 138
80 81
81 32
82 9
83 132
84 95
85 29
86 107
87 93
88 73
89 6
90 143
91 113
92 2
93 142
94 65
95 17
96 60
97 19
98 3
99 140
100 96
101 104
102 141
103 20
104 86
105 136
106 121
107 106
108 2
109 47
110 141
111 70
112 107
113 89
114 130
115 18
116 144
117 132
118 77
119 130
120 3
121 37
122 110
123 111
124 22
125 114
126 92
127 74
128 72
129 126
130 81
131 46
132 11
133 52
134 120
135 142
136 6
137 123
138 113
139 138
140 61
141 88
142 16
143 14
144 74
145 24
146 45
147 115
148 89
149 143
150 8
151 125
152 2
153 108
154 12
155 66
156 2
157 142
158 87
159 102
160 137
161 103
162 9
163 66
164 37
165 131
166 68
167 140
168 34
169 120
170 135
171 70
172 107
173 27
174 51
175 26
176 3
177 26
178 66
179 10
180 64
181 124
182 115
183 37
184 41
185 105
186 40
187 37
188 86
189 136
190 128
191 22
192 141
193 79
194 47
195 87
196 9
197 61
198 71
199 133
200 124
201 64
202 44
203 115
204 98
205 45
206 127
207 51
208 89
209 91
210 47
211 25
212 74
213 33
214 15
215 86
216 17
217 110
218 9
219 74
220 127
221 101
222 53
223 56
224 127
225 102
226 135
227 35
228 58
229 105
230 13
231 44
232 28
233 47
234 38
235 23
236 114
237 8
238 16
239 100
240 124
241 80
242 106
243 80
244 1
245 109
246 142
247 82
248 113
249 23
250 128
251 14
252 130
253 27
254 74
255 27
256 114
257 117
258 94
259 117
260 78
261 52
262 118
263 40
264 66
265 61
266 38
267 54
268 24
269 50
270 120
271 58
272 69
273 49
274 124
275 37
276 139
277 34
278 79
279 131
280 32
281 60
282 103
283 113
284 112
285 38
286 140
287 107
288 45
289 19
290 63
291 70
292 23
293 90
294 47
295 54
296 52
297 19
298 2
299 66
300 22
301 104
302 86
303 66
304 110
305 12
306 37
307 130
308 78
309 40
310 113
311 8
312 141
313 34
314 58
315 102
316 68
317 105
318 35
319 124
320 130
321 37
322 2
323 89
324 20
325 48
326 28
327 59
328 96
329 37
330 129
331 11
332 90
333 87
334 75
335 28
336 18
337 2
338 78
339 7
340 25
341 29
342 109
343 93
344 6
345 102
346 10
347 29
348 68
349 84
350 34
351 131
352 107
353 5
354 21
355 130
356 6
357 52
358 60
359 76
360 92
361 95
362 91
363 128
364 27
365 69
366 107
367 139
368 27
369 131
370 55
371 136
372 51
373 118
374 5
375 42
376 61
377 118
378 23
379 60
380 137
381 63
382 52
383 90
384 35
385 99
386 57
387 34
388 69
389 94
390 115
391 34
392 89
393 15
394 2
395 77
396 66
397 29
398 129
399 49
400 110
401 135
402 57
403 28
404 42
405 134
406 74
407 11
408 125
409 123
410 135
411 136
412 118
413 89
414 43
415 48
416 122
417 33
418 39
419 140
420 47
421 102
422 127
423 86
424 22
425 132
426 2
427 49
428 122
429 83
430 61
431 83
432 119
433 8
434 111
435 108
436 109
437 78
438 34
439 18
440 144
441 12
442 115
443 88
444 30
445 138
446 132
447 23
448 52
449 139
450 19
451 129
452 54
453 27
454 9
455 17
456 78
457 103
458 24
459 7
460 59
461 77
462 74
463 22
464 120
465 83
466 64
467 95
468 77
469 129
470 21
471 38
472 48
473 104
474 15
475 77
476 122
477 138
478 74
479 123
480 93
481 9
482 93
483 99
484 39
485 2
486 117
487 56
488 80
489 50
490 9
491 116
492 72
493 76
494 11
495 116
496 40
497 37
498 92
499 122
500 16
501 78
502 84
503 88
504 35
505 33
506 46
507 119
508 18
509 37
510 113
511 63
512 140
513 125
514 37
515 43
516 132
517 113
518 98
519 116
520 65
521 35
522 64
523 111
524 117
525 133
526 3
527 18
528 128
529 4
530 106
531 128
532 95
533 61
534 25
535 74
536 61
537 46
538 64
539 93
540 85
541 19
542 1
543 77
544 30
545 77
546 137
547 117
548 52
549 48
550 72
551 111
552 39
553 57
554 82
555 72
556 126
557 90
558 125
559 131
560 142
561 63
562 91
563 49
564 89
565 37
566 123
567 19
568 91
569 43
570 97
571 61
572 29
573 50
574 59
575 58
576 38
577 56
578 143
579 129
580 119
581 110
582 45
583 60
584 28
585 114
586 107
587 95
588 66
589 100
590 125
591 85
592 68
593 14
594 20
595 76
596 14
597 118
598 18
599 116
600 1
601 108
602 62
603 108
604 65
605 39
606 16
607 124
608 75
609 69
610 37
611 93
612 63
613 21
614 53
615 118
616 35
617 98
618 32
619 138
620 31
621 105
622 138
623 62
624 142
625 60
626 106
627 8
628 82
629 54
630 136
631 132
632 26
633 86
634 35
635 69
636 122
637 72
638 23
639 13
640 88
641 104
642 107
643 7
644 67
645 87
646 96
647 80
648 41
649 80
650 107
651 39
652 48
653 18
654 112
655 89
656 63
657 4
658 144
659 128
660 54
661 16
662 126
663 113
664 81
665 39
666 117
667 104
668 71
669 144
670 84
671 17
672 16
673 1
674 30
675 138
676 78
677 130
678 25
679 12
680 67
681 63
682 44
683 17
684 79
685 35
686 94
687 94
688 12
689 51
690 144
691 47
692 50
693 52
694 40
695 95
696 26
697 91
698 91
699 123
700 86
701 117
702 24
703 122
704 81
705 32
706 66
707 45
708 29
709 19
710 133
711 11
712 78
713 97
714 79
715 93
716 123
717 16
718 21
719 11
720 17
721 132
722 115
723 52
724 69
725 124
726 64
727 88
728 22
729 81
730 71
731 113
732 17
733 58
734 12
735 18
736 92
737 66
738 9
739 79
740 66
741 64
742 80
743 126
744 101
745 62
746 113
747 39
748 65
749 142
750 102
751 12
752 21
753 5
754 38
755 82
756 68
757 31
758 54
759 52
760 38
761 51
762 23
763 114
764 19
765 140
766 42
767 76
768 52
769 49
770 4
771 34
772 69
773 126
774 59
775 58
776 128
777 131
778 119
779 129
780 128
781 83
782 40
783 18
784 82
785 9
786 120
787 92
788 97
789 85
790 5
791 117
792 3
793 53
794 109
795 6
796 68
797 18
798 127
799 23
800 60
801 124
802 128
803 9
804 72
805 87
806 40
807 87
808 87
809 20
810 31
811 77
812 104
813 79
814 42
815 22
816 29
817 42
818 59
819 57
820 103
821 88
822 56
823 43
824 8
825 89
826 110
827 110
828 21
829 134
830 8
831 97
832 109
833 82
834 107
835 28
836 73
837 109
838 100
839 84
840 47
841 84
842 84
843 100
844 123
845 3
846 140
847 51
848 89
849 116
850 50
851 134
852 98
853 128
854 92
855 8
856 21
857 106
858 62
859 91
860 64
861 48
862 43
863 91
864 39
865 73
866 113
867 15
868 4
869 18
870 52
871 142
872 105
873 30
874 49
875 89
876 7
877 50
878 132
879 55
880 93
881 80
882 17
883 23
884 31
885 62
886 60
887 69
888 57
889 114
890 5
891 65
892 100
893 27
894 139
895 1
896 59
897 72
898 73
899 69
900 16
901 4
902 22
903 82
904 1
905 39
906 9
907 87
908 17
909 41
910 17
911 2
912 68
913 144
914 141
915 130
916 65
917 102
918 48
919 103
920 68
921 116
922 102
923 70
924 144
925 127
926 42
927 23
928 36
929 102
930 107
931 98
932 89
933 39
934 3
935 130
936 129
937 131
938 33
939 66
940 84
941 18
942 69
943 22
944 77
945 136
946 56
947 57
948 107
949 78
950 124
951 135
952 130
953 60
954 10
955 50
956 29
957 89
958 128
959 139
960 80
961 28
962 26
963 64
964 136
965 20
966 87
967 74
968 48
969 104
970 10
971 43
972 42
973 142
974 110
975 41
976 67
977 38
978 33
979 40
980 6
981 32
982 31
983 82
984 140
985 65
986 124
987 144
988 89
989 117
990 50
991 7
992 87
993 13
994 136
995 47
996 82
997 125
998 28
999 140
1000 135
1001 70
1002 40
1003 117
1004 64
1005 96
1006 71
1007 3
1008 110
1009 133
1010 67
1011 40
1012 93
1013 111
1014 67
1015 21
1016 9
1017 124
1018 142
1019 51
1020 144
1021 100
1022 133
1023 45
1024 125
1025 16
1026 59
1027 25
1028 20
1029 19
1030 61
1031 22
1032 32
1033 45
1034 124
1035 139
1036 25
1037 133
1038 47
1039 79
1040 90
1041 99
1042 111
1043 74
1044 12
1045 105
1046 115
1047 63
1048 21
1049 137
1050 133
1051 96
1052 138
1053 51
1054 91
1055 103
1056 6
1057 68
1058 81
1059 47
1060 61
1061 47
1062 20
1063 64
1064 5
1065 52
1066 142
1067 17
1068 71
1069 134
1070 33
1071 56
1072 1
1073 16
1074 56
1075 121
1076 10
1077 123
1078 28
1079 72
1080 49
1081 66
1082 43
1083 71
1084 74
1085 121
1086 21
1087 23
1088 8
1089 99
1090 65
1091 99
1092 119
1093 144
1094 120
1095 115
1096 81
1097 88
1098 91
1099 121
1100 143
1101 138
1102 59
1103 64
1104 37
1105 107
1106 114
1107 1
1108 99
1109 77
1110 36
1111 48
1112 92
1113 111
1114 118
1115 114
1116 15
1117 11
1118 85
1119 98
1120 77
1121 86
1122 79
1123 44
1124 134
1125 38
1126 47
1127 40
1128 87
1129 120
1130 32
1131 105
1132 116
1133 80
1134 47
1135 136
1136 55
1137 110
1138 142
1139 1
1140 68
1141 23
1142 86
1143 37
1144 63
1145 109
1146 89
1147 28
1148 20
1149 73
1150 51
1151 85
1152 43
1153 70
1154 103
1155 71
1156 3
1157 36
1158 44
1159 85
1160 38
1161 128
1162 29
1163 43
1164 32
1165 47
1166 103
1167 21
1168 31
1169 43
1170 10
1171 35
1172 30
1173 100
1174 102
1175 135
1176 104
1177 74
1178 102
1179 102
1180 53
1181 14
1182 52
1183 40
1184 129
1185 53
1186 23
1187 6
1188 17
1189 26
1190 55
1191 67
1192 75
1193 48
1194 62
1195 8
1196 90
1197 115
1198 73
1199 118
1200 62
1201 58
1202 80
1203 14
1204 59
1205 134
1206 73
1207 89
1208 24
1209 96
1210 102
1211 58
1212 119
1213 141
1214 141
1215 100
1216 52
1217 83
1218 87
1219 13
1220 44
1221 16
1222 92
1223 24
1224 102
1225 117
1226 103
1227 86
1228 67
1229 67
1230 117
1231 25
1232 58
1233 51
1234 116
1235 124
1236 142
1237 87
1238 51
1239 132
1240 77
1241 14
1242 135
1243 25
1244 56
1245 69
1246 61
1247 21
1248 75
1249 18
1250 74
1251 100
1252 114
1253 5
1254 44
1255 29
1256 135
1257 143
1258 113
1259 24
1260 108
1261 141
1262 62
1263 69
1264 24
1265 56
1266 134
1267 119
1268 107
1269 50
1270 130
1271 67
1272 105
1273 141
1274 40
1275 45
1276 84
1277 133
1278 66
1279 111
1280 43
1281 113
1282 88
1283 63
1284 14
1285 134
1286 43
1287 105
1288 43
1289 123
1290 59
1291 128
1292 54
1293 113
1294 31
1295 125
1296 12
1297 5
1298 127
1299 15
1300 56
1301 41
1302 144
1303 133
1304 134
1305 52
1306 91
1307 36
1308 7
1309 85
1310 98
1311 13
1312 141
1313 7
1314 20
1315 99
1316 132
1317 106
1318 93
1319 75
1320 113
1321 49
1322 59
1323 81
1324 121
1325 96
1326 32
1327 56
1328 39
1329 84
1330 30
1331 98
1332 25
1333 64
1334 11
1335 136
1336 115
1337 4
1338 121
1339 94
1340 14
1341 49
1342 32
1343 91
1344 43
1345 19
1346 77
1347 119
1348 66
1349 62
1350 50
1351 84
1352 58
1353 40
1354 41
1355 66
1356 91
1357 113
1358 98
1359 99
1360 28
1361 1
1362 20
1363 66
1364 35
1365 119
1366 59
1367 42
1368 104
1369 121
1370 5
1371 105
1372 17
1373 15
1374 99
1375 55
1376 90
1377 20
1378 138
1379 102
1380 54
1381 2
1382 53
1383 76
1384 141
1385 98
1386 71
1387 64
1388 98
1389 110
1390 78
1391 130
1392 124
1393 131
1394 45
1395 138
1396 81
1397 63
1398 124
1399 21
1400 112
1401 18
1402 57
1403 93
1404 49
1405 132
1406 28
1407 63
1408 33
1409 103
1410 46
1411 33
1412 33
1413 51
1414 132
1415 15
1416 53
1417 80
1418 53
1419 144
1420 12
1421 41
1422 137
1423 62
1424 119
1425 69
1426 110
1427 4
1428 139
1429 14
1430 42
1431 5
1432 18
1433 78
1434 16
1435 40
1436 52
1437 61
1438 31
1439 109
1440 74
1441 89
1442 61
1443 47
1444 29
1445 107
1446 75
1447 142
1448 116
1449 109
1450 87
1451 24
1452 128
1453 46
1454 52
1455 66
1456 118
1457 42
1458 112
1459 142
1460 73
1461 43
1462 74
1463 43
1464 35
1465 104
1466 136
1467 62
1468 115
1469 101
1470 58
1471 84
1472 129
1473 61
1474 25
1475 103
1476 88
1477 113
1478 134
1479 80
1480 54
1481 123
1482 109
1483 33
1484 107
1485 119
1486 53
1487 75
1488 53
1489 54
1490 11
1491 138
1492 143
1493 80
1494 30
1495 62
1496 5
1497 40
1498 23
1499 44
1500 10
1501 18
1502 20
1503 107
1504 1
1505 114
1506 131
1507 107
1508 15
1509 107
1510 113
1511 53
1512 7
1513 113
1514 129
1515 78
1516 110
1517 14
1518 28
1519 114
1520 138
1521 95
1522 39
1523 73
1524 21
1525 65
1526 67
1527 118
1528 20
1529 137
1530 77
1531 70
1532 93
1533 21
1534 5
1535 64
1536 58
1537 114
1538 28
1539 102
1540 92
1541 39
1542 132
1543 60
1544 132
1545 123
1546 53
1547 53
1548 108
1549 127
1550 7
1551 119
1552 94
1553 129
1554 58
1555 75
1556 126
1557 93
1558 22
1559 117
1560 32
1561 91
1562 36
1563 136
1564 38
1565 131
1566 97
1567 138
1568 133
1569 69
1570 55
1571 72
1572 75
1573 115
1574 8
1575 73
1576 14
1577 11
1578 74
1579 105
1580 97
1581 56
1582 21
1583 116
1584 61
1585 75
1586 70
1587 139
1588 128
1589 38
1590 120
1591 97
1592 130
1593 43
1594 52
1595 87
1596 95
1597 40
1598 14
1599 39
1600 50
1601 43
1602 45
1603 21
1604 137
1605 97
1606 111
1607 28
1608 143
1609 27
1610 87
1611 82
1612 96
1613 8
1614 26
1615 65
1616 31
1617 13
1618 55
1619 19
1620 93
1621 38
1622 67
1623 93
1624 76
1625 4
1626 96
1627 100
1628 116
1629 58
1630 66
1631 103
1632 106
1633 98
1634 114
1635 95
1636 142
1637 74
1638 4
1639 127
1640 109
1641 122
1642 122
1643 50
1644 33
1645 127
1646 55
1647 47
1648 115
1649 39
1650 127
1651 74
1652 136
1653 8
1654 119
1655 53
1656 86
1657 45
1658 15
1659 35
1660 33
1661 87
1662 85
1663 73
1664 111
1665 76
1666 89
1667 124
1668 9
1669 9
1670 61
1671 31
1672 71
1673 9
1674 130
1675 53
1676 37
1677 20
1678 114
1679 109
1680 78
1681 96
1682 7
1683 42
1684 96
1685 74
1686 126
1687 3
1688 38
1689 126
1690 93
1691 137
1692 53
1693 25
1694 128
1695 19
1696 17
1697 5
1698 117
1699 25
1700 129
1701 2
1702 135
1703 91
1704 121
1705 80
1706 39
1707 35
1708 92
1709 51
1710 23
1711 42
1712 44
1713 15
1714 144
1715 135
1716 64
1717 93
1718 72
1719 96
1720 35
1721 63
1722 77
1723 131
1724 19
1725 2
1726 133
1727 49
1728 17
1729 126
1730 131
1731 74
1732 106
1733 138
1734 63
1735 76
1736 107
1737 8
1738 101
1739 82
1740 39
1741 22
1742 17
1743 23
1744 121
1745 73
1746 52
1747 22
1748 54
1749 132
1750 68
1751 62
1752 4
1753 102
1754 128
1755 8
1756 60
1757 100
1758 58
1759 70
1760 113
1761 115
1762 51
1763 100
1764 70
1765 137
1766 132
1767 108
1768 76
1769 32
1770 124
1771 1
1772 29
1773 27
1774 120
1775 79
1776 116
1777 55
1778 18
1779 13
1780 76
1781 122
1782 134
1783 128
1784 38
1785 79
1786 2
1787 30
1788 23
1789 28
1790 47
1791 115
1792 4
1793 79
1794 37
1795 79
1796 135
1797 134
1798 41
1799 34
1800 75
1801 132
1802 85
1803 121
1804 132
1805 113
1806 129
1807 6
1808 46
1809 119
1810 103
1811 28
1812 79
1813 5
1814 132
1815 132
1816 105
1817 66
1818 80
1819 124
1820 132
1821 38
1822 73
1823 136
1824 103
1825 20
1826 65
1827 92
1828 136
1829 125
1830 16
1831 29
1832 78
1833 98
1834 101
1835 77
1836 51
1837 20
1838 55
1839 77
1840 139
1841 122
1842 114
1843 131
1844 13
1845 87
1846 39
1847 117
1848 116
1849 4
1850 113
1851 13
1852 126
1853 68
1854 137
1855 45
1856 11
1857 53
1858 84
1859 80
1860 95
1861 134
1862 96
1863 127
1864 126
1865 136
1866 89
1867 50
1868 37
1869 38
1870 71
1871 69
1872 130
1873 65
1874 10
1875 105
1876 31
1877 56
1878 88
1879 7
1880 126
1881 118
1882 70
1883 113
1884 100
1885 8
1886 63
1887 34
1888 10
1889 58
1890 24
1891 124
1892 61
1893 128
1894 43
1895 34
1896 107
1897 67
1898 2
1899 32
1900 31
1901 94
1902 108
1903 94
1904 113
1905 57
1906 143
1907 28
1908 140
1909 30
1910 71
1911 64
1912 101
1913 133
1914 37
1915 137
1916 135
1917 131
1918 95
1919 55
1920 61
1921 128
1922 132
1923 42
1924 17
1925 48
1926 43
1927 104
1928 9
1929 85
1930 134
1931 56
1932 86
1933 75
1934 86
1935 65
1936 109
1937 34
1938 81
1939 23
1940 25
1941 114
1942 121
1943 27
1944 77
1945 106
1946 122
1947 90
1948 2
1949 3
1950 109
1951 139
1952 131
1953 103
1954 102
1955 127
1956 142
1957 86
1958 26
1959 79
1960 11
1961 125
1962 66
1963 37
1964 39
1965 41
1966 122
1967 75
1968 99
1969 62
1970 6
1971 74
1972 38
1973 102
1974 86
1975 9
1976 84
1977 131
1978 71
1979 53
1980 5
1981 9
1982 92
1983 102
1984 46
1985 3
1986 38
1987 58
1988 28
1989 92
1990 48
1991 102
1992 49
1993 136
1994 65
1995 66
1996 69
1997 45
1998 144
1999 138
2000 37
2001 109
2002 123
2003 46
2004 51
2005 39
2006 104
2007 59
2008 118
2009 40
2010 143
2011 38
2012 48
2013 124
2014 50
2015 20
2016 8
2017 28
2018 108
2019 50
2020 54
2021 58
2022 72
2023 59
2024 119
2025 114
2026 117
2027 92
2028 45
2029 7
2030 86
2031 7
2032 90
2033 98
2034 56
2035 64
2036 31
2037 28
2038 106
2039 97
2040 110
2041 29
2042 14
2043 89
2044 19
2045 69
2046 124
2047 106
2048 111
2049 10
2050 52
2051 101
2052 135
2053 8
2054 80
2055 69
2056 133
2057 50
2058 3
2059 46
2060 89
2061 144
2062 25
2063 101
2064 42
2065 16
2066 97
2067 69
2068 126
2069 94
2070 80
2071 117
2072 29
2073 144
2074 36
2075 51
2076 82
2077 14
2078 11
2079 124
2080 24
2081 85
2082 140
2083 49
2084 113
2085 54
2086 57
2087 86
2088 63
2089 46
2090 110
2091 64
2092 23
2093 108
2094 40
2095 79
2096 116
2097 62
2098 139
2099 116
2100 52
2101 87
2102 89
2103 86
2104 131
2105 65
2106 69
2107 132
2108 15
2109 128
2110 48
2111 52
2112 114
2113 129
2114 117
2115 100
2116 86
2117 126
2118 83
2119 137
2120 39
2121 26
2122 6
2123 59
2124 71
2125 70
2126 66
2127 15
2128 34
2129 56
2130 26
2131 140
2132 30
2133 36
2134 69
2135 72
2136 61
2137 129
2138 35
2139 62
2140 25
2141 29
2142 68
2143 14
2144 35
2145 87
2146 12
2147 45
2148 121
2149 3
2150 25
2151 45
2152 7
2153 9
2154 29
2155 15
2156 138
2157 114
2158 78
2159 16
2160 9
2161 125
2162 125
2163 45
2164 84
2165 100
2166 123
2167 10
2168 34
2169 93
2170 15
2171 89
2172 117
2173 63
2174 116
2175 110
2176 107
2177 142
2178 112
2179 2
2180 4
2181 73
2182 111
2183 95
2184 70
2185 136
2186 118
2187 35
2188 61
2189 27
2190 23
2191 56
2192 57
2193 4
2194 136
2195 59
2196 119
2197 135
2198 56
2199 50
2200 20
2201 65
2202 11
2203 101
2204 56
2205 132
2206 1
2207 8
2208 99
2209 131
2210 89
2211 35
2212 10
2213 37
2214 142
2215 130
2216 93
2217 45
2218 65
2219 71
2220 57
2221 98
2222 94
2223 133
2224 93
2225 75
2226 70
2227 137
2228 134
2229 17
2230 117
2231 80
2232 79
2233 24
2234 96
2235 21
2236 88
2237 13
2238 127
2239 22
2240 64
2241 87
2242 5
2243 1
2244 24
2245 116
2246 37
2247 59
2248 93
2249 123
2250 103
2251 51
2252 102
2253 17
2254 92
2255 6
2256 45
2257 129
2258 94
2259 98
2260 109
2261 102
2262 125
2263 54
2264 117
2265 122
2266 119
2267 133
2268 50
2269 14
2270 111
2271 116
2272 38
2273 85
2274 127
2275 125
2276 13
2277 115
2278 142
2279 80
2280 49
2281 20
2282 12
2283 9
2284 130
2285 15
2286 29
2287 23
2288 59
2289 49
2290 111
2291 66
2292 110
2293 142
2294 64
2295 94
2296 91
2297 129
2298 105
2299 135
2300 4
2301 79
2302 141
2303 128
2304 11
2305 12
2306 8
2307 70
2308 31
2309 143
2310 130
2311 40
2312 69
2313 35
2314 133
2315 123
2316 5
2317 95
2318 89
2319 97
2320 79
2321 100
2322 30
2323 11
2324 35
2325 140
2326 88
2327 128
2328 22
2329 9
2330 30
2331 48
2332 23
2333 130
2334 143
2335 87
2336 6
2337 114
2338 5
2339 106
2340 128
2341 77
2342 96
2343 20
2344 56
2345 69
2346 21
2347 99
2348 50
2349 130
2350 114
2351 95
2352 119
2353 88
2354 37
2355 80
2356 22
2357 44
2358 72
2359 138
2360 138
2361 144
2362 86
2363 48
2364 80
2365 46
2366 5
2367 105
2368 82
2369 2
2370 107
2371 10
2372 95
2373 69
2374 88
2375 61
2376 126
2377 135
2378 44
2379 97
2380 49
2381 144
2382 139
2383 90
2384 62
2385 77
2386 109
2387 89
2388 92
2389 64
2390 108
2391 52
2392 103
2393 78
2394 14
2395 96
2396 58
2397 70
2398 124
2399 36
2400 114
2401 143
2402 129
2403 128
2404 130
2405 41
2406 48
2407 57
2408 59
2409 124
2410 94
2411 65
2412 93
2413 58
2414 19
2415 50
2416 125
2417 66
2418 133
2419 102
2420 25
2421 99
2422 103
2423 25
2424 73
2425 103
2426 111
2427 71
2428 29
2429 68
2430 45
2431 47
2432 66
2433 23
2434 74
2435 78
2436 115
2437 70
2438 117
2439 144
2440 135
2441 100
2442 128
2443 129
2444 11
2445 99
2446 16
2447 26
2448 84
2449 5
2450 107
2451 96
2452 23
2453 53
2454 89
2455 17
2456 64
2457 95
2458 130
2459 92
2460 34
2461 63
2462 2
2463 19
2464 122
2465 141
2466 137
2467 139
2468 38
2469 112
2470 97
2471 131
2472 38
2473 76
2474 42
2475 90
2476 54
2477 17
2478 136
2479 70
2480 68
2481 42
2482 63
2483 75
2484 43
2485 3
2486 27
2487 56
2488 68
2489 40
2490 135
2491 83
2492 139
2493 75
2494 111
2495 15
2496 73
2497 26
2498 1
2499 30
2500 16
2501 135
2502 33
2503 48
2504 45
2505 142
2506 52
2507 112
2508 49
2509 100
2510 18
2511 135
2512 116
2513 1
2514 37
2515 119
2516 112
2517 140
2518 133
2519 39
2520 6
2521 83
2522 113
2523 90
2524 31
2525 122
2526 33
2527 89
2528 114
2529 73
2530 131
2531 2
2532 19
2533 22
2534 57
2535 86
2536 125
2537 32
2538 70
2539 6
2540 22
2541 134
2542 101
2543 113
2544 127
2545 40
2546 111
2547 93
2548 11
2549 39
2550 36
2551 60
2552 86
2553 132
2554 87
2555 19
2556 124
2557 89
2558 60
2559 87
2560 107
2561 98
2562 129
2563 87
2564 61
2565 13
2566 73
2567 9
2568 110
2569 98
2570 107
2571 129
2572 73
2573 99
2574 124
2575 18
2576 70
2577 128
2578 7
2579 91
2580 52
2581 21
2582 69
2583 142
2584 108
2585 41
2586 75
2587 45
2588 86
2589 142
2590 18
2591 37
2592 116
2593 33
2594 58
2595 66
2596 36
2597 50
2598 111
2599 57
2600 136
2601 103
2602 34
2603 43
2604 73
2605 15
2606 117
2607 10
2608 51
2609 95
2610 10
2611 2
2612 65
2613 111
2614 27
2615 51
2616 44
2617 2
2618 82
2619 124
2620 17
2621 22
2622 67
2623 28
2624 55
2625 14
2626 119
2627 77
2628 112
2629 20
2630 62
2631 80
2632 8
2633 56
2634 103
2635 119
2636 131
2637 46
2638 31
2639 87
2640 23
2641 130
2642 125
2643 55
2644 44
2645 119
2646 43
2647 106
2648 106
2649 123
2650 122
2651 40
2652 88
2653 107
2654 103
2655 74
2656 119
2657 98
2658 77
2659 84
2660 66
2661 127
2662 133
2663 79
2664 7
2665 3
2666 50
2667 42
2668 80
2669 120
2670 112
2671 19
2672 9
2673 79
2674 32
2675 16
2676 124
2677 32
2678 39
2679 117
2680 84
2681 142
2682 62
2683 141
2684 12
2685 118
2686 112
2687 119
2688 1
2689 131
2690 94
2691 119
2692 35
2693 86
2694 102
2695 102
2696 111
2697 131
2698 48
2699 136
2700 19
2701 53
2702 37
2703 35
2704 126
2705 143
2706 25
2707 4
2708 101
2709 50
2710 48
2711 96
2712 45
2713 104
2714 83
2715 83
2716 144
2717 2
2718 122
2719 17
2720 90
2721 53
2722 24
2723 66
2724 132
2725 97
2726 74
2727 30
2728 124
2729 139
2730 82
2731 20
2732 53
2733 142
2734 2
2735 123
2736 113
2737 5
2738 17
2739 115
2740 6
2741 68
2742 25
2743 31
2744 5
2745 35
2746 50
2747 117
2748 74
2749 90
2750 88
2751 31
2752 92
2753 111
2754 99
2755 73
2756 78
2757 103
2758 66
2759 30
2760 128
2761 31
2762 36
2763 87
2764 131
2765 81
2766 76
2767 36
2768 18
2769 143
2770 4
2771 116
2772 65
2773 118
2774 3
2775 103
2776 13
2777 31
2778 144
2779 31
2780 61
2781 30
2782 47
2783 56
2784 110
2785 26
2786 91
2787 32
2788 120
2789 142
2790 63
2791 65
2792 22
2793 136
2794 31
2795 103
2796 3
2797 119
2798 33
2799 32
2800 36
2801 38
2802 93
2803 13
2804 128
2805 56
2806 111
2807 72
2808 71
2809 100
2810 1
2811 134
2812 79
2813 130
2814 63
2815 33
2816 21
2817 140
2818 107
2819 123
2820 64
2821 64
2822 115
2823 138
2824 126
2825 72
2826 30
2827 104
2828 70
2829 70
2830 34
2831 28
2832 75
2833 32
2834 107
2835 126
2836 17
2837 135
2838 26
2839 104
2840 100
2841 1
2842 4
2843 79
2844 59
2845 36
2846 90
2847 121
2848 57
2849 40
2850 41
2851 138
2852 42
2853 44
2854 14
2855 139
2856 1
2857 126
2858 23
2859 66
2860 50
2861 77
2862 98
2863 77
2864 94
2865 98
2866 9
2867 57
2868 71
2869 79
2870 79
2871 106
2872 30
2873 143
2874 61
2875 128
2876 23
2877 12
2878 21
2879 35
2880 8
2881 24
2882 58
2883 134
2884 141
2885 131
2886 36
2887 53
2888 89
2889 11
2890 18
2891 44
2892 81
2893 124
2894 15
2895 23
2896 122
2897 53
2898 141
2899 64
2900 30
2901 61
2902 140
2903 15
2904 39
2905 75
2906 123
2907 54
2908 20
2909 39
2910 71
2911 77
2912 22
2913 108
2914 106
2915 108
2916 71
2917 57
2918 94
2919 102
2920 68
2921 102
2922 129
2923 94
2924 1
2925 20
2926 46
2927 68
2928 70
2929 109
2930 1
2931 21
2932 133
2933 113
2934 106
2935 72
2936 125
2937 114
2938 35
2939 66
2940 107
2941 74
2942 100
2943 126
2944 15
2945 47
2946 113
2947 2
2948 1
2949 76
2950 46
2951 51
2952 128
2953 4
2954 35
2955 134
2956 127
2957 134
2958 125
2959 137
2960 134
2961 38
2962 57
2963 138
2964 19
2965 75
2966 117
2967 11
2968 51
2969 64
2970 129
2971 46
2972 44
2973 135
2974 102
2975 93
2976 9
2977 66
2978 16
2979 45
2980 131
2981 144
2982 83
2983 92
2984 116
2985 14
2986 50
2987 7
2988 73
2989 69
2990 6
2991 83
2992 94
2993 1
2994 49
2995 44
2996 34
2997 98
2998 90
2999 84
3000 24
3001 44
3002 20
3003 20
3004 72
3005 65
3006 16
3007 58
3008 38
3009 117
3010 7
3011 23
3012 9
3013 79
3014 79
3015 71
3016 131
3017 87
3018 13
3019 37
3020 90
3021 94
3022 5
3023 43
3024 82
3025 100
3026 61
3027 64
3028 129
3029 88
3030 80
3031 71
3032 91
3033 81
3034 132
3035 130
3036 82
3037 127
3038 87
3039 8
3040 72
3041 29
3042 122
3043 113
3044 59
3045 37
3046 69
3047 73
3048 53
3049 121
3050 125
3051 84
3052 111
3053 45
3054 104
3055 55
3056 132
3057 112
3058 95
3059 25
3060 17
3061 25
3062 58
3063 96
3064 107
3065 21
3066 25
3067 100
3068 133
3069 92
3070 100
3071 22
3072 84
3073 60
3074 122
3075 143
3076 38
3077 47
3078 70
3079 139
3080 78
3081 66
3082 129
3083 144
3084 115
3085 41
3086 37
3087 27
3088 119
3089 139
3090 93
3091 59
3092 71
3093 9
3094 106
3095 55
3096 136
3097 142
3098 22
3099 85
3100 32
3101 119
3102 51
3103 122
3104 22
3105 110
3106 131
3107 65
3108 143
3109 75
3110 26
3111 108
3112 103
3113 33
3114 138
3115 54
3116 35
3117 72
3118 100
3119 52
3120 103
3121 132
3122 19
3123 80
3124 73
3125 26
3126 76
3127 35
3128 91
3129 105
3130 73
3131 30
3132 127
3133 138
3134 44
3135 100
3136 110
3137 32
3138 5
3139 9
3140 104
3141 5
3142 27
3143 111
3144 30
3145 34
3146 26
3147 135
3148 122
3149 9
3150 103
3151 18
3152 96
3153 119
3154 112
3155 71
3156 66
3157 36
3158 79
3159 94
3160 81
3161 114
3162 115
3163 64
3164 37
3165 50
3166 93
3167 110
3168 124
3169 75
3170 126
3171 53
3172 81
3173 64
3174 22
3175 68
3176 1
3177 59
3178 57
3179 66
3180 134
3181 66
3182 4
3183 102
3184 143
3185 123
3186 32
3187 26
3188 137
3189 102
3190 40
3191 12
3192 18
3193 20
3194 88
3195 76
3196 138
3197 110
3198 65
3199 48
3200 114
3201 134
3202 119
3203 94
3204 18
3205 80
3206 110
3207 35
3208 36
3209 85
3210 27
3211 1
3212 9
3213 133
3214 136
3215 44
3216 133
3217 27
3218 64
3219 78
3220 37
3221 118
3222 25
3223 86
3224 67
3225 37
3226 127
3227 19
3228 84
3229 140
3230 92
3231 13
3232 25
3233 9
3234 89
3235 134
3236 42
3237 83
3238 98
3239 56
3240 63
3241 144
3242 21
3243 64
3244 50
3245 65
3246 16
3247 2
3248 41
3249 81
3250 8
3251 114
3252 89
3253 83
3254 2
3255 6
3256 21
3257 25
3258 7
3259 7
3260 88
3261 129
3262 140
3263 95
3264 67
3265 13
3266 107
3267 40
3268 48
3269 46
3270 85
3271 113
3272 92
3273 31
3274 43
3275 67
3276 4
3277 139
3278 141
3279 32
3280 71
3281 39
3282 13
3283 81
3284 51
3285 58
3286 80
3287 99
3288 68
3289 52
3290 78
3291 119
3292 18
3293 128
3294 43
3295 27
3296 35
3297 106
3298 5
3299 46
3300 55
3301 71
3302 69
3303 82
3304 91
3305 85
3306 98
3307 53
3308 27
3309 92
3310 36
3311 95
3312 116
3313 41
3314 63
3315 33
3316 11
3317 56
3318 112
3319 95
3320 54
3321 54
3322 65
3323 21
3324 61
3325 99
3326 51
3327 85
3328 66
3329 61
3330 84
3331 31
3332 8
3333 123
3334 3
3335 58
3336 140
3337 92
3338 85
3339 8
3340 16
3341 60
3342 133
3343 86
3344 16
3345 31
3346 38
3347 124
3348 26
3349 132
3350 81
3351 23
3352 80
3353 106
3354 7
3355 107
3356 20
3357 80
3358 68
3359 49
3360 14
3361 41
3362 128
3363 31
3364 129
3365 80
3366 55
3367 79
3368 97
3369 23
3370 137
3371 11
3372 132
3373 112
3374 11
3375 74
3376 94
3377 41
3378 94
3379 33
3380 53
3381 110
3382 66
3383 118
3384 4
3385 126
3386 89
3387 37
3388 117
3389 75
3390 64
3391 12
3392 109
3393 24
3394 63
3395 28
3396 84
3397 87
3398 33
3399 48
3400 62
3401 140
3402 118
3403 115
3404 46
3405 33
3406 6
3407 23
3408 79
3409 141
3410 66
3411 65
3412 5
3413 38
3414 69
3415 110
3416 138
3417 128
3418 113
3419 90
3420 12
3421 70
3422 26
3423 34
3424 144
3425 107
3426 85
3427 142
3428 58
3429 131
3430 81
3431 114
3432 38
3433 96
3434 40
3435 123
3436 116
3437 62
3438 70
3439 100
3440 6
3441 41
3442 31
3443 140
3444 132
3445 82
3446 100
3447 55
3448 39
3449 109
3450 135
3451 66
3452 93
3453 52
3454 129
3455 33
3456 29
