location capacity Xf Yf
1 36.51 1.122 45.908
2 15.322 11.592 29.363
3 14.132 32.818 32.053
4 9.738 5.107 15.457
5 16.97 46.103 33.919
6 37.376 32.265 5.572
7 33.027 38.865 35.229
8 36.262 31.371 18.255
9 38.136 6.403 19.23
10 36.557 25.147 12.42
11 18.769 26.348 36.035
12 26.941 19.811 9.358
13 22.903 36.265 28.965
14 22.878 22.157 27.045
15 9.878 40.337 15.299
16 30.053 27.866 23.557
17 18.188 26.434 3.44
18 13.598 29.35 39.817
19 23.008 24.439 3.151
20 16.372 34.325 6.446
21 32.004 1.073 46.114
22 14.985 36.725 23.033
23 31.871 10.514 33.524
24 35.453 36.63 13.877
25 32.668 47.388 44.259
26 15.712 14.02 5.146
27 21.381 41.142 41.424
28 28.054 38.772 25.28
29 27.282 11.584 4.33
30 36.074 43.294 30.733
31 27.467 44.084 11.934
32 38.227 29.91 34.947
33 17.571 7.07 44.964
34 18.469 39.981 35.372
35 28.806 1.984 31.257
36 28.738 40.66 46.42
37 35.877 23.789 31.874
38 26.053 12.823 0.901
39 27.476 36.891 21.838
40 15.74 36.481 39.818
41 32.736 32.472 4.963
42 31.704 1.099 24.318
43 17.412 12.461 46.369
44 24.436 44.472 5.755
45 36.686 42.678 4.457
46 26.46 4.092 45.26
47 37.29 38.509 19.091
48 13.596 19.813 36.575
49 20.876 39.314 5.384
50 19.271 0.661 5.747
51 8.549 43.042 43.707
52 34.461 43.289 9.323
53 34.891 19.625 22.845
54 36.399 43.242 3.417
55 30.396 13.372 6.658
56 33.167 19.779 10.259
57 13.566 36.701 30.977
58 37.732 27.398 45.087
59 35.485 47.316 19.203
60 38.542 44.143 14.399
61 14.794 35.38 27.576
62 17.728 19.151 29.871
63 19.82 8.061 20.9
64 22.683 7.118 16.009
65 21.617 38.868 20.087
66 35.987 15.14 23.173
67 32.058 29.705 47.301
68 15.824 13.192 13.164
69 25.854 8.041 5.87
70 23.184 32.766 42.585
71 19.526 44.867 21.983
72 23.928 39.672 20.594
73 14.879 25.405 28.297
74 14.05 6.117 5.909
75 16.9 13.049 37.449
76 14.112 15.672 29.123
77 30.623 19.053 37.136
78 13.464 17.143 37.728
79 13.915 23.311 0.752
80 32.375 33.101 22.371
81 19.564 31.437 37.65
82 25.636 35.004 46.18
83 15.207 47.083 4.457
84 33.572 41.804 17.366
85 17.137 16.319 37.619
86 14.784 42.696 14.714
87 18.117 34.926 17.648
88 16.677 1.583 22.892
89 27.178 22.979 47.039
90 17.588 42.927 1.478
91 31.386 16.425 8.413
92 13.117 6.878 45.173
93 10.964 38.36 1.702
94 11.184 19.852 24.627
95 19.189 16.979 41.622
96 33.826 46.809 30.331
97 38.77 26.145 41.708
98 26.644 8.477 47.062
99 10.511 31.519 0.9
100 17.159 46.697 19.445
101 12.61 30.117 12.784
102 27.975 33.964 1.996
103 8.197 29.887 43.74
104 10.605 4.158 19.524
105 13.347 13.784 0.54
106 8.249 1.257 5.534
107 23.915 37.997 14.575
108 28.121 5.844 46.947
109 19.079 42.28 32.411
110 17.006 34.693 2.847
111 18.703 38.196 25.426
112 30.816 42.217 14.838
113 38.188 16.103 16.856
114 29.612 38.59 5.156
115 20.498 21.74 42.599
116 14.966 46.936 3.599
117 32.07 47.073 6.455
118 35.984 17.834 23.546
119 8.305 39.298 7.185
120 31.786 9.692 44.886
121 35.335 2.127 33.053
122 16.31 5.864 8.78
123 16.063 10.371 10.47
124 12.188 38.61 40.286
125 11.145 23.035 11.32
126 30.046 31.33 18.529
127 37.309 7.373 23.821
128 27.335 47.04 26.927
129 36.162 21.36 4.563
130 33.19 34.898 23.195
131 25.221 38.224 33.514
132 20.708 41.338 46.116
133 10.629 13.149 29.234
134 25.555 44.615 10.213
135 33.621 37.343 1.494
136 32.423 23.57 46.462
137 31.303 9.912 6.268
138 20.684 18.587 10.006
139 14.457 21.407 1.639
140 25.143 1.194 27.591
141 31.307 12.616 19.711
142 18.27 14.122 43.417
143 30.941 4.924 40.63
144 18.337 5.418 21.48
145 24.245 46.181 40.785
146 32.097 35.718 32.953
147 18.73 27.143 9.3
148 30.733 18.198 19.939
149 7.905 42.204 2.601
150 24.886 29.658 44.333
151 10.434 18.437 4.704
152 30.151 7.874 45.223
153 15.859 47.447 12.544
154 14.171 45.43 44.522
155 15.298 23.641 25.946
156 28.84 6.941 45.483
157 9.13 38.374 2.321
158 16.935 9.091 18.051
159 17.205 20.32 12.533
160 28.653 17.841 1.103
161 31.595 27.201 12.604
162 38.548 32.861 45.756
163 22.699 20.432 26.444
164 25.897 2.515 33.788
165 11.585 43.196 4.851
166 28.326 28.631 26.27
167 32.358 28.569 3.372
168 14.487 38.592 37.006
169 9.783 46.794 11.595
170 18.933 11.399 2.123
171 20.067 38.481 27.379
172 33.176 43.609 14.135
173 21.471 10.274 36.959
174 24.623 10.414 31.71
175 38.063 7.694 36.969
176 19.082 11.458 44.667
177 17.245 4.813 39.618
178 34.325 22.148 26.708
179 14.081 39.824 44.062
180 14.599 14.961 25.116
181 9.239 12.611 6.28
182 31.93 26.517 11.165
183 38.461 3.081 32.793
184 26.147 19.088 32.408
185 38.375 35.492 15.759
186 12.267 14.132 34.998
187 10.646 3.405 33.697
188 10.56 7.155 17.871
189 26.35 13.147 3.699
190 34.979 31.719 7.582
191 21.535 39.772 41.243
192 19.463 33.602 0.641
193 11.305 25.148 21.086
194 11.255 41.815 35.319
195 10.779 8.225 19.204
196 8.781 32.879 47.566
197 36.139 3.899 26.883
198 13.47 42.207 27.647
199 10.803 1.792 1.07
200 33.187 13.433 4.737
201 17.302 13.162 26.238
202 27.875 31.892 34.028
203 35.098 27.628 10.855
204 36.34 7.827 12.489
205 8.015 33.393 32.963
206 11.366 26.105 4.537
207 30.315 9.644 31.543
208 36.163 19.071 16.498
209 29.813 25.573 16.333
210 8.473 42.635 34.255
211 15.255 3.181 37.42
212 20.84 6.052 21.915
213 13.069 32.869 39.043
214 14.713 8.36 42.294
215 15.474 4.658 19.231
216 16.795 18.044 40.4
217 14.705 4.906 11.389
218 9.38 32.633 47.348
219 32.243 5.732 23.484
220 32.082 24.891 7.656
221 28.788 18.371 13.922
222 32.638 16.871 31.455
223 35.762 28.924 30.402
224 38.353 25.426 7.75
225 21.403 20.758 14.558
226 23.511 8.366 3.964
227 28.25 43.083 38.324
228 22.754 37.06 30.281
229 21.908 32.459 13.869
230 28.626 1.144 43.264
231 19.515 29.491 32.27
232 13.369 14.455 39.481
233 21.837 40.916 34.152
234 34.655 4.795 35.385
235 28.346 41.937 43.009
236 29.489 22.843 9.913
237 32.139 31.0 47.322
238 29.895 15.226 42.338
239 38.51 15.766 12.674
240 28.882 13.852 6.935
241 20.505 29.835 23.705
242 28.28 39.722 14.005
243 25.058 31.803 23.308
244 23.478 3.942 46.608
245 25.16 2.207 8.189
246 30.438 36.427 3.668
247 8.417 36.532 23.898
248 36.129 19.976 8.354
249 38.188 43.292 40.883
250 10.534 31.766 6.362
251 34.85 7.408 42.991
252 35.856 37.112 7.931
253 25.941 9.048 38.902
254 8.541 6.675 20.625
255 17.78 8.007 36.606
256 31.515 21.385 8.446
257 12.778 34.025 9.601
258 27.036 38.33 16.752
259 15.183 33.303 9.453
260 14.421 23.583 23.276
261 25.496 12.791 29.479
262 32.623 37.131 11.318
263 23.575 13.061 34.635
264 26.285 22.77 25.283
265 23.578 3.487 24.498
266 28.287 4.327 34.022
267 35.935 20.6 29.611
268 15.956 45.985 42.444
269 26.338 6.358 30.491
270 28.993 47.538 10.38
271 34.958 37.579 31.107
272 31.108 33.155 27.44
273 23.269 2.389 28.797
274 38.3 12.883 7.22
275 25.899 1.309 34.213
276 19.707 25.469 1.05
277 15.709 39.485 37.956
278 25.534 27.997 20.794
279 30.145 43.01 4.481
280 13.279 30.218 38.557
281 12.902 44.815 31.588
282 8.927 24.901 12.206
283 35.681 16.479 11.588
284 11.321 15.807 9.409
285 38.702 4.433 32.386
286 36.696 28.08 0.501
287 28.753 43.141 14.962
288 8.691 32.41 34.22
289 17.842 25.027 43.469
290 37.192 8.534 25.235
291 17.536 39.608 24.171
292 27.94 41.412 43.471
293 18.846 20.233 17.7
294 25.182 40.066 35.809
295 20.462 21.204 30.051
296 37.957 13.472 28.004
297 22.936 26.969 40.227
298 22.302 4.623 47.718
299 18.9 23.566 24.684
300 23.343 38.249 40.019
301 22.412 28.235 15.962
302 24.115 5.097 19.108
303 36.337 21.121 26.379
304 28.666 5.922 8.8
305 20.461 47.32 45.457
306 15.939 2.917 33.991
307 35.38 37.086 4.552
308 11.758 23.053 20.761
309 15.692 15.047 34.597
310 20.732 17.268 10.906
311 12.683 31.339 45.926
312 17.856 33.757 2.485
313 23.114 37.793 38.79
314 13.047 39.316 30.589
315 9.539 21.419 12.068
316 14.208 31.682 26.673
317 8.78 33.558 15.992
318 14.345 43.156 38.933
319 28.031 14.618 4.177
320 8.524 38.349 4.291
321 32.531 3.175 33.928
322 37.162 4.479 46.714
323 30.325 18.986 18.14
324 38.782 31.881 42.709
325 20.867 46.699 34.045
326 31.552 12.236 37.831
327 15.294 42.46 29.339
328 27.703 44.575 19.701
329 21.803 1.928 34.77
330 10.861 34.377 5.517
331 13.17 42.753 46.266
332 18.659 23.814 19.095
333 26.207 11.773 19.523
334 15.743 9.162 20.58
335 19.526 14.802 39.397
336 17.882 21.385 41.434
337 12.793 7.858 45.263
338 8.863 23.018 22.087
339 32.461 24.385 45.694
340 10.937 3.402 36.491
341 30.675 17.582 36.102
342 37.649 2.7 9.694
343 34.733 32.817 18.919
344 37.032 21.284 46.444
345 36.581 23.018 13.83
346 17.277 39.99 47.525
347 27.532 18.523 39.144
348 34.507 31.362 26.484
349 37.808 47.304 20.233
350 30.745 36.69 38.942
351 31.978 41.591 7.008
352 37.888 43.809 12.959
353 21.632 18.995 46.861
354 32.689 33.931 42.806
355 14.455 36.145 7.237
356 18.53 21.755 44.122
357 24.39 12.334 29.38
358 17.829 44.82 30.213
359 36.721 13.617 23.908
360 35.786 30.397 19.974
361 8.561 43.776 17.953
362 26.887 25.175 16.709
363 13.678 31.108 6.541
364 37.108 10.907 39.289
365 38.215 35.731 27.969
366 21.437 42.703 15.572
367 11.589 24.912 3.904
368 18.847 11.589 36.793
369 28.202 40.415 7.637
370 32.249 26.432 29.828
371 22.98 12.484 0.459
372 22.286 10.46 31.143
373 38.38 37.57 11.542
374 19.201 16.956 47.201
375 14.865 21.87 35.423
376 21.026 2.738 27.527
377 16.993 38.523 8.664
378 35.096 41.633 41.236
379 25.391 46.339 30.187
380 22.138 19.726 3.008
381 18.432 10.833 26.535
382 13.278 13.485 30.663
383 23.922 21.183 18.764
384 18.066 42.592 36.366
385 28.722 9.117 12.979
386 8.419 35.412 31.904
387 13.766 36.572 38.659
388 32.006 33.451 27.752
389 27.552 38.028 19.376
390 12.525 24.929 11.842
391 9.036 37.909 38.291
392 11.348 19.045 18.177
393 23.414 10.124 40.977
394 20.796 7.217 46.68
395 13.565 18.941 20.196
396 30.956 20.953 26.274
397 35.778 19.5 37.13
398 26.749 35.063 7.479
399 37.568 1.309 31.016
400 20.61 4.438 8.869
401 35.239 10.75 0.666
402 26.535 32.83 30.514
403 11.398 12.73 36.849
404 19.232 20.292 33.587
405 14.05 4.106 1.454
406 17.98 6.012 23.659
407 8.501 43.096 44.715
408 34.43 18.02 4.264
409 9.929 9.822 5.959
410 31.91 8.626 1.739
411 28.418 13.501 1.656
412 13.101 36.796 8.781
413 24.636 16.862 17.776
414 38.656 26.879 33.286
415 33.894 46.089 34.977
416 36.651 4.9 6.333
417 18.656 34.234 38.961
418 38.002 8.068 34.789
419 24.045 29.77 3.357
420 30.011 40.549 35.24
421 18.425 21.709 12.661
422 13.225 26.025 5.228
423 14.201 7.36 17.664
424 23.42 38.9 43.055
425 33.735 45.256 6.002
426 12.195 6.558 46.409
427 13.594 2.895 31.513
428 34.007 4.225 5.949
429 26.07 41.914 23.34
430 17.588 2.929 24.397
431 26.876 42.727 21.909
432 15.916 42.403 11.733
433 37.055 28.33 47.425
434 30.19 8.883 9.789
435 19.408 47.484 13.25
436 22.922 3.038 8.046
437 10.69 21.928 22.795
438 16.471 39.584 36.109
439 17.811 23.775 43.549
440 29.017 44.752 1.499
441 34.744 45.803 44.791
442 21.604 24.574 10.6
443 9.363 15.312 17.369
444 30.871 21.588 37.078
445 11.514 23.535 2.321
446 12.99 45.083 6.463
447 13.8 40.192 42.914
448 27.783 15.632 31.17
449 9.554 24.446 3.755
450 26.709 24.153 40.664
451 31.869 34.3 6.708
452 10.512 20.628 28.224
453 28.742 10.665 37.877
454 10.908 34.673 46.616
455 22.814 19.423 42.728
456 19.919 21.97 22.653
457 38.755 27.155 15.689
458 24.064 46.09 43.445
459 11.497 24.931 45.08
460 32.866 40.587 28.907
461 9.619 17.098 21.048
462 36.23 7.268 22.771
463 12.374 38.74 41.136
464 22.278 47.418 9.652
465 12.765 42.286 20.163
466 12.859 14.874 25.718
467 23.212 40.668 19.388
468 33.636 16.569 20.692
469 33.23 34.423 6.852
470 38.37 35.4 41.006
471 18.608 5.185 33.073
472 23.182 45.12 33.266
473 17.552 31.413 14.832
474 11.321 8.815 40.188
475 35.468 19.649 21.887
476 31.937 4.825 7.049
477 18.128 22.95 1.907
478 17.337 6.665 21.532
479 16.691 11.195 5.811
480 16.053 33.534 19.855
481 16.346 33.772 46.327
482 33.881 33.202 19.149
483 25.467 8.046 13.63
484 11.062 8.024 35.387
485 16.093 4.768 44.899
486 27.105 34.62 11.025
487 29.836 30.824 28.533
488 31.178 30.728 23.793
489 12.069 6.319 30.285
490 8.047 35.413 44.46
491 15.341 30.097 11.577
492 37.225 45.031 25.25
493 30.542 15.711 20.637
494 33.989 41.543 44.421
495 10.006 30.935 11.143
496 32.776 13.981 33.575
497 16.176 3.142 35.982
498 23.81 31.081 17.768
499 12.113 7.062 6.789
500 38.275 13.752 42.25
501 18.985 20.249 23.472
502 12.675 44.644 20.667
503 28.387 14.772 16.654
504 24.51 41.836 37.109
505 15.81 34.88 37.964
506 15.791 39.486 34.654
507 24.797 40.481 9.654
508 8.735 22.082 42.945
509 9.382 3.3 32.086
510 25.445 19.403 8.835
511 25.727 9.578 25.536
512 35.863 29.743 1.774
513 30.777 19.463 4.751
514 9.666 1.966 35.46
515 9.367 24.228 33.168
516 27.505 44.402 7.544
517 31.468 19.371 11.725
518 23.168 5.74 14.59
519 36.346 29.715 11.675
520 37.344 17.919 25.344
521 31.619 41.725 37.978
522 18.499 12.586 24.431
523 20.807 11.364 11.223
524 19.293 33.936 8.039
525 15.092 3.815 0.842
526 31.006 9.541 46.724
527 26.606 23.072 42.512
528 31.536 28.418 7.741
529 30.947 14.931 45.528
530 29.636 36.473 14.585
531 23.64 31.006 4.83
532 17.068 40.309 17.643
533 22.847 2.528 24.449
534 12.593 2.332 39.074
535 9.93 5.695 23.634
536 21.992 0.402 25.492
537 35.823 37.179 32.937
538 27.631 12.524 25.728
539 23.643 35.588 19.002
540 36.172 2.272 16.014
541 36.448 25.688 42.336
542 25.594 0.598 45.162
543 27.082 18.907 20.3
544 26.931 21.039 38.172
545 18.376 17.945 21.837
546 22.844 17.211 2.674
547 31.664 32.979 10.469
548 33.394 13.175 31.798
549 15.442 46.953 33.003
550 30.315 47.8 25.667
551 27.836 11.101 10.755
552 18.814 10.024 35.706
553 22.025 34.896 31.432
554 21.561 39.162 22.013
555 8.965 46.214 26.322
556 11.821 22.974 6.289
557 11.7 22.563 16.95
558 21.295 18.105 4.524
559 20.569 42.94 5.864
560 37.337 36.58 3.039
561 9.917 11.89 26.804
562 31.662 24.834 18.357
563 33.12 2.412 29.44
564 10.013 16.839 17.484
565 12.959 1.204 35.33
566 25.037 8.251 6.846
567 36.859 25.549 40.82
568 12.249 25.044 17.681
569 37.549 25.256 33.965
570 32.601 2.967 12.553
571 17.218 3.742 26.433
572 15.021 19.308 36.243
573 31.907 6.015 29.48
574 33.843 41.85 30.903
575 27.253 38.579 28.737
576 13.591 7.932 35.777
577 36.397 30.16 30.782
578 17.773 40.404 3.725
579 37.567 33.883 5.089
580 28.872 42.382 8.326
581 30.29 5.761 8.244
582 19.206 32.475 32.789
583 11.671 47.094 31.027
584 21.314 15.448 38.929
585 13.809 21.158 8.456
586 13.959 41.986 13.486
587 32.823 41.522 16.939
588 28.021 21.637 27.06
589 29.863 12.432 12.392
590 11.72 16.683 7.407
591 25.27 0.446 16.287
592 22.184 30.6 26.18
593 18.833 5.905 43.446
594 13.246 29.327 42.567
595 31.04 12.912 22.504
596 23.605 6.8 40.726
597 17.458 36.91 10.14
598 9.275 20.222 42.681
599 32.252 30.312 8.829
600 22.357 3.589 46.439
601 29.849 45.003 15.543
602 10.443 5.793 27.142
603 13.718 46.313 13.773
604 36.8 16.869 27.007
605 16.663 9.517 35.678
606 22.319 15.437 42.594
607 33.948 14.075 7.75
608 31.844 10.687 23.412
609 20.81 35.168 25.64
610 34.74 1.444 34.818
611 35.665 33.539 16.841
612 22.677 9.602 27.5
613 18.822 32.689 42.556
614 35.522 17.472 29.22
615 22.748 39.087 11.637
616 13.187 42.186 37.575
617 12.397 7.627 13.058
618 27.197 31.91 37.718
619 26.522 20.456 0.277
620 15.051 25.394 36.177
621 13.021 35.011 15.054
622 22.824 22.612 3.634
623 37.051 7.612 26.657
624 35.612 36.433 1.044
625 9.586 44.113 30.961
626 16.601 38.238 13.858
627 13.673 28.348 45.473
628 19.404 38.569 20.894
629 19.038 20.629 30.002
630 37.164 12.352 3.886
631 32.325 44.785 4.828
632 15.139 6.027 38.21
633 15.731 5.461 19.728
634 17.211 42.741 36.64
635 22.798 34.033 27.503
636 36.04 6.174 5.946
637 19.385 44.678 25.973
638 37.334 40.953 43.999
639 15.34 3.801 43.019
640 24.561 12.792 18.613
641 15.169 31.897 13.437
642 32.78 43.806 14.312
643 21.137 27.067 46.233
644 29.399 27.166 26.069
645 28.235 11.028 19.499
646 11.482 44.089 18.762
647 36.14 29.189 21.609
648 15.788 18.761 35.785
649 21.854 29.895 20.918
650 25.899 43.772 12.071
651 32.373 8.141 32.169
652 11.786 45.979 35.363
653 15.396 20.999 42.781
654 12.003 15.551 10.296
655 20.293 16.175 18.768
656 14.549 11.794 26.092
657 25.383 13.783 47.175
658 8.901 45.76 3.924
659 22.287 28.85 6.51
660 22.481 23.521 31.261
661 28.288 12.425 40.416
662 19.522 23.989 7.976
663 29.622 17.823 10.052
664 37.892 34.758 22.912
665 23.285 11.966 34.86
666 26.028 33.419 9.207
667 25.871 29.105 14.841
668 33.257 41.589 24.236
669 28.425 45.501 0.29
670 14.038 45.479 20.223
671 9.932 19.613 40.584
672 35.591 15.876 43.531
673 15.355 0.665 45.878
674 29.388 23.505 38.033
675 9.639 22.708 0.525
676 37.461 22.444 21.167
677 9.709 36.239 7.177
678 21.003 2.893 36.87
679 9.309 47.166 46.146
680 21.259 25.577 24.035
681 15.913 11.496 26.513
682 30.103 30.146 33.037
683 25.4 18.436 42.171
684 22.548 25.667 23.032
685 9.824 43.359 38.616
686 14.883 39.654 16.893
687 21.37 39.708 18.88
688 35.291 45.826 47.576
689 14.654 9.591 30.179
690 38.237 45.169 1.956
691 24.474 42.752 33.524
692 32.402 5.267 29.411
693 23.25 15.654 31.697
694 34.306 14.984 35.311
695 16.5 42.152 17.601
696 28.615 5.996 39.491
697 16.978 25.715 16.488
698 22.797 25.2 16.964
699 25.246 8.793 5.617
700 34.667 4.256 16.411
701 10.613 35.744 9.703
702 38.187 47.718 42.555
703 34.76 4.851 7.473
704 13.998 35.705 20.641
705 8.174 31.899 38.433
706 26.327 21.062 26.731
707 30.659 35.486 34.022
708 12.377 18.074 37.131
709 23.422 27.983 40.252
710 26.886 2.103 1.933
711 38.21 40.858 46.695
712 12.929 23.204 23.881
713 22.604 2.811 12.552
714 38.027 27.524 22.359
715 26.371 32.706 19.705
716 36.774 8.555 4.813
717 14.089 12.003 40.848
718 24.661 33.663 43.026
719 17.812 43.536 45.859
720 19.269 17.144 40.146
721 10.193 45.194 5.968
722 11.572 25.565 11.133
723 28.226 15.562 30.081
724 19.125 35.169 25.43
725 29.034 14.683 6.168
726 24.719 14.228 27.124
727 36.289 13.376 19.041
728 25.651 36.175 40.599
729 18.878 32.107 20.714
730 15.093 43.592 24.931
731 18.865 16.6 8.788
732 20.411 18.317 42.23
733 24.568 37.692 31.262
734 14.02 46.468 44.393
735 35.7 23.129 43.093
736 26.525 30.734 17.616
737 11.758 22.412 25.813
738 10.632 32.885 44.82
739 20.32 27.664 22.441
740 21.742 21.101 27.893
741 16.791 12.098 27.453
742 20.597 30.858 23.163
743 16.412 22.789 6.915
744 24.196 16.926 14.313
745 22.837 7.724 24.013
746 10.492 17.936 11.132
747 27.134 11.054 35.651
748 24.324 17.565 27.932
749 27.795 39.469 3.437
750 10.175 21.827 13.581
751 12.939 47.203 45.032
752 26.937 34.095 42.528
753 23.351 17.351 45.356
754 27.098 5.629 33.622
755 38.2 39.286 22.707
756 11.506 31.299 25.37
757 12.257 24.381 36.681
758 24.509 23.012 28.585
759 19.065 12.329 31.799
760 20.272 7.471 35.177
761 12.968 11.703 28.038
762 28.707 43.133 41.267
763 12.14 23.75 10.257
764 37.905 25.986 43.625
765 24.779 30.348 1.442
766 8.574 23.789 35.746
767 19.547 14.748 22.798
768 11.687 12.892 31.954
769 18.634 0.277 29.367
770 16.747 12.914 45.634
771 27.883 36.411 39.117
772 38.353 33.678 26.659
773 22.822 21.115 4.935
774 16.751 43.489 30.419
775 37.045 36.292 31.596
776 32.512 28.535 7.327
777 21.431 40.956 6.782
778 21.105 43.94 11.229
779 10.032 32.51 5.176
780 35.489 31.683 7.915
781 33.15 42.158 21.642
782 13.789 13.121 34.797
783 30.844 20.59 41.583
784 10.32 39.286 22.523
785 18.134 35.034 46.599
786 15.591 47.36 9.412
787 32.704 29.205 18.035
788 24.305 3.668 13.242
789 29.367 3.664 19.951
790 11.623 16.449 45.674
791 36.059 35.76 10.092
792 29.844 8.623 47.275
793 12.653 17.582 30.892
794 18.727 0.839 9.21
795 30.564 23.953 47.649
796 18.205 28.06 25.514
797 23.833 20.365 43.991
798 8.296 24.808 7.852
799 32.606 41.403 40.674
800 35.77 45.084 31.784
801 34.579 12.19 6.886
802 25.725 29.613 7.266
803 14.089 33.516 45.674
804 22.097 45.384 24.862
805 20.995 8.114 18.713
806 20.701 12.617 34.759
807 35.057 10.775 18.629
808 9.035 11.102 16.005
809 37.689 28.943 43.595
810 10.09 26.102 36.066
811 10.044 17.082 20.336
812 27.954 31.451 13.667
813 16.089 26.339 20.221
814 28.42 23.811 32.688
815 33.107 36.515 42.765
816 15.004 17.608 38.5
817 34.419 22.07 33.798
818 37.756 41.535 30.989
819 9.158 35.664 30.248
820 28.16 25.882 15.792
821 15.825 13.679 16.793
822 38.016 31.215 31.361
823 11.862 25.891 33.265
824 20.844 31.148 47.201
825 25.884 19.232 18.479
826 12.913 7.346 10.946
827 38.604 6.885 10.383
828 36.982 33.132 43.608
829 22.427 4.072 0.914
830 14.104 28.079 46.306
831 10.285 2.028 14.78
832 27.68 3.721 11.791
833 36.399 36.933 22.005
834 16.233 40.634 12.237
835 18.118 14.214 39.63
836 34.658 3.594 21.915
837 32.087 2.908 8.642
838 12.86 12.431 13.165
839 35.336 47.597 23.806
840 32.887 41.23 32.329
841 8.429 46.638 21.852
842 10.006 45.744 21.477
843 32.966 15.11 14.562
844 19.101 8.064 5.089
845 12.231 9.851 45.996
846 20.696 30.099 3.011
847 25.306 10.036 31.352
848 9.578 16.454 16.841
849 31.576 28.266 11.037
850 8.242 6.531 30.174
851 12.139 6.199 3.153
852 27.88 4.36 12.463
853 17.627 29.119 6.541
854 19.466 30.887 19.731
855 20.539 28.187 46.907
856 21.055 32.741 42.549
857 9.8 38.936 13.887
858 11.379 4.987 26.104
859 11.235 26.108 17.481
860 18.26 12.259 26.901
861 22.611 47.761 35.6
862 32.099 24.234 34.174
863 27.791 26.732 18.829
864 20.907 10.714 33.691
865 23.315 2.873 20.925
866 24.267 19.192 11.842
867 20.977 11.419 41.667
868 11.755 13.836 45.223
869 32.949 22.51 40.266
870 28.156 13.721 30.454
871 19.474 38.959 3.244
872 8.259 34.855 14.604
873 16.461 21.925 38.523
874 13.991 3.042 28.877
875 22.979 17.113 16.939
876 32.827 24.04 44.672
877 33.815 7.338 30.226
878 17.89 45.582 5.019
879 16.028 25.822 28.664
880 10.243 35.648 16.909
881 12.056 31.244 20.516
882 19.765 16.202 41.844
883 19.967 41.314 42.419
884 35.81 27.494 39.994
885 12.56 7.042 24.123
886 11.868 46.747 31.306
887 35.83 35.221 24.588
888 17.185 34.148 28.223
889 31.039 21.353 10.112
890 18.397 17.833 44.324
891 13.523 17.567 25.766
892 30.408 14.443 14.833
893 33.694 10.596 37.505
894 24.573 24.549 1.992
895 36.548 2.215 44.593
896 15.191 43.871 30.556
897 8.109 45.436 27.721
898 22.277 3.968 22.235
899 19.9 35.314 24.842
900 36.062 14.998 43.787
901 31.796 15.427 44.098
902 19.158 38.795 42.68
903 30.136 36.512 22.896
904 29.651 1.107 44.247
905 31.982 10.19 34.183
906 19.975 32.09 46.371
907 35.439 8.845 16.642
908 33.118 19.267 41.637
909 37.881 19.644 34.567
910 37.764 19.817 42.669
911 34.377 5.228 45.995
912 38.447 28.414 24.767
913 22.732 46.283 0.211
914 36.093 34.687 0.204
915 10.985 36.346 5.52
916 11.633 18.083 26.023
917 31.834 22.173 14.612
918 35.476 46.329 34.305
919 20.481 26.15 12.878
920 31.035 30.537 27.03
921 37.344 28.515 10.81
922 10.69 21.715 14.203
923 12.913 37.821 25.479
924 16.122 47.234 2.734
925 11.165 27.863 7.3
926 23.887 23.493 33.701
927 27.407 41.064 41.772
928 12.884 45.746 36.577
929 27.925 23.238 13.139
930 15.398 40.967 15.223
931 22.684 7.623 12.387
932 8.691 16.244 17.675
933 28.262 9.367 34.367
934 11.972 11.985 47.295
935 15.651 36.167 6.856
936 25.964 34.127 4.091
937 10.642 41.28 6.334
938 33.675 32.743 36.554
939 11.272 23.987 25.775
940 10.048 46.981 21.398
941 15.098 20.428 42.369
942 28.66 35.28 25.02
943 24.184 38.849 40.479
944 23.406 17.53 23.703
945 33.009 14.778 2.39
946 10.787 31.209 30.109
947 25.028 35.984 31.306
948 21.721 40.811 15.193
949 12.816 23.393 20.988
950 37.353 14.776 4.967
951 11.783 10.323 2.264
952 23.884 39.352 5.38
953 32.22 46.526 30.826
954 32.468 36.198 46.649
955 33.891 5.733 28.483
956 35.118 19.749 38.627
957 31.408 17.668 18.597
958 31.587 30.451 4.49
959 20.078 26.626 2.203
960 22.383 31.856 23.631
961 11.902 14.879 36.992
962 33.097 7.013 36.051
963 25.905 14.61 25.034
964 36.407 15.074 3.2
965 21.414 31.203 43.698
966 34.836 10.094 18.183
967 25.027 6.016 21.863
968 22.627 46.489 33.301
969 15.878 29.168 13.454
970 14.671 39.619 44.295
971 26.292 27.278 34.499
972 19.05 22.893 35.757
973 15.038 39.363 0.716
974 17.42 4.144 10.603
975 14.496 18.414 34.765
976 29.805 25.432 26.442
977 37.152 6.222 33.075
978 12.768 33.986 37.173
979 34.661 13.028 35.575
980 19.692 21.757 45.732
981 28.591 30.098 36.683
982 27.714 27.817 36.513
983 10.418 36.907 21.492
984 9.648 31.345 0.679
985 31.502 19.221 26.139
986 20.132 14.15 6.917
987 15.093 44.486 2.31
988 17.964 17.976 18.97
989 38.324 32.683 9.782
990 18.374 7.001 31.006
991 20.786 25.683 44.392
992 8.051 9.972 16.807
993 9.418 2.151 41.708
994 10.487 15.56 2.954
995 37.096 41.934 35.066
996 38.135 37.541 22.399
997 10.701 18.661 5.026
998 30.005 12.184 37.499
999 31.413 30.945 0.866
1000 16.753 10.949 3.021
1001 21.992 37.824 27.052
1002 14.408 15.185 33.955
1003 13.196 32.482 11.273
1004 28.573 13.834 26.563
1005 30.142 45.049 16.507
1006 27.463 40.674 25.178
1007 38.005 9.144 45.684
1008 12.48 6.343 10.154
1009 26.528 2.943 2.9
1010 30.978 25.671 26.826
1011 9.089 12.144 35.181
1012 23.182 34.705 18.058
1013 13.038 8.907 9.364
1014 8.076 27.175 26.896
1015 34.839 33.432 40.803
1016 23.279 35.881 44.863
1017 18.96 15.931 6.161
1018 33.212 39.423 1.758
1019 23.348 9.864 30.195
1020 10.51 47.467 1.852
1021 13.496 14.942 15.847
1022 26.321 2.993 2.01
1023 37.069 35.235 33.792
1024 38.764 19.782 5.536
1025 12.56 14.224 42.531
1026 18.534 43.889 31.709
1027 34.376 2.974 37.462
1028 9.49 31.76 43.667
1029 25.025 25.564 43.068
1030 31.24 3.532 25.441
1031 16.575 38.737 40.7
1032 21.105 29.547 39.526
1033 29.795 35.282 32.987
1034 31.831 12.172 6.472
1035 8.897 27.302 1.419
1036 30.977 1.454 37.402
1037 34.097 0.588 3.652
1038 26.445 43.48 32.301
1039 17.485 26.645 23.96
1040 27.487 21.738 19.341
1041 38.143 9.535 12.26
1042 15.601 8.782 8.432
1043 33.291 7.639 21.778
1044 8.739 47.199 44.947
1045 23.754 35.205 14.029
1046 36.717 25.944 11.167
1047 12.666 8.124 24.043
1048 10.727 32.363 43.947
1049 27.855 18.061 3.576
1050 26.081 0.258 2.375
1051 20.262 46.46 19.8
1052 27.474 20.379 2.391
1053 12.451 10.939 29.235
1054 31.92 27.855 17.462
1055 29.085 25.049 13.055
1056 23.872 20.24 45.933
1057 36.553 30.478 24.746
1058 11.44 34.77 22.333
1059 17.436 41.543 34.069
1060 31.415 3.224 27.42
1061 33.49 41.535 34.016
1062 28.141 31.785 43.964
1063 29.706 13.313 27.824
1064 31.013 18.189 45.944
1065 31.019 14.04 30.147
1066 20.85 37.802 0.338
1067 32.522 19.759 41.452
1068 11.764 40.519 25.72
1069 11.824 7.059 3.458
1070 20.634 33.053 36.268
1071 29.262 30.382 28.726
1072 24.639 2.764 45.072
1073 23.695 15.592 40.422
1074 24.488 28.211 30.82
1075 32.32 0.663 7.47
1076 33.186 39.735 44.131
1077 29.74 10.68 4.557
1078 22.686 14.239 37.839
1079 14.873 46.01 24.095
1080 23.49 2.226 29.153
1081 18.297 23.698 25.998
1082 11.15 24.917 35.854
1083 9.4 43.743 24.297
1084 31.367 5.118 20.865
1085 14.662 2.954 4.509
1086 11.712 32.613 42.475
1087 25.723 40.034 43.326
1088 24.275 29.716 47.551
1089 36.152 10.51 14.962
1090 35.241 17.704 27.692
1091 29.652 8.142 12.432
1092 17.128 42.752 9.728
1093 32.972 47.411 3.364
1094 21.916 45.54 8.37
1095 25.828 27.916 9.807
1096 8.705 32.792 20.219
1097 28.825 15.507 16.876
1098 33.745 26.325 16.698
1099 20.566 2.658 4.868
1100 28.601 40.045 3.096
1101 33.801 22.123 1.32
1102 8.414 43.891 31.606
1103 8.91 13.564 24.509
1104 32.262 2.831 33.128
1105 29.984 41.136 13.848
1106 8.698 20.469 8.697
1107 35.753 1.478 44.53
1108 26.142 11.011 14.567
1109 22.541 16.054 22.293
1110 11.733 46.769 37.071
1111 25.891 45.073 34.139
1112 29.189 29.791 18.623
1113 16.585 8.305 8.807
1114 19.287 36.616 9.545
1115 21.012 22.269 11.371
1116 11.551 8.751 41.025
1117 22.199 41.549 45.315
1118 30.039 2.322 16.067
1119 15.52 7.63 14.136
1120 19.649 19.028 22.683
1121 38.237 6.112 18.359
1122 32.435 25.222 23.874
1123 32.201 30.675 35.957
1124 21.866 5.806 0.212
1125 27.262 4.798 35.102
1126 35.424 42.361 34.533
1127 30.339 13.557 35.181
1128 22.437 8.333 17.544
1129 9.757 46.578 11.715
1130 10.244 31.656 37.066
1131 10.339 33.667 12.846
1132 28.296 31.769 11.058
1133 37.257 30.089 22.03
1134 17.433 40.121 35.939
1135 27.362 14.44 3.591
1136 20.427 25.965 31.044
1137 33.945 6.173 9.852
1138 24.622 39.839 1.41
1139 29.013 1.01 44.179
1140 29.587 29.531 26.34
1141 16.153 41.546 42.296
1142 7.79 4.044 17.899
1143 28.992 2.589 32.405
1144 12.706 9.096 27.734
1145 9.397 2.251 9.813
1146 21.285 19.733 17.769
1147 26.721 14.144 39.285
1148 36.868 31.96 43.641
1149 16.687 1.593 21.254
1150 17.616 11.445 28.708
1151 14.728 0.758 18.506
1152 24.493 24.84 32.67
1153 16.088 37.986 24.016
1154 26.814 26.613 15.612
1155 31.711 40.964 25.499
1156 17.893 9.014 45.066
1157 38.206 44.297 39.637
1158 35.619 30.038 35.628
1159 34.288 0.57 18.922
1160 17.526 4.491 35.395
1161 16.861 30.978 4.008
1162 11.643 18.084 37.34
1163 38.214 25.281 32.028
1164 35.706 31.024 38.663
1165 28.568 40.645 32.605
1166 31.963 25.445 15.589
1167 37.03 32.018 42.255
1168 31.053 25.99 39.075
1169 12.546 27.759 35.645
1170 24.251 37.055 44.653
1171 25.225 40.475 38.789
1172 35.875 20.114 37.311
1173 20.665 13.62 14.213
1174 26.881 20.34 12.588
1175 17.176 9.197 1.433
1176 19.607 28.581 12.324
1177 9.718 4.739 23.157
1178 35.923 23.994 12.069
1179 23.257 20.329 15.822
1180 36.878 18.647 28.699
1181 23.331 5.799 43.13
1182 17.499 14.226 30.641
1183 21.205 12.703 33.767
1184 15.916 33.744 6.148
1185 28.059 16.968 29.944
1186 29.702 40.648 43.501
1187 33.487 21.08 45.782
1188 12.373 18.544 40.416
1189 10.479 4.173 38.522
1190 33.358 27.517 31.4
1191 15.681 27.247 24.129
1192 15.003 8.355 23.21
1193 11.192 44.996 35.523
1194 32.445 7.521 24.555
1195 18.02 31.618 46.23
1196 32.777 21.56 19.136
1197 30.944 27.672 9.627
1198 36.175 1.924 21.891
1199 22.993 38.639 9.323
1200 36.64 4.644 27.783
1201 30.467 36.237 31.045
1202 25.905 30.252 21.916
1203 19.004 5.87 42.369
1204 34.779 43.394 31.418
1205 21.242 5.595 2.812
1206 37.876 0.358 21.472
1207 15.635 18.243 18.85
1208 32.0 45.337 41.01
1209 10.77 47.172 16.309
1210 35.298 21.792 14.547
1211 23.702 38.856 31.078
1212 13.126 42.858 8.727
1213 27.514 34.906 1.006
1214 12.442 34.374 0.311
1215 25.451 13.368 15.148
1216 15.39 14.798 28.388
1217 28.654 43.391 23.774
1218 9.59 8.482 18.321
1219 25.378 3.758 43.655
1220 9.618 29.728 32.849
1221 10.054 13.262 40.21
1222 33.236 29.914 16.356
1223 16.512 44.648 40.781
1224 18.29 21.365 12.575
1225 28.362 33.569 11.583
1226 22.75 26.391 14.043
1227 24.727 5.911 16.774
1228 35.019 27.536 26.477
1229 34.935 24.825 26.644
1230 34.596 35.91 9.884
1231 29.477 0.686 39.422
1232 15.498 38.962 29.626
1233 23.903 9.737 30.605
1234 11.433 31.974 10.335
1235 24.427 15.404 5.216
1236 23.885 37.233 1.485
1237 13.228 8.877 17.052
1238 25.678 8.86 31.604
1239 25.45 46.803 5.534
1240 11.827 16.219 21.558
1241 7.865 7.422 42.407
1242 38.786 9.878 1.127
1243 28.385 1.41 39.373
1244 10.943 29.619 29.601
1245 33.749 33.717 27.381
1246 37.838 1.577 24.102
1247 33.048 32.121 42.131
1248 11.76 8.234 22.935
1249 19.454 23.905 40.822
1250 30.705 5.672 23.77
1251 12.454 14.466 15.693
1252 13.329 21.031 8.663
1253 23.331 19.166 46.763
1254 29.047 29.468 32.707
1255 38.71 17.385 36.563
1256 26.672 11.383 2.93
1257 8.273 41.719 3.602
1258 9.582 18.58 10.352
1259 20.604 44.408 40.146
1260 17.698 47.302 15.272
1261 38.001 35.043 3.954
1262 31.441 4.885 26.383
1263 12.673 35.031 27.649
1264 16.696 47.314 43.846
1265 23.616 28.74 28.262
1266 36.315 6.187 3.054
1267 27.023 43.393 8.536
1268 18.554 43.502 12.744
1269 21.524 6.852 31.445
1270 14.322 39.997 4.678
1271 23.407 24.149 25.524
1272 16.433 35.993 14.868
1273 15.23 32.246 2.15
1274 27.024 15.925 33.494
1275 9.105 32.743 34.652
1276 9.715 47.379 23.749
1277 27.932 2.443 3.03
1278 25.302 21.951 27.305
1279 33.988 10.346 9.592
1280 34.34 27.759 35.675
1281 8.752 16.196 10.354
1282 19.21 13.707 16.333
1283 30.356 10.038 24.346
1284 35.519 4.334 43.058
1285 13.569 6.731 2.274
1286 34.631 24.118 35.247
1287 26.021 33.63 13.8
1288 23.846 25.277 33.818
1289 25.888 9.29 5.385
1290 22.97 41.518 28.489
1291 37.451 30.411 5.402
1292 36.315 20.781 30.785
1293 24.879 17.591 10.962
1294 16.262 26.47 39.621
1295 30.333 18.803 6.314
1296 32.146 47.68 45.845
1297 37.384 16.239 45.441
1298 20.696 27.011 6.264
1299 34.165 8.596 42.938
1300 19.625 31.957 29.867
1301 19.305 17.474 35.58
1302 17.824 45.72 2.145
1303 31.047 0.392 3.303
1304 29.072 6.81 3.012
1305 10.509 15.034 31.538
1306 31.584 25.865 19.949
1307 33.192 45.302 39.342
1308 16.567 24.428 46.214
1309 19.66 1.365 19.177
1310 10.6 5.826 15.541
1311 32.247 1.878 43.702
1312 31.008 33.844 1.042
1313 8.185 27.611 44.778
1314 9.226 28.83 43.846
1315 20.417 9.671 12.711
1316 25.253 44.868 6.507
1317 36.338 36.192 15.007
1318 30.782 34.949 17.644
1319 33.297 8.909 20.731
1320 8.382 19.74 9.547
1321 30.211 0.961 28.697
1322 31.886 42.711 29.613
1323 18.504 34.892 20.242
1324 14.599 1.669 4.862
1325 10.786 45.972 16.427
1326 35.413 31.088 37.798
1327 33.138 28.234 30.36
1328 16.194 11.767 35.813
1329 15.87 46.643 22.81
1330 13.846 22.794 39.219
1331 16.763 7.653 13.746
1332 13.291 0.444 39.424
1333 12.273 15.073 27.955
1334 19.935 42.23 45.838
1335 35.573 14.158 2.214
1336 31.295 26.476 9.79
1337 13.803 12.274 47.346
1338 20.848 2.565 4.621
1339 33.336 36.233 19.598
1340 24.904 5.113 41.399
1341 33.197 3.622 30.42
1342 21.309 28.291 38.289
1343 14.521 27.888 18.862
1344 22.618 26.93 35.912
1345 38.502 24.713 43.184
1346 33.658 17.711 21.071
1347 8.306 43.184 9.097
1348 28.646 20.467 24.568
1349 7.874 4.867 26.159
1350 18.147 7.526 31.087
1351 37.364 44.385 22.049
1352 23.069 37.592 29.041
1353 28.004 12.329 34.187
1354 15.389 18.746 32.796
1355 14.86 20.791 26.25
1356 23.606 25.326 19.095
1357 9.523 19.839 9.303
1358 19.026 7.669 14.39
1359 11.297 8.849 14.253
1360 11.081 13.493 36.293
1361 34.866 1.207 46.419
1362 32.449 30.444 42.562
1363 9.496 21.992 24.392
1364 32.751 41.93 36.944
1365 11.346 41.532 10.323
1366 7.855 40.978 30.206
1367 24.765 21.565 32.316
1368 24.429 31.203 13.226
1369 23.314 1.134 4.286
1370 26.505 19.737 47.244
1371 10.884 34.31 15.054
1372 37.837 16.774 40.579
1373 11.273 10.852 41.356
1374 25.515 8.622 12.44
1375 18.906 24.301 30.296
1376 26.807 21.434 17.476
1377 36.209 29.552 40.867
1378 20.439 20.485 0.932
1379 26.548 20.722 15.236
1380 33.765 20.524 30.474
1381 34.101 6.062 44.888
1382 21.978 17.388 29.446
1383 15.199 14.898 20.892
1384 7.857 34.826 0.505
1385 22.172 7.96 14.748
1386 22.558 40.335 27.609
1387 38.264 15.154 26.933
1388 36.79 6.53 15.72
1389 37.48 5.471 11.091
1390 21.969 21.87 21.214
1391 26.172 38.266 6.903
1392 30.95 15.144 5.712
1393 10.366 42.199 7.869
1394 9.88 32.796 32.77
1395 23.193 21.224 2.231
1396 27.056 32.22 21.988
1397 23.085 10.11 25.158
1398 18.887 15.181 5.004
1399 33.395 34.095 41.914
1400 37.327 15.164 11.83
1401 34.199 23.631 41.805
1402 11.342 34.476 28.126
1403 32.62 32.395 16.388
1404 8.775 0.833 31.147
1405 29.233 45.301 6.319
1406 28.169 12.492 36.378
1407 8.033 11.677 26.332
1408 12.468 35.039 38.064
1409 16.852 24.126 15.249
1410 29.477 36.466 34.704
1411 36.726 35.392 37.516
1412 27.738 33.041 37.037
1413 35.16 9.218 28.698
1414 23.947 45.185 6.868
1415 29.868 10.477 41.97
1416 15.116 16.377 30.495
1417 26.331 31.646 23.49
1418 33.424 18.43 29.592
1419 9.508 46.227 0.21
1420 28.973 45.53 45.082
1421 33.76 18.122 34.295
1422 23.194 17.628 1.177
1423 28.69 7.249 25.877
1424 24.182 41.558 8.308
1425 32.27 32.481 25.732
1426 37.837 6.366 11.819
1427 26.946 12.448 44.317
1428 19.245 26.707 1.564
1429 9.291 7.674 41.104
1430 30.732 21.781 35.766
1431 12.95 16.742 44.15
1432 9.17 22.429 40.445
1433 11.016 22.351 23.497
1434 35.819 14.636 43.614
1435 10.713 13.776 34.717
1436 12.003 14.218 28.487
1437 31.015 2.826 26.457
1438 23.94 25.349 39.111
1439 7.81 0.533 10.888
1440 20.211 6.629 23.813
1441 16.533 17.619 18.581
1442 12.33 2.563 27.409
1443 15.946 41.223 35.986
1444 14.736 16.228 39.862
1445 32.663 40.215 14.636
1446 19.324 9.128 22.033
1447 14.215 38.363 3.787
1448 12.543 31.356 10.894
1449 38.449 3.263 8.402
1450 18.293 8.148 18.053
1451 20.997 45.468 40.31
1452 21.091 29.89 7.798
1453 30.402 36.834 32.117
1454 29.115 15.079 30.852
1455 10.644 21.18 27.896
1456 28.442 38.108 8.885
1457 37.424 23.917 32.98
1458 35.445 12.332 11.831
1459 20.423 39.85 0.786
1460 35.432 3.538 22.273
1461 10.363 26.232 32.427
1462 14.847 4.931 23.037
1463 17.067 27.063 32.099
1464 37.301 41.149 36.199
1465 28.236 28.132 13.514
1466 29.202 14.952 3.455
1467 32.338 5.521 25.352
1468 26.01 26.708 10.575
1469 24.825 18.644 14.978
1470 37.634 37.546 29.444
1471 10.025 47.602 23.688
1472 11.462 35.159 7.197
1473 10.033 1.421 25.948
1474 29.256 0.207 39.282
1475 33.806 26.02 15.855
1476 29.117 12.528 17.963
1477 27.252 17.882 8.028
1478 36.344 4.14 0.98
1479 12.563 28.954 21.194
1480 25.419 21.325 31.179
1481 23.557 10.701 4.351
1482 18.143 0.304 8.498
1483 13.122 32.408 37.037
1484 26.547 41.234 14.291
1485 29.79 40.682 11.818
1486 27.292 16.619 28.387
1487 8.036 10.72 22.304
1488 22.011 16.158 29.526
1489 34.191 21.004 31.239
1490 13.228 40.217 47.374
1491 9.425 21.913 1.15
1492 18.39 43.407 1.748
1493 35.877 29.12 21.702
1494 16.19 20.032 37.756
1495 21.777 6.788 27.311
1496 10.627 17.02 45.708
1497 34.229 14.674 32.152
1498 35.368 43.293 42.357
1499 19.365 30.113 34.969
1500 32.197 36.648 44.546
1501 12.372 21.856 42.577
1502 9.079 30.644 40.682
1503 20.472 42.26 15.804
1504 17.216 1.419 46.512
1505 27.355 20.081 11.153
1506 19.892 40.917 5.877
1507 36.019 40.329 14.593
1508 15.934 8.355 43.871
1509 18.948 42.707 12.576
1510 9.335 19.818 11.203
1511 28.365 16.668 31.15
1512 29.51 27.643 46.579
1513 25.645 17.447 11.663
1514 18.171 33.369 6.181
1515 21.917 21.777 21.447
1516 25.197 6.475 9.562
1517 12.925 6.489 43.494
1518 14.27 15.5 38.371
1519 15.905 23.947 8.526
1520 18.967 22.352 0.841
1521 25.275 41.677 19.693
1522 35.609 8.928 35.057
1523 28.796 2.89 23.091
1524 32.605 32.602 42.028
1525 31.668 17.91 26.254
1526 35.149 25.664 24.578
1527 28.738 37.789 8.355
1528 12.268 28.049 40.049
1529 27.831 18.29 2.295
1530 37.551 19.869 22.206
1531 26.382 39.735 24.8
1532 25.829 32.961 16.347
1533 19.679 35.039 40.205
1534 37.049 16.619 47.541
1535 11.335 12.387 27.282
1536 33.202 39.284 29.969
1537 31.727 20.269 10.832
1538 16.491 12.484 39.834
1539 13.363 21.27 12.32
1540 26.766 29.536 16.966
1541 24.719 10.2 34.122
1542 18.266 45.829 7.817
1543 8.189 45.448 30.427
1544 30.108 44.17 7.082
1545 25.285 11.715 6.687
1546 32.911 17.811 28.614
1547 29.585 19.785 30.107
1548 31.373 45.198 14.048
1549 10.829 27.729 6.299
1550 9.491 26.491 46.279
1551 9.858 43.656 9.646
1552 31.733 39.616 18.933
1553 24.783 35.359 7.945
1554 23.296 38.789 29.852
1555 26.665 9.405 23.257
1556 8.58 20.566 4.665
1557 15.636 34.009 16.583
1558 34.802 38.553 42.996
1559 15.455 32.36 8.266
1560 31.044 28.441 39.003
1561 35.672 26.497 17.499
1562 19.209 46.63 36.042
1563 31.553 14.808 0.871
1564 25.407 5.714 35.697
1565 23.311 43.121 5.709
1566 27.079 1.987 15.059
1567 8.314 21.03 1.673
1568 8.745 1.271 1.62
1569 33.499 32.27 26.145
1570 32.02 25.296 28.164
1571 18.214 45.956 24.522
1572 7.962 9.155 23.999
1573 31.82 25.376 9.935
1574 34.962 30.126 47.787
1575 38.73 1.106 23.675
1576 24.166 4.902 43.926
1577 24.924 42.96 47.539
1578 18.844 6.527 23.712
1579 25.935 33.345 15.645
1580 32.239 0.864 14.136
1581 12.454 28.649 29.048
1582 17.902 33.183 41.511
1583 27.191 29.901 11.6
1584 19.388 3.779 25.404
1585 32.236 9.714 20.216
1586 30.864 38.388 25.047
1587 34.211 26.908 1.552
1588 16.968 31.159 5.791
1589 21.697 7.586 33.705
1590 17.666 46.21 8.876
1591 37.712 0.653 13.645
1592 16.372 37.58 4.517
1593 21.941 24.753 32.604
1594 31.518 12.878 31.827
1595 18.078 10.573 18.456
1596 11.361 41.811 17.065
1597 36.494 15.036 35.012
1598 37.436 4.537 42.129
1599 16.558 9.083 33.684
1600 20.042 5.757 29.897
1601 15.545 25.802 33.819
1602 12.283 34.567 34.804
1603 38.498 35.335 41.44
1604 19.508 17.047 2.904
1605 31.16 3.132 13.618
1606 30.946 9.616 8.42
1607 27.885 14.957 37.086
1608 35.732 40.536 2.013
1609 27.23 11.643 36.955
1610 9.544 8.506 19.713
1611 37.099 37.582 21.381
1612 26.849 44.113 17.126
1613 8.101 28.169 47.151
1614 25.182 6.55 37.59
1615 9.956 16.167 27.059
1616 18.13 25.367 38.288
1617 9.568 0.353 40.104
1618 8.656 25.211 31.887
1619 17.501 26.796 43.481
1620 34.319 32.053 19.659
1621 31.692 7.323 33.557
1622 28.349 25.499 25.183
1623 16.538 34.386 16.787
1624 17.663 12.081 22.534
1625 37.075 13.083 44.54
1626 22.389 46.15 18.303
1627 38.673 12.469 12.221
1628 29.386 31.532 8.337
1629 31.553 37.628 28.415
1630 22.464 21.951 27.609
1631 9.471 27.552 12.657
1632 10.545 39.843 12.744
1633 22.7 6.528 13.066
1634 16.215 23.546 10.282
1635 20.752 40.071 16.074
1636 20.531 38.341 2.702
1637 23.172 6.614 22.284
1638 34.174 15.855 44.598
1639 10.691 26.907 6.987
1640 15.351 1.735 10.722
1641 32.591 6.822 5.322
1642 32.107 6.7 4.265
1643 33.352 7.619 28.077
1644 22.977 34.069 39.689
1645 27.957 24.689 5.149
1646 31.619 26.518 29.375
1647 33.57 42.096 34.961
1648 21.633 26.7 9.222
1649 22.428 9.518 35.696
1650 12.245 26.765 6.173
1651 11.629 4.044 20.904
1652 9.14 15.899 2.778
1653 33.551 28.57 46.902
1654 12.997 41.528 10.598
1655 15.648 19.784 29.689
1656 21.223 4.336 18.134
1657 35.893 32.257 33.97
1658 27.052 10.438 42.079
1659 22.75 41.977 36.895
1660 12.331 33.026 39.402
1661 37.889 10.487 19.441
1662 38.621 3.931 18.277
1663 8.83 2.456 20.372
1664 15.187 8.486 11.604
1665 23.566 14.878 22.537
1666 30.689 19.007 17.954
1667 25.616 13.769 7.39
1668 22.07 34.919 45.886
1669 11.403 35.599 47.243
1670 13.543 1.852 24.869
1671 22.939 26.519 38.994
1672 12.968 41.612 24.542
1673 35.095 35.565 45.673
1674 16.076 38.108 6.314
1675 8.721 19.36 29.588
1676 8.748 2.967 35.754
1677 11.993 29.081 42.362
1678 9.315 20.56 9.88
1679 30.439 2.759 11.888
1680 13.721 21.001 21.68
1681 23.214 45.26 19.784
1682 28.537 26.16 45.765
1683 30.807 21.994 35.961
1684 30.772 44.013 18.908
1685 27.08 5.46 23.887
1686 26.686 23.624 5.873
1687 19.239 10.477 46.51
1688 8.114 6.225 33.97
1689 18.199 23.725 5.452
1690 18.213 32.844 17.92
1691 17.094 17.782 3.043
1692 16.493 16.379 30.66
1693 25.666 3.964 36.74
1694 14.672 30.169 4.684
1695 32.455 26.227 41.759
1696 31.684 19.001 41.219
1697 32.768 16.122 45.469
1698 22.876 35.213 11.595
1699 13.925 0.276 38.111
1700 14.056 32.788 7.314
1701 34.056 7.229 46.849
1702 34.439 8.119 2.857
1703 34.262 26.074 16.953
1704 11.672 2.934 4.515
1705 27.437 28.813 22.58
1706 12.256 10.015 35.169
1707 33.432 43.643 36.896
1708 35.96 28.834 18.805
1709 16.808 9.861 29.425
1710 16.162 40.729 42.618
1711 22.923 22.695 32.334
1712 9.963 31.743 35.007
1713 21.653 11.768 40.506
1714 37.609 44.217 2.273
1715 18.843 10.482 2.176
1716 14.285 12.374 27.647
1717 22.232 34.378 17.769
1718 9.448 44.895 24.766
1719 13.997 47.355 18.994
1720 31.435 41.957 36.509
1721 35.422 8.43 24.944
1722 14.14 19.122 21.362
1723 23.635 40.434 7.094
1724 12.952 27.829 42.3
1725 15.369 4.85 45.083
1726 29.948 1.167 2.17
1727 37.303 2.023 31.789
1728 21.126 17.034 40.759
1729 12.098 20.776 4.562
1730 19.696 41.954 5.669
1731 14.594 4.692 22.799
1732 13.236 37.35 13.003
1733 31.504 23.431 2.054
1734 15.798 9.899 26.162
1735 21.264 15.147 20.113
1736 27.437 43.671 15.603
1737 13.746 29.048 45.396
1738 18.247 16.425 15.875
1739 37.333 38.596 20.28
1740 34.965 10.982 33.348
1741 35.554 38.618 42.686
1742 32.084 17.574 40.232
1743 26.294 43.006 40.092
1744 17.083 2.697 6.849
1745 33.705 2.229 21.984
1746 36.271 15.918 28.335
1747 27.256 36.464 42.926
1748 13.894 22.082 31.277
1749 29.792 44.364 5.231
1750 8.468 28.269 25.686
1751 34.927 5.139 26.654
1752 19.59 14.454 45.366
1753 28.791 20.761 13.4
1754 22.301 29.315 7.728
1755 14.972 28.597 45.11
1756 38.488 44.538 29.11
1757 19.199 14.673 12.263
1758 19.408 36.901 28.52
1759 31.035 38.801 24.135
1760 9.629 18.793 10.279
1761 36.956 24.06 10.336
1762 13.673 8.123 29.433
1763 10.236 15.804 12.048
1764 30.453 36.209 26.633
1765 8.43 18.901 3.583
1766 26.486 46.89 4.687
1767 26.276 44.056 13.944
1768 26.74 13.757 21.498
1769 12.008 30.136 37.338
1770 25.309 15.655 6.654
1771 29.054 1.97 47.266
1772 22.936 16.254 38.977
1773 25.014 10.037 37.788
1774 29.516 46.044 9.013
1775 36.69 27.557 22.077
1776 14.823 29.842 11.33
1777 18.263 27.474 28.018
1778 8.095 23.965 42.315
1779 13.901 1.146 41.653
1780 12.499 13.802 20.461
1781 23.843 4.049 7.727
1782 8.881 4.456 3.102
1783 18.805 30.173 6.191
1784 26.23 4.754 32.608
1785 18.973 27.427 22.971
1786 12.128 5.578 47.463
1787 36.473 23.416 36.064
1788 28.631 40.117 40.364
1789 25.036 13.901 36.875
1790 34.43 43.193 34.052
1791 11.369 24.318 10.671
1792 8.617 14.302 46.148
1793 17.827 26.672 23.97
1794 31.196 1.675 32.152
1795 13.712 24.203 23.308
1796 32.983 11.448 2.013
1797 29.686 6.958 1.844
1798 18.28 17.374 32.876
1799 11.743 39.281 37.165
1800 20.949 9.139 23.693
1801 22.83 46.918 4.543
1802 27.405 1.02 17.517
1803 16.775 0.898 7.447
1804 26.674 44.829 7.503
1805 37.0 16.678 9.254
1806 14.614 33.657 6.543
1807 27.657 20.333 47.003
1808 19.314 36.296 33.314
1809 15.817 42.837 10.403
1810 31.231 24.201 12.518
1811 17.546 12.087 37.757
1812 10.23 27.299 23.9
1813 32.098 16.375 45.915
1814 36.809 47.307 5.076
1815 32.503 45.86 5.683
1816 26.025 34.834 13.962
1817 20.2 20.786 27.319
1818 25.331 28.418 21.91
1819 14.702 15.991 7.054
1820 16.779 46.134 4.765
1821 36.088 4.178 35.585
1822 29.086 2.369 22.936
1823 12.461 12.241 1.094
1824 9.609 27.756 14.223
1825 28.375 29.965 41.632
1826 35.134 18.083 24.313
1827 37.542 30.162 17.768
1828 11.627 14.397 3.244
1829 28.227 19.355 5.528
1830 11.492 13.79 41.171
1831 23.506 18.883 37.352
1832 27.854 20.891 23.896
1833 30.048 7.755 12.877
1834 25.664 16.219 13.641
1835 24.285 19.144 20.12
1836 31.506 8.525 28.584
1837 17.992 29.168 43.065
1838 28.976 26.858 28.258
1839 21.704 17.157 20.227
1840 31.013 25.139 1.536
1841 18.159 7.702 7.726
1842 37.609 23.682 8.191
1843 22.684 43.202 7.19
1844 33.417 0.248 42.872
1845 32.864 10.711 18.451
1846 11.914 10.225 35.189
1847 38.284 34.77 9.484
1848 14.542 28.954 11.136
1849 17.135 15.398 44.868
1850 34.867 17.071 11.918
1851 22.325 3.849 40.515
1852 25.39 22.916 6.966
1853 17.065 30.651 24.541
1854 38.322 16.428 3.696
1855 13.333 33.17 32.977
1856 16.623 40.948 44.74
1857 26.713 17.199 31.198
1858 12.519 46.03 22.372
1859 30.966 31.593 23.505
1860 19.393 43.517 18.118
1861 24.876 6.931 2.62
1862 31.632 45.236 18.719
1863 20.33 26.093 5.924
1864 27.217 21.177 4.203
1865 13.876 15.823 3.334
1866 15.048 19.909 19.78
1867 37.988 5.841 30.491
1868 14.372 1.467 35.628
1869 22.231 5.474 35.262
1870 10.714 42.41 26.428
1871 29.416 35.847 26.764
1872 12.302 38.188 5.78
1873 32.834 18.169 25.749
1874 15.242 39.925 44.654
1875 22.841 34.923 14.313
1876 29.322 26.522 38.227
1877 34.269 31.079 29.343
1878 36.393 12.521 17.441
1879 30.107 27.892 45.714
1880 16.619 20.925 7.039
1881 35.153 36.653 11.078
1882 22.983 38.653 27.398
1883 24.985 19.212 10.768
1884 25.418 13.969 13.73
1885 11.171 30.897 47.368
1886 38.583 10.784 24.801
1887 24.312 37.573 38.185
1888 17.657 38.479 45.092
1889 19.479 37.719 28.014
1890 9.115 46.514 40.531
1891 14.436 14.858 5.403
1892 24.797 3.63 27.045
1893 29.456 31.508 5.489
1894 23.625 27.52 32.882
1895 31.483 36.883 37.073
1896 26.916 41.168 15.348
1897 22.735 24.534 26.716
1898 9.761 5.642 44.992
1899 22.818 29.066 36.463
1900 14.331 27.095 37.872
1901 38.173 37.089 17.11
1902 26.372 45.557 12.97
1903 28.715 39.897 17.929
1904 36.697 17.984 11.663
1905 24.326 33.213 29.099
1906 8.257 41.197 0.398
1907 35.874 12.812 36.003
1908 22.872 30.548 1.46
1909 26.415 20.282 39.376
1910 23.911 41.17 25.444
1911 18.717 12.205 27.854
1912 13.399 17.955 13.54
1913 19.935 1.186 3.108
1914 35.029 2.336 35.433
1915 9.421 18.071 2.702
1916 25.066 10.654 0.454
1917 31.401 43.795 5.113
1918 30.634 41.789 16.28
1919 28.09 27.874 30.293
1920 23.172 2.839 25.331
1921 15.592 28.68 7.291
1922 17.311 47.119 6.761
1923 28.867 22.805 34.456
1924 11.434 17.998 43.639
1925 18.873 47.19 32.375
1926 36.183 25.59 34.342
1927 19.855 29.62 15.102
1928 37.862 33.366 45.668
1929 22.192 1.328 18.852
1930 31.785 4.113 0.343
1931 24.358 30.163 29.374
1932 26.172 6.203 17.1
1933 9.64 10.955 22.989
1934 21.419 6.458 17.16
1935 25.453 19.678 24.78
1936 9.961 1.611 8.843
1937 27.503 37.988 36.9
1938 30.056 33.979 22.958
1939 17.257 42.923 42.991
1940 12.091 1.606 37.553
1941 15.223 20.939 9.729
1942 14.594 2.06 7.152
1943 30.804 8.874 38.042
1944 14.996 19.115 20.067
1945 8.066 39.244 15.596
1946 35.262 4.037 7.141
1947 35.274 20.593 17.122
1948 36.763 4.673 46.614
1949 34.761 11.414 45.295
1950 19.0 1.044 9.651
1951 21.334 24.571 3.928
1952 27.148 42.884 7.624
1953 18.869 26.518 12.452
1954 26.995 23.724 13.745
1955 8.317 25.63 6.159
1956 26.752 39.202 3.11
1957 28.691 6.173 17.858
1958 15.093 5.61 38.342
1959 12.256 27.066 22.042
1960 23.599 41.641 44.882
1961 19.857 17.686 5.481
1962 18.672 22.533 25.396
1963 27.77 3.918 32.94
1964 29.208 8.837 32.979
1965 18.765 17.182 32.025
1966 20.835 6.877 4.678
1967 11.283 11.841 21.03
1968 15.578 11.31 14.67
1969 26.37 4.796 27.611
1970 21.735 23.282 47.258
1971 15.658 5.516 20.619
1972 11.157 5.218 33.608
1973 11.959 20.017 13.149
1974 12.361 7.285 17.072
1975 17.31 35.748 46.864
1976 32.677 46.354 20.638
1977 8.698 42.581 4.73
1978 36.458 42.206 26.382
1979 25.417 19.476 29.583
1980 8.318 19.557 45.18
1981 26.316 34.506 46.599
1982 28.429 29.203 18.918
1983 23.982 21.388 12.38
1984 21.94 37.604 33.418
1985 11.084 8.202 46.724
1986 24.151 7.95 34.483
1987 29.863 37.998 30.194
1988 24.83 15.831 37.922
1989 15.361 28.997 18.382
1990 12.497 46.001 32.03
1991 32.659 23.365 13.746
1992 15.812 0.62 30.575
1993 22.803 12.765 1.649
1994 37.577 17.465 27.359
1995 26.175 21.783 27.894
1996 9.398 33.52 24.521
1997 9.981 35.496 35.16
1998 24.681 44.784 0.698
1999 38.432 20.476 0.901
2000 15.53 1.564 32.941
2001 36.254 0.822 9.782
2002 27.113 9.7 5.219
2003 13.849 39.026 32.85
2004 15.906 11.798 28.775
2005 28.524 11.014 32.034
2006 30.668 30.991 15.402
2007 33.821 40.671 28.172
2008 21.897 39.399 10.938
2009 13.124 12.163 34.161
2010 24.274 41.364 2.565
2011 8.561 5.45 32.332
2012 29.437 47.587 35.376
2013 15.878 12.347 7.703
2014 15.45 4.173 28.043
2015 31.816 28.593 42.926
2016 27.373 31.639 45.699
2017 35.657 15.651 39.202
2018 12.055 44.005 12.283
2019 28.081 7.059 31.08
2020 35.424 21.446 28.815
2021 37.07 36.632 31.018
2022 36.89 44.75 24.869
2023 26.143 43.114 31.863
2024 13.785 41.679 11.966
2025 33.708 22.445 8.781
2026 10.642 34.028 8.636
2027 37.016 29.15 17.041
2028 21.243 35.768 32.81
2029 34.41 27.595 46.113
2030 17.908 4.026 18.169
2031 21.549 26.655 45.391
2032 11.754 21.596 19.751
2033 11.261 5.68 15.579
2034 37.027 30.488 31.134
2035 28.511 12.455 24.201
2036 32.352 25.546 36.296
2037 15.683 15.62 39.146
2038 20.674 36.76 14.058
2039 33.161 2.24 15.533
2040 25.392 4.565 10.256
2041 9.089 18.21 38.477
2042 9.297 7.388 40.812
2043 28.684 16.158 19.324
2044 27.285 26.508 42.884
2045 37.468 34.488 27.345
2046 18.536 13.466 4.576
2047 16.621 36.824 15.092
2048 29.14 10.286 11.312
2049 30.106 37.729 44.06
2050 14.238 12.353 28.784
2051 36.786 17.68 12.386
2052 12.691 8.286 2.097
2053 14.326 29.407 44.388
2054 22.707 29.713 23.12
2055 34.175 35.952 25.909
2056 16.862 0.392 3.1
2057 21.135 7.445 29.899
2058 20.432 11.93 46.169
2059 12.045 38.448 35.833
2060 10.705 18.641 18.808
2061 29.53 44.747 2.327
2062 15.036 2.874 39.164
2063 27.351 17.161 12.153
2064 34.462 22.786 34.695
2065 38.259 14.827 42.797
2066 18.994 2.019 12.749
2067 9.96 34.224 27.519
2068 16.103 21.242 5.213
2069 30.959 36.922 16.764
2070 25.954 29.889 22.529
2071 22.166 33.265 10.208
2072 34.125 19.672 38.14
2073 10.26 44.738 2.289
2074 10.396 44.482 37.722
2075 15.39 11.954 30.121
2076 29.125 39.327 23.158
2077 20.362 7.67 41.621
2078 28.622 43.987 46.104
2079 33.007 12.515 7.658
2080 17.712 44.458 42.128
2081 10.388 3.746 19.471
2082 34.861 29.804 0.966
2083 27.879 3.994 30.234
2084 26.91 19.224 8.673
2085 12.525 20.521 31.614
2086 20.66 35.953 31.032
2087 22.294 7.17 17.59
2088 8.985 10.672 27.618
2089 35.757 39.23 32.86
2090 30.203 6.652 10.393
2091 19.751 13.411 27.322
2092 35.11 41.093 43.127
2093 24.497 47.589 13.472
2094 13.698 14.66 32.319
2095 37.011 25.111 23.815
2096 23.749 29.4 9.47
2097 19.092 7.506 25.197
2098 31.532 24.305 1.471
2099 14.637 31.047 10.61
2100 15.123 15.152 30.825
2101 17.854 10.642 16.713
2102 14.386 19.234 19.452
2103 7.887 5.391 19.533
2104 8.313 43.696 4.183
2105 14.606 16.22 26.88
2106 28.162 35.718 26.351
2107 37.541 47.773 6.317
2108 38.551 11.337 40.849
2109 24.715 30.524 5.378
2110 21.329 45.274 33.157
2111 19.568 14.633 31.723
2112 22.906 23.534 10.68
2113 29.209 32.575 6.4
2114 34.47 32.213 11.934
2115 35.734 13.652 14.663
2116 29.014 6.142 19.082
2117 36.026 22.573 5.516
2118 21.034 42.438 20.913
2119 29.16 18.287 0.932
2120 13.178 9.708 33.004
2121 16.755 6.531 37.139
2122 31.024 20.665 47.767
2123 32.787 40.689 29.1
2124 28.37 43.1 24.935
2125 26.374 38.376 25.017
2126 31.94 20.067 24.309
2127 27.043 10.961 43.93
2128 11.079 39.5 39.097
2129 22.029 28.453 30.758
2130 18.833 4.829 38.566
2131 13.713 29.054 3.412
2132 16.085 20.459 38.01
2133 33.069 46.309 38.6
2134 10.699 33.42 25.42
2135 28.332 46.349 24.657
2136 33.343 0.364 25.172
2137 15.667 32.57 5.589
2138 8.907 42.483 37.697
2139 37.963 6.695 25.103
2140 18.031 1.83 38.173
2141 30.152 17.921 37.55
2142 23.715 30.433 25.727
2143 23.093 6.514 41.741
2144 31.971 42.949 38.836
2145 22.13 10.704 16.752
2146 38.459 46.765 45.121
2147 14.148 33.779 32.042
2148 35.571 3.899 4.826
2149 38.432 11.034 44.054
2150 15.263 0.584 36.126
2151 32.098 35.767 35.829
2152 25.465 24.038 46.859
2153 36.272 33.838 44.457
2154 38.689 19.684 39.855
2155 18.766 9.0 40.555
2156 36.159 20.451 0.433
2157 27.791 23.214 11.885
2158 35.456 22.071 23.491
2159 8.762 14.243 41.718
2160 29.644 32.683 45.488
2161 19.348 16.487 5.958
2162 8.978 18.573 5.638
2163 17.827 33.743 34.472
2164 15.659 46.313 22.688
2165 30.422 14.727 15.131
2166 29.083 9.092 5.113
2167 24.343 36.82 44.159
2168 18.82 37.151 36.551
2169 33.299 32.422 17.067
2170 38.192 10.125 41.479
2171 16.16 18.939 16.919
2172 24.043 35.785 8.427
2173 24.425 8.804 27.86
2174 18.223 28.771 8.205
2175 22.349 5.974 11.844
2176 20.726 41.477 15.126
2177 8.139 37.077 1.941
2178 31.683 14.92 8.407
2179 34.917 4.631 44.912
2180 13.25 12.185 44.931
2181 19.992 2.707 21.813
2182 9.879 8.89 11.597
2183 13.378 43.272 17.246
2184 30.427 39.51 26.4
2185 27.98 15.691 3.618
2186 16.828 39.264 10.279
2187 11.044 42.514 38.217
2188 32.064 1.668 26.781
2189 28.051 10.678 36.941
2190 32.289 41.254 43.922
2191 35.461 28.599 28.073
2192 30.515 32.604 31.114
2193 24.635 12.632 44.771
2194 37.526 12.904 0.694
2195 33.99 43.77 30.927
2196 35.332 40.939 9.842
2197 34.521 10.41 3.239
2198 34.04 30.043 29.308
2199 20.685 4.267 31.995
2200 31.92 29.661 42.702
2201 26.844 16.404 27.176
2202 14.993 40.797 44.323
2203 20.936 18.108 13.22
2204 18.03 28.18 30.012
2205 28.725 46.63 5.419
2206 31.69 1.032 45.008
2207 36.722 28.439 45.878
2208 21.664 11.562 13.31
2209 32.394 40.728 7.487
2210 8.612 17.426 19.631
2211 22.157 40.945 36.694
2212 12.176 37.58 44.949
2213 19.049 3.044 34.827
2214 26.343 36.86 3.557
2215 12.364 36.869 7.62
2216 15.095 34.93 19.651
2217 33.235 35.431 35.918
2218 28.413 19.302 27.224
2219 12.177 43.853 24.588
2220 23.11 32.323 31.378
2221 18.263 4.618 14.988
2222 31.63 36.951 18.627
2223 36.364 3.614 0.325
2224 32.549 32.496 19.478
2225 24.616 11.672 20.69
2226 22.942 36.84 26.851
2227 33.035 18.336 3.91
2228 16.346 4.911 1.417
2229 28.467 18.797 43.523
2230 30.725 35.023 11.459
2231 8.452 31.568 20.567
2232 26.649 27.498 21.16
2233 8.867 45.813 41.91
2234 25.435 47.48 19.784
2235 34.996 34.2 40.473
2236 17.995 15.699 19.357
2237 38.279 0.4 41.2
2238 15.249 24.233 5.638
2239 29.896 38.506 42.069
2240 27.393 15.444 25.872
2241 11.046 11.938 18.138
2242 22.463 19.048 46.197
2243 13.816 1.91 44.561
2244 30.442 44.972 42.262
2245 8.105 30.815 10.396
2246 25.097 0.446 35.223
2247 11.907 40.182 31.247
2248 22.11 34.949 16.382
2249 15.417 10.192 4.066
2250 34.736 25.558 15.888
2251 18.854 8.882 29.37
2252 30.635 23.458 14.585
2253 19.707 16.569 40.23
2254 25.096 29.8 18.847
2255 19.906 23.808 44.385
2256 9.743 32.479 33.29
2257 36.665 35.348 6.823
2258 24.874 36.298 17.166
2259 29.081 6.023 13.484
2260 24.806 0.813 9.281
2261 14.073 23.393 15.023
2262 20.363 17.657 7.595
2263 28.009 21.191 28.797
2264 34.496 33.807 11.173
2265 31.144 6.394 5.189
2266 11.479 41.033 9.576
2267 38.114 1.761 3.186
2268 21.705 5.034 28.441
2269 17.421 5.253 43.962
2270 37.913 8.996 8.314
2271 14.136 31.286 9.611
2272 24.197 4.919 34.682
2273 33.485 3.496 18.001
2274 25.401 25.573 7.949
2275 7.822 19.488 7.033
2276 36.847 1.053 42.671
2277 35.587 25.584 10.24
2278 37.646 37.489 2.267
2279 35.771 30.013 23.505
2280 17.055 0.585 30.148
2281 15.728 28.289 42.494
2282 34.303 47.651 46.184
2283 20.774 35.834 47.408
2284 9.997 38.807 5.642
2285 32.778 11.724 40.288
2286 22.773 16.59 39.732
2287 23.957 41.172 41.095
2288 33.434 42.344 29.991
2289 20.578 1.822 28.868
2290 27.009 8.533 9.142
2291 33.334 20.757 26.753
2292 19.89 7.362 9.033
2293 25.09 37.579 1.43
2294 12.904 15.966 26.523
2295 7.89 38.884 17.673
2296 25.8 24.716 19.39
2297 23.858 34.098 6.346
2298 11.316 34.294 12.122
2299 13.788 8.956 3.011
2300 34.323 13.111 47.486
2301 36.219 25.517 20.535
2302 33.32 34.939 3.752
2303 23.053 29.556 4.736
2304 25.168 40.113 45.752
2305 28.522 45.329 44.76
2306 33.617 28.705 45.418
2307 30.232 36.831 26.309
2308 16.584 25.573 38.356
2309 19.454 43.845 1.916
2310 17.495 37.985 6.922
2311 24.22 13.297 35.367
2312 33.446 32.75 26.364
2313 31.283 41.224 38.374
2314 13.518 1.663 1.136
2315 13.936 11.74 5.692
2316 27.455 16.692 44.142
2317 20.064 43.759 17.824
2318 20.717 18.06 17.001
2319 31.514 3.229 14.206
2320 32.381 24.208 23.758
2321 19.326 13.558 15.521
2322 19.044 20.824 37.361
2323 36.244 43.739 45.302
2324 22.829 41.056 38.687
2325 32.425 29.802 3.494
2326 17.984 14.882 16.556
2327 17.497 31.061 6.372
2328 11.583 39.169 40.938
2329 27.479 34.231 46.245
2330 9.855 23.937 36.76
2331 26.754 44.541 34.372
2332 15.368 43.543 40.457
2333 37.799 37.129 7.866
2334 12.382 40.807 3.341
2335 20.932 9.548 16.521
2336 13.321 20.288 47.148
2337 32.296 22.015 10.377
2338 10.665 17.236 44.338
2339 30.052 37.528 13.146
2340 16.659 30.793 7.431
2341 8.626 18.844 23.248
2342 13.701 47.201 18.814
2343 22.193 31.878 43.839
2344 31.4 28.587 29.037
2345 38.203 35.681 25.114
2346 28.643 34.445 40.341
2347 7.933 10.334 14.172
2348 29.11 6.95 28.079
2349 8.444 39.873 4.425
2350 12.992 20.29 8.3
2351 26.658 41.334 16.768
2352 11.751 42.317 11.653
2353 9.976 15.953 16.683
2354 31.496 3.202 32.088
2355 9.312 31.251 20.056
2356 16.912 36.162 41.013
2357 22.758 30.856 32.215
2358 12.466 45.207 26.793
2359 37.641 21.901 1.539
2360 32.123 23.169 3.906
2361 35.958 46.351 1.953
2362 26.534 4.369 17.306
2363 26.6 46.839 34.844
2364 26.094 30.101 23.552
2365 37.551 38.139 35.422
2366 11.834 19.849 46.623
2367 27.335 34.802 13.277
2368 32.023 37.689 21.95
2369 27.985 5.211 46.657
2370 31.607 40.88 12.391
2371 32.545 36.733 46.407
2372 8.59 42.228 17.591
2373 33.152 35.621 26.825
2374 22.303 13.658 18.076
2375 15.565 0.987 25.877
2376 28.343 21.455 5.797
2377 30.638 11.144 0.288
2378 20.081 28.987 35.806
2379 19.101 1.366 13.58
2380 14.268 3.668 28.364
2381 14.699 47.678 2.085
2382 34.945 26.694 2.045
2383 14.587 20.993 17.093
2384 16.811 5.97 26.647
2385 14.255 16.002 22.53
2386 22.73 1.893 11.67
2387 9.481 17.617 17.561
2388 13.058 31.448 17.068
2389 15.474 12.484 25.902
2390 27.019 45.139 13.834
2391 32.136 14.847 30.355
2392 12.227 24.234 13.247
2393 30.406 23.667 21.225
2394 32.907 5.41 41.253
2395 27.028 44.459 16.717
2396 24.965 39.61 29.116
2397 28.282 37.095 26.014
2398 34.416 15.128 7.539
2399 16.804 45.554 37.367
2400 19.746 22.701 10.84
2401 33.074 42.643 3.996
2402 31.526 32.795 6.382
2403 26.839 30.311 4.275
2404 30.882 36.284 7.673
2405 25.236 19.16 35.288
2406 23.796 44.811 33.045
2407 25.774 33.169 31.907
2408 16.618 41.91 29.194
2409 33.364 13.221 4.753
2410 8.872 36.066 18.692
2411 10.609 17.313 27.244
2412 36.843 32.336 19.939
2413 33.533 39.465 31.478
2414 7.946 27.664 42.935
2415 9.536 4.05 30.472
2416 25.871 17.364 6.838
2417 13.342 23.76 27.474
2418 24.927 2.583 2.189
2419 16.692 20.985 13.662
2420 35.41 2.866 39.236
2421 19.085 8.82 14.095
2422 26.435 26.31 13.681
2423 12.889 0.421 39.15
2424 31.378 2.683 22.487
2425 30.194 24.144 13.242
2426 30.125 10.533 10.368
2427 12.99 41.352 24.244
2428 23.135 18.914 36.564
2429 28.024 31.911 26.227
2430 16.356 35.023 32.525
2431 24.977 41.0 34.632
2432 34.162 21.569 26.076
2433 31.909 43.551 40.838
2434 20.514 5.308 22.015
2435 23.817 23.594 21.312
2436 36.592 27.782 11.202
2437 27.97 37.306 25.477
2438 22.463 34.097 9.466
2439 15.828 44.413 3.067
2440 12.847 8.762 3.76
2441 38.12 15.868 15.309
2442 15.914 28.199 5.809
2443 16.661 35.422 4.847
2444 24.298 42.745 46.063
2445 30.655 10.364 15.886
2446 22.417 12.329 43.868
2447 21.092 7.155 38.005
2448 22.025 45.325 21.1
2449 8.838 19.415 47.49
2450 31.334 43.791 15.67
2451 27.443 46.753 17.127
2452 16.17 40.144 43.487
2453 36.324 17.227 31.579
2454 23.88 17.006 18.66
2455 35.065 17.855 41.554
2456 20.178 15.609 26.01
2457 11.571 43.977 18.659
2458 16.068 38.58 4.21
2459 22.308 31.713 19.411
2460 24.22 36.655 37.236
2461 17.051 9.636 26.503
2462 30.907 5.944 46.433
2463 20.771 25.357 43.285
2464 20.979 4.901 4.24
2465 37.557 32.31 1.21
2466 33.23 18.53 1.428
2467 36.068 25.181 2.976
2468 17.305 4.935 34.589
2469 12.92 14.436 10.178
2470 14.483 2.595 13.87
2471 30.999 43.454 7.067
2472 23.002 5.555 32.5
2473 9.126 14.565 20.102
2474 37.912 22.538 33.739
2475 14.667 22.899 17.739
2476 20.343 23.983 28.593
2477 12.078 16.217 42.8
2478 19.446 15.967 2.885
2479 18.849 36.802 27.144
2480 11.082 31.692 26.168
2481 17.465 22.854 33.881
2482 34.147 9.763 25.148
2483 8.429 11.406 22.828
2484 14.44 27.941 34.794
2485 22.97 9.059 47.255
2486 19.353 9.916 37.033
2487 18.101 30.376 29.447
2488 15.584 29.152 25.23
2489 8.471 13.566 32.72
2490 23.983 8.715 0.772
2491 32.58 40.333 22.373
2492 34.885 24.094 2.591
2493 33.343 10.069 20.761
2494 36.275 9.876 8.486
2495 10.144 9.122 43.707
2496 30.938 3.235 23.401
2497 30.664 5.432 36.314
2498 23.521 3.882 45.982
2499 21.331 23.405 38.306
2500 32.386 15.979 43.113
2501 38.007 9.628 3.874
2502 38.194 34.534 36.409
2503 38.04 45.744 32.523
2504 17.698 35.087 32.816
2505 11.491 37.527 0.75
2506 7.974 15.551 29.968
2507 35.118 15.078 8.973
2508 17.631 3.859 31.337
2509 20.084 13.875 15.877
2510 11.64 22.944 43.002
2511 29.38 8.82 2.177
2512 10.666 31.248 10.591
2513 30.337 3.864 45.158
2514 20.861 2.98 32.524
2515 11.369 40.384 11.88
2516 29.451 13.428 10.949
2517 19.477 31.227 0.477
2518 24.942 3.301 3.336
2519 12.552 10.451 32.701
2520 23.272 21.568 45.693
2521 12.725 40.638 23.675
2522 24.256 16.619 9.945
2523 14.994 22.388 16.401
2524 33.927 24.244 39.813
2525 15.673 7.293 4.382
2526 12.61 34.954 38.529
2527 20.748 16.694 17.851
2528 20.14 20.51 10.336
2529 23.335 1.191 22.452
2530 28.781 43.712 7.744
2531 14.486 4.163 47.31
2532 17.061 27.851 43.903
2533 28.651 36.329 40.132
2534 28.719 33.664 29.022
2535 12.536 7.774 16.858
2536 19.895 17.869 4.522
2537 38.041 28.787 37.316
2538 10.953 39.115 27.36
2539 36.917 21.496 45.828
2540 21.114 36.08 41.027
2541 29.913 5.312 3.474
2542 12.409 16.395 13.541
2543 31.221 19.581 8.741
2544 9.662 25.318 7.012
2545 13.489 12.946 33.501
2546 17.568 8.028 9.752
2547 15.586 34.009 19.894
2548 12.184 43.431 45.605
2549 33.268 8.521 32.476
2550 37.468 44.034 37.323
2551 8.072 46.579 29.789
2552 31.102 7.101 19.447
2553 16.275 47.227 5.71
2554 24.345 8.728 18.808
2555 11.66 25.101 41.16
2556 38.086 12.323 6.641
2557 29.706 17.203 17.215
2558 27.736 45.701 30.358
2559 30.691 8.91 16.892
2560 8.722 41.382 13.448
2561 15.731 4.723 13.024
2562 19.118 32.667 6.608
2563 30.28 8.934 16.083
2564 9.346 3.202 25.356
2565 32.97 2.681 40.369
2566 10.15 1.364 22.098
2567 20.601 32.339 45.207
2568 16.067 7.966 11.328
2569 24.989 6.274 15.453
2570 14.898 41.474 12.58
2571 26.242 33.953 4.865
2572 31.606 2.527 22.744
2573 26.634 8.818 13.104
2574 23.997 14.904 7.66
2575 24.025 21.344 40.556
2576 28.246 37.137 26.639
2577 25.129 28.002 5.581
2578 31.237 24.223 47.495
2579 33.339 27.724 17.611
2580 14.61 12.669 30.747
2581 12.129 33.039 40.991
2582 28.933 32.486 26.495
2583 11.732 37.123 3.028
2584 16.952 47.084 15.571
2585 34.265 17.645 32.084
2586 38.424 9.881 20.999
2587 36.22 35.947 33.701
2588 24.034 5.361 16.362
2589 33.062 36.958 1.736
2590 18.893 20.593 40.547
2591 30.01 0.5 33.342
2592 15.744 31.108 11.39
2593 25.285 35.007 37.631
2594 26.244 39.816 29.662
2595 28.498 21.856 25.368
2596 15.457 45.445 39.73
2597 15.337 4.273 31.842
2598 37.515 10.322 8.945
2599 37.608 33.161 29.153
2600 10.7 14.391 2.693
2601 9.901 25.09 12.46
2602 10.598 37.78 39.716
2603 27.978 26.322 35.051
2604 25.356 1.514 23.981
2605 9.357 10.692 41.878
2606 13.148 32.215 11.607
2607 38.584 37.876 47.031
2608 19.077 8.884 29.324
2609 31.085 40.851 17.555
2610 19.856 39.591 44.094
2611 9.852 6.148 46.065
2612 36.421 17.603 25.926
2613 31.796 11.614 9.43
2614 34.501 10.07 37.904
2615 36.004 9.848 31.273
2616 20.814 29.513 32.444
2617 29.426 5.12 45.191
2618 30.828 37.007 23.456
2619 34.232 12.379 4.91
2620 20.485 16.05 41.123
2621 18.636 37.815 41.905
2622 20.586 27.309 27.162
2623 31.054 13.943 38.392
2624 11.155 26.104 29.601
2625 13.082 5.453 41.464
2626 15.791 42.243 10.508
2627 15.195 16.101 20.342
2628 32.081 13.538 11.212
2629 13.388 31.591 40.109
2630 10.772 5.664 25.271
2631 23.162 29.562 23.408
2632 34.787 31.485 44.262
2633 17.633 31.29 30.432
2634 26.637 24.391 15.518
2635 38.087 41.025 11.952
2636 37.695 42.24 5.97
2637 28.891 39.969 35.385
2638 13.255 24.746 38.185
2639 31.125 11.345 17.749
2640 20.048 41.463 43.514
2641 38.638 36.665 5.995
2642 32.863 18.8 7.924
2643 27.606 24.93 28.846
2644 22.01 28.136 32.111
2645 11.161 40.888 11.229
2646 31.473 24.947 32.88
2647 26.995 38.786 14.776
2648 23.769 37.191 12.584
2649 15.994 10.892 4.818
2650 15.581 4.906 7.437
2651 35.059 15.402 34.442
2652 19.236 15.102 18.412
2653 18.555 43.092 13.139
2654 31.702 27.047 12.933
2655 22.771 4.463 21.699
2656 19.461 43.095 8.895
2657 25.625 4.415 15.098
2658 27.226 17.016 22.338
2659 13.393 46.671 20.249
2660 34.416 21.271 25.84
2661 37.149 25.43 7.463
2662 26.506 0.8 0.382
2663 28.109 26.33 22.535
2664 9.052 27.791 46.486
2665 12.053 8.779 47.711
2666 29.595 5.113 28.365
2667 32.321 22.101 34.85
2668 36.3 31.117 22.952
2669 32.445 46.732 8.18
2670 32.545 15.573 9.925
2671 33.549 24.785 41.883
2672 20.457 32.849 46.822
2673 26.75 24.302 22.141
2674 28.561 28.967 37.366
2675 13.208 12.744 41.073
2676 12.209 12.47 7.612
2677 12.601 28.808 39.841
2678 27.095 8.142 32.125
2679 33.761 34.776 9.178
2680 18.037 47.057 21.691
2681 33.372 36.927 1.433
2682 27.356 4.896 27.198
2683 12.255 34.414 0.503
2684 35.841 47.698 44.304
2685 24.478 39.814 10.358
2686 31.401 13.449 10.813
2687 11.982 43.804 8.559
2688 22.183 0.305 45.95
2689 29.007 43.031 6.78
2690 31.558 39.17 16.897
2691 36.291 41.353 11.305
2692 9.958 41.305 38.008
2693 31.244 5.766 16.986
2694 33.71 22.874 12.695
2695 27.731 22.78 14.611
2696 13.656 11.103 9.552
2697 29.037 42.499 5.22
2698 38.611 44.407 35.875
2699 34.539 13.912 1.278
2700 12.476 27.242 42.26
2701 10.073 19.019 28.139
2702 19.087 2.586 35.319
2703 25.068 41.572 38.329
2704 35.408 21.181 4.775
2705 34.66 43.747 3.691
2706 14.902 1.951 38.732
2707 19.522 12.972 45.185
2708 14.44 18.729 13.829
2709 22.639 6.693 30.831
2710 18.81 44.563 32.852
2711 36.009 46.56 19.672
2712 35.939 34.236 35.468
2713 26.476 30.077 14.452
2714 9.653 40.553 23.37
2715 21.193 42.608 22.332
2716 22.792 47.58 0.865
2717 17.133 5.511 44.428
2718 27.766 6.091 4.847
2719 18.836 18.525 42.84
2720 15.657 22.937 18.542
2721 8.204 16.115 29.729
2722 34.259 46.427 40.054
2723 25.825 23.553 25.481
2724 37.589 46.772 4.394
2725 30.074 0.312 13.693
2726 12.821 4.621 22.837
2727 17.493 22.923 38.327
2728 27.754 12.729 6.906
2729 35.476 27.014 3.074
2730 19.285 38.411 23.903
2731 30.29 29.352 40.963
2732 10.676 17.962 28.399
2733 17.213 38.698 3.126
2734 12.338 7.226 47.576
2735 26.755 11.827 5.465
2736 28.748 18.652 8.155
2737 24.588 19.366 45.914
2738 17.387 18.413 41.259
2739 21.476 24.565 8.936
2740 26.435 20.878 47.358
2741 21.195 31.047 24.941
2742 31.397 1.804 39.296
2743 33.719 27.213 37.874
2744 18.37 16.791 47.662
2745 27.865 40.597 36.353
2746 21.76 6.667 30.167
2747 33.891 34.328 9.91
2748 9.799 5.393 22.985
2749 13.788 20.225 17.517
2750 16.601 13.429 17.464
2751 23.431 25.118 37.067
2752 29.791 30.871 18.608
2753 21.339 8.224 9.052
2754 31.488 11.835 14.297
2755 12.299 1.781 21.315
2756 8.355 22.139 23.236
2757 8.895 26.598 13.959
2758 8.603 21.389 24.151
2759 17.709 22.295 36.374
2760 19.75 31.479 5.659
2761 19.67 27.949 39.129
2762 34.238 46.362 38.233
2763 11.695 11.43 18.711
2764 12.098 41.672 4.802
2765 37.625 32.976 20.485
2766 18.41 14.387 21.749
2767 10.584 47.0 37.411
2768 11.978 20.745 43.135
2769 19.008 43.381 2.313
2770 24.48 12.217 44.869
2771 23.809 28.421 11.725
2772 19.766 16.579 24.248
2773 37.353 37.018 9.574
2774 35.469 10.099 44.464
2775 9.429 25.179 12.031
2776 33.237 0.981 40.656
2777 19.041 24.941 38.413
2778 8.82 47.161 1.998
2779 27.182 24.067 36.138
2780 34.995 3.107 26.184
2781 35.072 20.369 37.874
2782 13.959 40.079 35.482
2783 31.098 28.084 30.887
2784 15.788 5.878 9.893
2785 13.631 7.8 38.289
2786 20.219 27.006 17.407
2787 21.157 28.19 39.089
2788 26.372 46.781 11.754
2789 29.684 38.162 0.922
2790 27.837 10.814 25.635
2791 16.784 17.476 26.747
2792 36.01 36.95 41.126
2793 16.997 13.726 1.035
2794 10.964 26.47 36.424
2795 30.468 27.921 12.269
2796 22.559 8.924 45.821
2797 18.639 41.662 9.245
2798 31.987 32.588 36.76
2799 33.217 31.331 39.36
2800 29.547 47.461 36.943
2801 22.358 5.973 32.268
2802 15.096 33.972 19.349
2803 19.548 0.791 41.61
2804 31.271 28.676 4.953
2805 29.155 31.981 30.677
2806 26.195 9.13 10.239
2807 28.278 44.442 27.983
2808 28.846 42.206 27.655
2809 35.511 14.277 12.797
2810 25.763 3.643 46.229
2811 17.29 4.459 1.182
2812 18.386 24.028 21.059
2813 32.393 39.688 7.214
2814 14.209 8.657 26.638
2815 24.038 33.307 37.032
2816 24.955 35.347 43.15
2817 35.2 29.84 2.627
2818 36.264 40.283 15.886
2819 37.478 9.762 4.75
2820 24.583 13.242 26.993
2821 10.025 13.07 25.904
2822 26.949 26.681 11.391
2823 14.168 21.571 3.589
2824 9.551 21.513 7.094
2825 22.968 47.447 26.917
2826 35.149 22.72 39.742
2827 10.563 31.639 14.321
2828 10.832 36.496 26.366
2829 38.744 36.636 27.036
2830 34.183 37.458 36.737
2831 20.66 12.306 39.192
2832 18.101 10.626 23.272
2833 7.978 30.199 36.203
2834 12.424 43.281 12.513
2835 9.29 20.157 5.659
2836 36.433 19.441 42.438
2837 29.735 9.621 0.352
2838 35.767 4.419 39.739
2839 29.741 31.332 15.972
2840 24.788 15.906 14.884
2841 18.228 1.966 46.867
2842 31.738 13.267 44.088
2843 30.433 27.552 22.288
2844 20.227 43.327 31.999
2845 8.874 46.803 36.457
2846 27.404 21.724 17.939
2847 21.415 2.138 6.347
2848 35.651 35.468 30.677
2849 19.409 13.579 35.915
2850 38.591 16.791 32.361
2851 18.287 20.23 3.01
2852 13.606 22.312 35.366
2853 35.453 31.137 35.927
2854 25.985 6.288 41.333
2855 16.375 26.461 3.011
2856 10.948 0.317 45.534
2857 35.006 23.566 5.461
2858 14.98 42.937 42.069
2859 35.371 20.715 25.281
2860 14.236 5.244 31.909
2861 11.166 17.154 22.219
2862 13.437 7.856 14.603
2863 30.655 16.016 23.295
2864 22.969 39.223 17.386
2865 17.179 5.468 12.779
2866 15.484 35.481 44.311
2867 20.423 35.808 31.371
2868 8.506 43.928 24.616
2869 16.772 24.414 21.19
2870 7.985 25.367 22.918
2871 20.144 38.53 14.184
2872 32.987 21.148 38.071
2873 34.628 40.155 3.516
2874 19.604 2.327 25.834
2875 23.509 29.926 6.375
2876 16.148 41.841 41.932
2877 21.568 47.056 44.814
2878 35.011 32.442 40.211
2879 13.023 43.277 38.08
2880 21.783 30.779 45.54
2881 30.497 46.482 42.166
2882 21.718 36.83 28.853
2883 20.681 6.921 1.141
2884 15.119 33.93 2.174
2885 26.961 41.181 4.998
2886 35.02 46.988 39.305
2887 33.732 16.93 31.451
2888 18.508 19.656 19.962
2889 30.614 40.618 47.752
2890 34.462 23.34 41.721
2891 29.712 30.983 34.846
2892 35.888 34.579 20.76
2893 24.975 14.695 6.475
2894 18.584 11.991 41.312
2895 13.083 40.953 41.903
2896 32.916 5.197 6.396
2897 26.62 16.624 31.565
2898 20.241 34.918 3.908
2899 30.794 13.727 27.291
2900 31.574 22.983 39.667
2901 30.824 1.017 27.068
2902 26.462 28.552 1.479
2903 16.818 11.768 41.339
2904 20.75 10.519 34.26
2905 13.784 11.999 21.355
2906 36.134 11.162 6.934
2907 16.965 23.014 29.982
2908 35.623 30.399 41.606
2909 20.398 11.269 32.394
2910 12.017 42.532 24.874
2911 25.952 19.54 21.578
2912 9.417 37.712 43.807
2913 32.495 45.488 12.071
2914 24.128 36.428 12.604
2915 32.72 45.816 14.436
2916 38.752 40.82 25.403
2917 22.178 35.141 30.162
2918 17.213 37.827 19.637
2919 28.981 23.686 13.994
2920 18.561 28.178 24.646
2921 30.592 22.124 14.475
2922 18.502 35.505 5.381
2923 18.583 38.794 17.97
2924 15.673 3.282 45.511
2925 20.17 28.38 40.121
2926 11.55 37.654 35.749
2927 32.874 31.672 24.501
2928 36.397 36.421 27.865
2929 16.935 1.822 9.439
2930 25.939 0.458 44.128
2931 17.182 35.291 41.909
2932 31.46 3.301 1.763
2933 35.979 17.666 8.095
2934 30.55 36.514 14.286
2935 31.142 47.159 26.473
2936 33.364 19.441 4.058
2937 20.974 20.046 10.309
2938 11.515 42.373 36.596
2939 27.833 21.063 26.346
2940 23.132 43.617 12.608
2941 33.303 4.01 22.592
2942 36.626 15.039 14.849
2943 23.462 22.377 5.528
2944 34.193 10.921 42.587
2945 16.842 41.318 35.251
2946 20.079 18.808 10.737
2947 37.334 5.68 45.749
2948 13.617 3.626 45.877
2949 34.664 14.136 20.765
2950 8.866 38.103 35.936
2951 13.337 8.382 28.022
2952 26.923 30.154 7.241
2953 33.501 12.142 44.326
2954 12.483 41.361 36.133
2955 28.239 4.369 0.523
2956 27.959 25.751 5.442
2957 25.168 4.808 2.508
2958 24.672 16.97 6.781
2959 30.902 16.588 0.809
2960 17.045 4.395 1.941
2961 31.689 5.536 32.917
2962 28.202 35.145 29.871
2963 9.881 22.836 0.597
2964 24.362 25.19 40.103
2965 11.714 9.559 20.332
2966 7.821 33.596 11.243
2967 24.445 40.064 45.811
2968 22.963 10.356 28.935
2969 33.675 14.408 27.807
2970 29.96 33.548 4.591
2971 28.731 37.485 32.556
2972 15.872 30.425 32.788
2973 24.216 8.7 1.254
2974 30.128 20.642 14.686
2975 33.89 33.426 18.8
2976 27.161 34.098 47.128
2977 26.461 21.275 27.746
2978 29.445 14.384 42.154
2979 21.443 32.806 32.081
2980 30.875 40.72 4.564
2981 23.676 47.51 2.039
2982 21.541 43.691 21.747
2983 12.578 31.249 19.755
2984 9.116 31.418 11.608
2985 8.169 5.69 40.822
2986 31.449 6.894 28.669
2987 12.121 24.118 44.979
2988 26.273 2.668 22.689
2989 30.003 32.96 25.764
2990 37.858 23.51 46.768
2991 27.996 40.427 23.618
2992 34.261 38.98 19.401
2993 36.541 1.236 46.995
2994 18.003 2.159 31.696
2995 8.799 31.567 35.308
2996 20.962 37.687 37.5
2997 19.001 5.829 13.715
2998 37.176 23.275 17.138
2999 31.687 45.122 22.589
3000 13.842 46.359 43.827
3001 16.435 31.142 34.216
3002 27.375 31.81 41.886
3003 21.088 30.365 40.745
3004 31.53 45.917 26.671
3005 28.485 18.754 24.102
3006 12.887 13.078 40.426
3007 15.757 38.91 31.686
3008 11.704 5.33 34.908
3009 33.846 33.269 8.096
3010 20.328 27.035 45.703
3011 20.865 43.333 41.674
3012 11.711 34.208 47.786
3013 17.734 27.823 22.726
3014 34.568 26.923 21.082
3015 12.572 43.656 27.181
3016 9.46 42.145 7.772
3017 21.805 8.479 18.894
3018 34.494 1.769 41.435
3019 33.28 1.765 34.17
3020 20.446 22.515 17.695
3021 11.138 39.411 17.714
3022 17.949 18.022 46.518
3023 18.512 27.114 32.876
3024 21.959 36.656 21.539
3025 20.312 14.286 13.826
3026 33.306 3.669 25.042
3027 31.296 12.657 25.778
3028 26.012 34.732 4.212
3029 31.662 15.176 18.591
3030 30.976 29.452 22.757
3031 14.258 43.569 26.352
3032 11.142 24.839 16.574
3033 27.168 33.007 20.435
3034 30.87 46.374 4.753
3035 33.829 37.543 4.014
3036 27.343 37.738 22.588
3037 30.867 26.379 7.677
3038 27.99 9.664 16.477
3039 27.77 30.924 45.706
3040 18.363 47.673 25.046
3041 15.785 18.169 38.997
3042 30.512 6.921 4.775
3043 21.734 16.969 9.68
3044 9.143 41.933 28.439
3045 28.365 1.244 33.464
3046 8.314 32.663 26.606
3047 24.778 0.523 22.369
3048 22.926 18.409 28.64
3049 18.449 2.542 4.678
3050 9.866 17.144 5.499
3051 28.225 46.217 21.472
3052 37.775 10.583 8.44
3053 20.048 34.622 32.079
3054 23.399 30.023 13.852
3055 37.175 27.519 29.122
3056 29.112 45.76 5.921
3057 30.539 12.68 10.877
3058 20.465 41.017 17.452
3059 30.228 1.275 39.383
3060 28.558 18.036 42.548
3061 29.412 1.783 38.607
3062 30.824 39.363 29.335
3063 36.331 45.177 19.645
3064 38.622 43.273 15.049
3065 31.431 33.814 43.76
3066 29.738 2.413 38.326
3067 38.317 14.064 15.353
3068 34.821 1.549 1.672
3069 8.462 28.398 18.95
3070 19.573 14.141 15.087
3071 15.082 39.967 42.451
3072 20.286 44.569 22.928
3073 10.618 47.261 29.635
3074 24.12 7.402 6.338
3075 10.344 40.362 1.081
3076 15.084 6.667 33.797
3077 17.179 41.321 33.773
3078 35.234 36.43 26.01
3079 23.624 27.874 3.298
3080 24.543 23.087 23.566
3081 36.467 23.035 24.996
3082 36.574 34.034 5.624
3083 31.482 47.741 2.913
3084 36.899 24.763 11.857
3085 37.683 19.829 33.729
3086 20.483 1.24 33.762
3087 36.555 11.828 36.339
3088 33.453 43.132 10.836
3089 22.404 27.116 1.52
3090 24.561 33.696 16.319
3091 34.393 40.397 29.897
3092 14.314 42.162 26.668
3093 15.973 35.482 44.294
3094 11.972 37.671 13.846
3095 22.763 26.545 30.13
3096 28.399 15.936 2.18
3097 22.343 38.845 1.865
3098 29.911 38.41 41.693
3099 10.085 0.796 17.755
3100 31.499 28.992 38.836
3101 24.474 42.344 10.121
3102 22.247 11.088 30.698
3103 23.054 4.171 6.167
3104 35.473 39.644 43.632
3105 17.311 7.639 9.115
3106 27.646 41.444 5.093
3107 16.409 17.071 25.204
3108 23.551 41.98 3.431
3109 15.282 10.696 20.182
3110 36.863 4.221 39.907
3111 36.81 45.69 15.276
3112 23.363 26.648 13.73
3113 18.641 34.131 38.0
3114 10.926 21.716 2.685
3115 29.381 22.074 30.434
3116 9.705 41.822 37.683
3117 17.133 47.012 27.364
3118 12.521 13.295 13.102
3119 17.257 14.692 31.295
3120 32.491 27.728 14.629
3121 17.741 44.009 6.858
3122 21.699 26.649 41.249
3123 31.139 31.203 21.099
3124 31.631 0.342 21.916
3125 17.011 7.907 36.136
3126 24.626 15.257 23.98
3127 36.223 40.492 39.816
3128 23.029 24.383 16.398
3129 25.506 34.009 13.459
3130 33.423 3.965 22.085
3131 7.907 24.0 38.142
3132 21.244 27.757 5.589
3133 18.387 22.76 1.503
3134 22.683 30.391 35.97
3135 28.06 15.445 14.128
3136 12.996 7.109 10.814
3137 26.588 31.644 37.748
3138 8.368 17.891 44.389
3139 32.273 34.268 44.316
3140 27.664 28.718 13.339
3141 38.07 16.217 45.275
3142 9.928 9.398 39.194
3143 38.111 11.868 8.255
3144 11.882 22.348 39.927
3145 12.642 37.859 38.185
3146 26.216 5.366 38.868
3147 19.395 8.756 0.963
3148 10.47 4.139 4.419
3149 30.709 34.415 47.56
3150 37.774 24.136 12.085
3151 8.607 22.514 43.124
3152 15.156 46.514 16.348
3153 8.216 43.255 8.298
3154 20.101 13.182 11.149
3155 11.395 40.278 24.219
3156 21.561 22.063 25.525
3157 14.694 44.235 37.989
3158 34.633 25.727 21.037
3159 29.599 36.582 18.906
3160 20.82 33.053 23.405
3161 26.173 22.616 8.074
3162 30.61 27.773 8.196
3163 12.798 13.222 24.546
3164 30.112 2.944 32.589
3165 27.88 7.329 28.254
3166 36.335 34.071 19.97
3167 32.448 7.778 10.923
3168 37.169 14.073 5.144
3169 13.324 11.325 23.222
3170 38.227 22.306 7.245
3171 22.59 18.686 28.719
3172 22.018 33.973 23.954
3173 22.253 15.535 25.283
3174 9.428 38.623 40.758
3175 28.076 30.859 26.649
3176 28.261 0.531 45.91
3177 33.881 41.563 29.465
3178 14.736 33.067 28.763
3179 23.403 21.702 27.799
3180 30.623 5.476 1.413
3181 37.49 20.464 25.996
3182 14.914 14.873 44.386
3183 9.787 23.661 15.759
3184 29.134 40.9 1.327
3185 34.955 8.872 5.25
3186 16.885 31.995 37.632
3187 16.367 6.44 39.399
3188 38.764 18.231 0.999
3189 33.452 21.208 14.019
3190 29.031 15.565 32.789
3191 32.641 45.348 44.053
3192 35.462 20.709 40.326
3193 26.218 28.204 42.206
3194 23.506 13.345 19.94
3195 12.628 15.235 21.436
3196 18.844 22.952 1.37
3197 9.822 7.039 11.488
3198 33.471 18.961 26.173
3199 11.599 44.381 35.66
3200 20.707 21.442 8.044
3201 12.204 7.452 2.423
3202 36.607 43.505 8.748
3203 33.179 36.153 16.171
3204 21.563 22.249 41.676
3205 35.332 28.119 22.335
3206 30.395 5.311 9.254
3207 13.923 41.534 39.226
3208 31.686 44.697 36.805
3209 31.841 2.953 19.891
3210 30.12 10.813 38.789
3211 37.923 2.818 45.728
3212 17.403 35.072 45.277
3213 28.195 2.36 1.213
3214 10.311 14.25 3.914
3215 10.416 31.684 32.921
3216 28.719 2.082 2.439
3217 36.432 8.398 36.052
3218 23.178 15.378 27.798
3219 26.205 21.776 20.64
3220 9.069 1.118 34.19
3221 12.081 38.684 10.276
3222 30.62 1.437 37.732
3223 26.862 4.573 16.301
3224 11.857 26.392 25.342
3225 13.39 3.9 34.982
3226 10.474 26.305 6.44
3227 21.734 26.034 43.829
3228 14.173 47.508 22.189
3229 14.044 31.811 3.173
3230 22.514 28.573 18.7
3231 37.955 3.278 42.82
3232 28.962 0.433 37.532
3233 17.138 34.0 44.135
3234 38.071 16.386 16.696
3235 26.291 6.516 3.615
3236 34.534 21.397 32.503
3237 37.242 43.667 20.471
3238 37.688 6.124 14.899
3239 16.849 29.507 30.749
3240 9.836 11.492 25.367
3241 29.559 46.231 1.632
3242 17.574 32.043 43.25
3243 25.719 12.359 27.681
3244 27.496 4.464 28.374
3245 14.784 17.394 24.444
3246 29.445 14.983 42.039
3247 38.201 5.849 45.973
3248 37.893 18.493 34.908
3249 36.584 32.781 23.749
3250 27.174 29.449 47.411
3251 36.059 20.236 9.731
3252 16.417 17.61 16.676
3253 21.536 43.347 21.216
3254 17.426 6.487 45.297
3255 36.676 20.94 45.538
3256 12.117 33.457 41.698
3257 19.634 3.522 36.266
3258 37.198 26.036 47.43
3259 31.177 24.125 44.933
3260 38.667 13.513 16.802
3261 15.324 35.503 4.1
3262 19.097 28.363 2.689
3263 17.121 42.612 16.569
3264 28.518 24.499 24.963
3265 29.112 1.304 41.236
3266 32.686 40.703 12.037
3267 37.252 15.336 32.645
3268 20.783 47.169 33.509
3269 14.765 39.007 34.653
3270 31.191 2.0 17.017
3271 31.992 17.644 10.551
3272 34.095 28.152 17.038
3273 16.996 26.315 39.813
3274 36.919 25.27 32.281
3275 14.102 27.051 27.132
3276 31.883 14.773 47.79
3277 36.005 27.402 2.143
3278 21.698 35.891 2.413
3279 37.011 29.373 39.708
3280 30.495 41.416 27.794
3281 35.314 8.631 34.609
3282 28.532 0.437 40.544
3283 9.913 33.144 23.269
3284 30.141 11.044 31.733
3285 15.927 39.717 28.598
3286 26.099 30.071 21.284
3287 29.22 9.807 15.861
3288 11.678 29.852 27.581
3289 36.845 13.294 28.12
3290 9.842 21.905 21.57
3291 36.507 41.079 9.238
3292 20.925 22.108 43.92
3293 35.07 31.01 4.899
3294 20.812 24.896 33.634
3295 28.266 10.918 36.275
3296 31.841 41.418 39.214
3297 37.118 36.782 13.372
3298 13.457 19.023 44.725
3299 27.848 37.027 34.716
3300 26.837 27.206 31.376
3301 9.166 41.774 26.573
3302 11.832 34.664 24.137
3303 32.885 37.746 22.829
3304 33.287 26.619 19.852
3305 21.664 2.379 19.653
3306 17.358 6.214 12.137
3307 19.983 17.134 29.286
3308 8.486 11.592 38.887
3309 35.727 29.62 19.456
3310 34.723 47.389 38.215
3311 31.902 43.439 16.96
3312 32.751 28.234 9.867
3313 19.752 19.656 35.326
3314 30.898 8.697 26.557
3315 31.269 35.999 36.075
3316 11.329 40.753 44.793
3317 33.528 29.33 31.343
3318 23.915 12.183 8.314
3319 35.005 42.794 18.803
3320 16.934 20.452 29.087
3321 23.866 22.674 30.752
3322 31.764 18.107 24.55
3323 12.506 32.343 41.218
3324 17.838 2.81 27.936
3325 16.829 8.396 13.681
3326 15.853 11.715 30.596
3327 29.553 1.67 16.114
3328 18.491 22.865 24.393
3329 12.884 2.808 25.132
3330 31.574 47.294 23.886
3331 17.232 25.497 36.537
3332 11.534 31.441 47.359
3333 34.021 8.041 7.003
3334 16.107 11.345 45.668
3335 20.99 38.957 31.325
3336 14.69 30.804 1.407
3337 28.877 31.524 16.006
3338 25.861 2.014 17.414
3339 9.428 29.725 45.211
3340 31.425 13.856 42.894
3341 21.652 47.786 29.502
3342 38.208 2.477 0.51
3343 30.079 6.744 19.023
3344 32.481 15.306 42.079
3345 34.424 26.69 39.438
3346 36.406 4.867 32.866
3347 14.502 13.306 6.113
3348 27.794 7.679 37.418
3349 8.999 47.422 7.324
3350 21.288 32.762 20.205
3351 19.256 40.831 42.776
3352 36.214 30.167 21.135
3353 12.453 39.012 15.755
3354 27.504 24.262 46.515
3355 17.078 43.431 13.73
3356 25.6 31.76 42.695
3357 25.304 31.042 23.278
3358 27.892 29.565 25.632
3359 10.565 2.003 30.202
3360 26.981 6.72 42.652
3361 20.161 18.801 34.774
3362 7.908 30.003 7.901
3363 14.312 27.503 37.895
3364 15.933 34.25 6.714
3365 12.974 28.974 21.436
3366 18.546 26.841 31.821
3367 14.146 27.54 23.447
3368 17.716 2.732 15.844
3369 34.678 42.403 41.285
3370 31.16 17.726 3.226
3371 38.06 40.575 47.085
3372 30.083 44.114 5.019
3373 13.9 14.265 10.581
3374 35.95 41.684 47.428
3375 29.752 4.625 20.266
3376 36.863 39.17 18.447
3377 29.002 19.865 35.069
3378 31.888 38.637 16.028
3379 26.237 32.226 38.024
3380 20.306 17.662 28.218
3381 10.649 4.86 9.014
3382 16.072 22.9 25.905
3383 32.39 39.07 10.95
3384 37.445 15.08 47.242
3385 17.77 20.869 7.176
3386 12.592 16.476 18.829
3387 37.316 3.934 33.762
3388 30.035 34.754 8.952
3389 16.823 8.328 23.651
3390 22.853 14.229 25.3
3391 24.857 47.385 45.726
3392 37.922 2.012 11.132
3393 11.909 45.655 41.559
3394 29.241 8.605 26.083
3395 24.536 13.758 36.307
3396 13.65 44.775 21.097
3397 15.488 11.073 19.903
3398 25.009 33.775 36.635
3399 37.358 47.296 34.792
3400 33.502 7.663 25.741
3401 9.675 31.097 0.676
3402 14.238 39.711 10.079
3403 24.691 25.43 9.947
3404 10.978 39.999 35.249
3405 13.945 35.635 39.955
3406 18.926 23.725 46.837
3407 8.642 41.176 42.649
3408 35.153 24.017 22.228
3409 22.84 33.449 1.196
3410 27.502 21.665 26.439
3411 15.389 16.066 27.679
3412 32.505 17.108 46.84
3413 27.076 4.65 33.146
3414 27.68 32.552 27.413
3415 13.692 4.171 9.883
3416 26.139 20.093 1.629
3417 12.376 30.887 4.664
3418 10.723 19.101 11.26
3419 33.644 20.371 16.544
3420 17.868 45.115 44.334
3421 23.168 37.566 27.764
3422 27.156 4.877 39.402
3423 35.891 38.108 37.031
3424 22.246 45.079 2.642
3425 9.725 41.246 12.332
3426 15.426 1.65 18.838
3427 9.579 37.464 3.449
3428 17.28 37.056 28.67
3429 35.787 40.143 7.095
3430 33.846 34.836 21.784
3431 12.751 21.807 9.559
3432 31.879 6.795 34.453
3433 32.332 44.186 18.555
3434 14.005 15.226 34.251
3435 25.576 9.379 5.947
3436 14.215 31.309 10.436
3437 34.172 6.303 27.356
3438 19.045 38.155 25.198
3439 10.955 13.725 15.894
3440 38.539 20.391 45.805
3441 34.405 16.477 33.77
3442 28.507 26.196 37.056
3443 30.183 28.193 1.841
3444 37.949 45.937 5.867
3445 9.796 37.692 23.903
3446 21.467 15.773 13.909
3447 30.589 27.567 30.034
3448 30.304 8.984 33.875
3449 27.294 2.627 11.349
3450 29.46 9.646 3.502
3451 24.368 22.308 26.119
3452 11.274 35.677 18.998
3453 20.495 15.37 30.139
3454 35.238 32.668 7.603
3455 8.777 33.109 36.141
3456 23.374 18.255 37.797
