location capacity Xf Yf
1 124.54 2.02 3.71
2 166.05 9.73 4.15
3 166.05 3.8 9.41
4 41.51 10.1 4.47
5 124.54 9.2 1.01
6 124.54 1.38 9.26
7 207.57 1.64 6.49
8 166.05 0.92 11.09
9 83.03 6.71 4.82
10 41.51 1.21 10.68
11 166.05 11.09 5.16
12 166.05 8.2 10.32
13 83.03 7.16 7.89
14 41.51 2.81 4.3
15 83.03 1.07 2.5
16 207.57 8.01 3.79
17 166.05 8.16 1.27
18 83.03 6.02 11.09
19 124.54 7.62 5.25
20 207.57 0.71 8.39
21 124.54 6.07 9.07
22 83.03 2.21 7.18
23 166.05 7.0 10.73
24 41.51 7.56 5.02
25 41.51 5.01 11.41
26 41.51 1.48 5.61
27 207.57 0.73 0.47
28 83.03 4.3 8.25
29 207.57 6.68 7.71
30 166.05 11.43 10.29
31 83.03 4.66 9.49
32 124.54 6.63 3.38
33 41.51 8.66 8.18
34 124.54 7.24 3.15
35 124.54 10.17 10.13
36 166.05 3.23 6.51
37 124.54 5.04 7.34
38 207.57 10.87 8.52
39 83.03 8.1 2.08
40 207.57 7.44 8.25
41 124.54 7.4 5.54
42 166.05 0.26 9.87
43 166.05 4.84 9.12
44 207.57 10.79 4.33
45 124.54 8.22 11.03
46 83.03 9.64 11.17
47 207.57 0.82 9.91
48 83.03 1.63 6.01
49 166.05 11.64 8.46
50 166.05 2.71 0.81
51 166.05 5.8 9.57
52 207.57 6.13 5.98
53 166.05 6.27 8.55
54 83.03 9.04 10.33
55 83.03 2.6 0.41
56 83.03 8.7 9.67
57 83.03 9.66 9.09
58 41.51 1.91 6.58
59 41.51 2.95 4.64
60 166.05 1.17 7.65
61 166.05 0.49 10.55
62 41.51 8.98 1.2
63 83.03 8.99 3.47
64 124.54 5.96 11.64
65 207.57 8.0 7.76
66 41.51 2.55 6.83
67 83.03 10.38 7.58
68 41.51 2.04 2.57
69 83.03 2.7 2.16
70 41.51 4.66 1.14
71 124.54 0.94 0.47
72 41.51 4.87 9.98
73 83.03 2.37 6.13
74 41.51 8.33 10.64
75 166.05 10.36 1.53
76 166.05 2.97 9.26
77 83.03 2.12 6.03
78 41.51 6.24 5.88
79 83.03 0.4 7.92
80 83.03 0.91 6.25
81 166.05 1.47 7.82
82 83.03 6.44 3.59
83 166.05 8.72 2.68
84 166.05 11.08 5.83
85 166.05 7.15 9.26
86 83.03 2.95 10.27
87 207.57 0.82 6.75
88 124.54 0.84 8.75
89 124.54 2.49 3.66
90 124.54 8.92 2.02
91 124.54 7.5 0.5
92 83.03 11.54 11.32
93 41.51 7.43 11.15
94 166.05 6.42 8.17
95 41.51 4.65 9.54
96 41.51 3.36 1.91
97 207.57 6.48 0.64
98 166.05 8.86 3.19
99 41.51 5.87 9.81
100 83.03 2.74 4.75
101 83.03 6.4 10.98
102 207.57 3.79 2.99
103 41.51 6.08 11.62
104 207.57 10.49 2.87
105 41.51 1.2 0.72
106 166.05 2.38 2.67
107 166.05 10.09 1.28
108 124.54 10.8 7.28
109 207.57 8.46 4.26
110 41.51 3.84 5.71
111 166.05 0.52 11.7
112 41.51 6.33 6.05
113 166.05 10.91 2.49
114 83.03 8.54 10.38
115 166.05 5.72 4.8
116 83.03 1.94 11.72
117 83.03 1.26 1.01
118 124.54 2.5 4.69
119 41.51 8.06 6.16
120 166.05 6.05 2.86
121 83.03 2.86 5.15
122 124.54 4.27 10.96
123 166.05 4.31 9.55
124 83.03 11.63 7.46
125 41.51 6.45 8.51
126 166.05 8.44 2.3
127 83.03 7.74 7.83
128 83.03 4.27 8.83
129 83.03 6.31 6.74
130 124.54 4.7 2.14
131 83.03 10.63 1.71
132 166.05 7.4 4.99
133 207.57 7.96 6.35
134 124.54 2.01 10.99
135 83.03 10.02 2.73
136 166.05 3.9 5.18
137 166.05 8.62 1.82
138 166.05 4.73 1.32
139 83.03 1.06 9.37
140 41.51 8.33 9.95
141 124.54 4.26 5.83
142 83.03 4.42 5.32
143 124.54 9.38 0.2
144 207.57 0.31 6.05
145 124.54 8.25 4.08
146 41.51 1.37 1.87
147 124.54 9.89 4.53
148 83.03 3.1 7.78
149 207.57 0.75 5.01
150 166.05 2.75 8.49
151 166.05 8.09 9.81
152 83.03 2.46 5.97
153 41.51 11.22 4.25
154 166.05 2.18 3.58
155 166.05 2.31 11.49
156 207.57 6.77 9.87
157 83.03 4.6 11.18
158 83.03 1.3 2.8
159 166.05 0.49 8.29
160 166.05 6.76 6.01
161 166.05 0.59 4.47
162 166.05 6.33 4.38
163 207.57 8.94 9.41
164 41.51 1.78 4.94
165 166.05 2.55 9.49
166 41.51 7.1 11.37
167 41.51 5.33 3.88
168 83.03 3.19 1.23
169 41.51 9.29 3.88
170 166.05 7.0 6.39
171 166.05 0.79 3.95
172 207.57 10.13 0.81
173 41.51 2.34 11.14
174 124.54 3.49 9.91
175 124.54 5.36 8.9
176 207.57 10.64 11.39
177 207.57 11.56 8.6
178 166.05 0.77 11.53
179 41.51 2.59 6.53
180 83.03 8.82 2.24
181 41.51 10.4 6.26
182 83.03 5.73 11.51
183 83.03 0.75 4.53
184 41.51 2.64 4.18
185 207.57 4.11 10.8
186 124.54 5.92 5.03
187 207.57 9.24 1.7
188 41.51 5.21 10.71
189 124.54 0.59 4.26
190 207.57 5.92 0.68
191 166.05 7.1 3.51
192 166.05 11.45 7.11
193 83.03 9.94 11.51
194 41.51 11.78 2.03
195 41.51 8.73 3.89
196 41.51 4.29 3.27
197 166.05 9.69 3.78
198 207.57 6.37 4.81
199 207.57 11.3 10.43
200 41.51 8.66 0.3
201 124.54 7.3 10.65
202 166.05 11.34 8.52
203 166.05 3.5 4.78
204 83.03 9.19 6.4
205 83.03 11.78 2.12
206 207.57 5.82 0.42
207 83.03 7.68 5.75
208 124.54 6.8 1.51
209 124.54 10.1 8.92
210 207.57 1.69 2.86
211 207.57 8.1 1.08
212 207.57 10.64 9.43
213 41.51 9.11 6.14
214 124.54 9.34 1.68
215 41.51 5.58 6.48
216 41.51 6.45 10.86
