location capacity Xf Yf
1 18.45 2.02 3.71
2 13.84 9.73 4.15
3 13.84 3.8 9.41
4 4.61 10.1 4.47
5 4.61 9.2 1.01
6 13.84 1.38 9.26
7 4.61 1.64 6.49
8 13.84 0.92 11.09
9 9.23 6.71 4.82
10 23.06 1.21 10.68
11 9.23 11.09 5.16
12 9.23 8.2 10.32
13 4.61 7.16 7.89
14 23.06 2.81 4.3
15 4.61 1.07 2.5
16 23.06 8.01 3.79
17 13.84 8.16 1.27
18 23.06 6.02 11.09
19 4.61 7.62 5.25
20 13.84 0.71 8.39
21 13.84 6.07 9.07
22 13.84 2.21 7.18
23 13.84 7.0 10.73
24 13.84 7.56 5.02
25 23.06 5.01 11.41
26 18.45 1.48 5.61
27 9.23 0.73 0.47
28 18.45 4.3 8.25
29 18.45 6.68 7.71
30 13.84 11.43 10.29
31 13.84 4.66 9.49
32 9.23 6.63 3.38
33 9.23 8.66 8.18
34 4.61 7.24 3.15
35 4.61 10.17 10.13
36 9.23 3.23 6.51
37 23.06 5.04 7.34
38 4.61 10.87 8.52
39 13.84 8.1 2.08
40 13.84 7.44 8.25
41 13.84 7.4 5.54
42 4.61 0.26 9.87
43 13.84 4.84 9.12
44 4.61 10.79 4.33
45 18.45 8.22 11.03
46 9.23 9.64 11.17
47 9.23 0.82 9.91
48 13.84 1.63 6.01
49 4.61 11.64 8.46
50 9.23 2.71 0.81
51 23.06 5.8 9.57
52 18.45 6.13 5.98
53 4.61 6.27 8.55
54 13.84 9.04 10.33
55 9.23 2.6 0.41
56 13.84 8.7 9.67
57 9.23 9.66 9.09
58 23.06 1.91 6.58
59 23.06 2.95 4.64
60 13.84 1.17 7.65
61 4.61 0.49 10.55
62 18.45 8.98 1.2
63 4.61 8.99 3.47
64 9.23 5.96 11.64
65 13.84 8.0 7.76
66 9.23 2.55 6.83
67 4.61 10.38 7.58
68 9.23 2.04 2.57
69 13.84 2.7 2.16
70 4.61 4.66 1.14
71 18.45 0.94 0.47
72 18.45 4.87 9.98
73 18.45 2.37 6.13
74 13.84 8.33 10.64
75 18.45 10.36 1.53
76 18.45 2.97 9.26
77 23.06 2.12 6.03
78 4.61 6.24 5.88
79 13.84 0.4 7.92
80 13.84 0.91 6.25
81 13.84 1.47 7.82
82 13.84 6.44 3.59
83 18.45 8.72 2.68
84 23.06 11.08 5.83
85 18.45 7.15 9.26
86 18.45 2.95 10.27
87 23.06 0.82 6.75
88 23.06 0.84 8.75
89 4.61 2.49 3.66
90 18.45 8.92 2.02
91 18.45 7.5 0.5
92 13.84 11.54 11.32
93 9.23 7.43 11.15
94 4.61 6.42 8.17
95 9.23 4.65 9.54
96 9.23 3.36 1.91
97 23.06 6.48 0.64
98 4.61 8.86 3.19
99 4.61 5.87 9.81
100 13.84 2.74 4.75
101 18.45 6.4 10.98
102 23.06 3.79 2.99
103 18.45 6.08 11.62
104 23.06 10.49 2.87
105 9.23 1.2 0.72
106 9.23 2.38 2.67
107 4.61 10.09 1.28
108 18.45 10.8 7.28
109 13.84 8.46 4.26
110 4.61 3.84 5.71
111 4.61 0.52 11.7
112 4.61 6.33 6.05
113 9.23 10.91 2.49
114 13.84 8.54 10.38
115 13.84 5.72 4.8
116 23.06 1.94 11.72
117 9.23 1.26 1.01
118 9.23 2.5 4.69
119 13.84 8.06 6.16
120 13.84 6.05 2.86
121 9.23 2.86 5.15
122 18.45 4.27 10.96
123 23.06 4.31 9.55
124 18.45 11.63 7.46
125 18.45 6.45 8.51
126 18.45 8.44 2.3
127 4.61 7.74 7.83
128 4.61 4.27 8.83
129 9.23 6.31 6.74
130 9.23 4.7 2.14
131 13.84 10.63 1.71
132 18.45 7.4 4.99
133 9.23 7.96 6.35
134 23.06 2.01 10.99
135 13.84 10.02 2.73
136 23.06 3.9 5.18
137 18.45 8.62 1.82
138 13.84 4.73 1.32
139 9.23 1.06 9.37
140 4.61 8.33 9.95
141 4.61 4.26 5.83
142 23.06 4.42 5.32
143 9.23 9.38 0.2
144 4.61 0.31 6.05
145 4.61 8.25 4.08
146 4.61 1.37 1.87
147 13.84 9.89 4.53
148 4.61 3.1 7.78
149 13.84 0.75 5.01
150 23.06 2.75 8.49
151 9.23 8.09 9.81
152 18.45 2.46 5.97
153 9.23 11.22 4.25
154 13.84 2.18 3.58
155 18.45 2.31 11.49
156 9.23 6.77 9.87
157 4.61 4.6 11.18
158 4.61 1.3 2.8
159 13.84 0.49 8.29
160 23.06 6.76 6.01
161 18.45 0.59 4.47
162 13.84 6.33 4.38
163 4.61 8.94 9.41
164 4.61 1.78 4.94
165 4.61 2.55 9.49
166 18.45 7.1 11.37
167 13.84 5.33 3.88
168 13.84 3.19 1.23
169 9.23 9.29 3.88
170 4.61 7.0 6.39
171 13.84 0.79 3.95
172 4.61 10.13 0.81
173 18.45 2.34 11.14
174 23.06 3.49 9.91
175 4.61 5.36 8.9
176 9.23 10.64 11.39
177 23.06 11.56 8.6
178 9.23 0.77 11.53
179 18.45 2.59 6.53
180 13.84 8.82 2.24
181 13.84 10.4 6.26
182 13.84 5.73 11.51
183 9.23 0.75 4.53
184 23.06 2.64 4.18
185 13.84 4.11 10.8
186 18.45 5.92 5.03
187 18.45 9.24 1.7
188 18.45 5.21 10.71
189 9.23 0.59 4.26
190 9.23 5.92 0.68
191 23.06 7.1 3.51
192 13.84 11.45 7.11
193 18.45 9.94 11.51
194 23.06 11.78 2.03
195 23.06 8.73 3.89
196 9.23 4.29 3.27
197 9.23 9.69 3.78
198 9.23 6.37 4.81
199 13.84 11.3 10.43
200 9.23 8.66 0.3
201 13.84 7.3 10.65
202 9.23 11.34 8.52
203 23.06 3.5 4.78
204 13.84 9.19 6.4
205 13.84 11.78 2.12
206 18.45 5.82 0.42
207 9.23 7.68 5.75
208 23.06 6.8 1.51
209 4.61 10.1 8.92
210 9.23 1.69 2.86
211 4.61 8.1 1.08
212 23.06 10.64 9.43
213 9.23 9.11 6.14
214 18.45 9.34 1.68
215 18.45 5.58 6.48
216 4.61 6.45 10.86
