location capacity Xf Yf
1 26.93 2.02 3.71
2 37.071 9.73 4.15
3 29.487 3.8 9.41
4 52.164 10.1 4.47
5 53.629 9.2 1.01
6 51.099 1.38 9.26
7 65.76 1.64 6.49
8 53.201 0.92 11.09
9 79.6 6.71 4.82
10 78.459 1.21 10.68
11 69.116 11.09 5.16
12 19.113 8.2 10.32
13 67.763 7.16 7.89
14 68.413 2.81 4.3
15 81.335 1.07 2.5
16 63.937 8.01 3.79
17 25.022 8.16 1.27
18 33.071 6.02 11.09
19 69.388 7.62 5.25
20 51.138 0.71 8.39
21 30.3 6.07 9.07
22 79.942 2.21 7.18
23 50.796 7.0 10.73
24 27.444 7.56 5.02
25 90.668 5.01 11.41
26 72.008 1.48 5.61
27 71.454 0.73 0.47
28 70.618 4.3 8.25
29 36.031 6.68 7.71
30 70.854 11.43 10.29
31 46.016 4.66 9.49
32 90.475 6.63 3.38
33 55.845 8.66 8.18
34 41.247 7.24 3.15
35 87.227 10.17 10.13
36 89.047 3.23 6.51
37 77.773 5.04 7.34
38 32.225 10.87 8.52
39 33.988 8.1 2.08
40 49.046 7.44 8.25
41 51.095 7.4 5.54
42 28.327 0.26 9.87
43 25.018 4.84 9.12
44 69.523 10.79 4.33
45 74.751 8.22 11.03
46 75.683 9.64 11.17
47 59.999 0.82 9.91
48 30.796 1.63 6.01
49 28.598 11.64 8.46
50 56.264 2.71 0.81
51 28.111 5.8 9.57
52 67.939 6.13 5.98
53 70.357 6.27 8.55
54 56.382 9.04 10.33
55 32.056 2.6 0.41
56 39.649 8.7 9.67
57 30.188 9.66 9.09
58 36.472 1.91 6.58
59 23.733 2.95 4.64
60 62.023 1.17 7.65
61 68.482 0.49 10.55
62 79.268 8.98 1.2
63 29.125 8.99 3.47
64 78.526 5.96 11.64
65 30.285 8.0 7.76
66 48.369 2.55 6.83
67 18.74 10.38 7.58
68 64.037 2.04 2.57
69 49.117 2.7 2.16
70 84.254 4.66 1.14
71 51.751 0.94 0.47
72 84.653 4.87 9.98
73 54.158 2.37 6.13
74 84.949 8.33 10.64
75 41.84 10.36 1.53
76 41.515 2.97 9.26
77 25.571 2.12 6.03
78 57.906 6.24 5.88
79 78.907 0.4 7.92
80 51.418 0.91 6.25
81 51.716 1.47 7.82
82 48.855 6.44 3.59
83 66.26 8.72 2.68
84 29.945 11.08 5.83
85 47.92 7.15 9.26
86 48.454 2.95 10.27
87 30.956 0.82 6.75
88 71.457 0.84 8.75
89 26.59 2.49 3.66
90 65.066 8.92 2.02
91 43.971 7.5 0.5
92 77.299 11.54 11.32
93 79.163 7.43 11.15
94 83.47 6.42 8.17
95 85.397 4.65 9.54
96 61.631 3.36 1.91
97 32.398 6.48 0.64
98 62.342 8.86 3.19
99 40.945 5.87 9.81
100 83.173 2.74 4.75
101 63.063 6.4 10.98
102 43.329 3.79 2.99
103 72.411 6.08 11.62
104 78.671 10.49 2.87
105 67.62 1.2 0.72
106 30.068 2.38 2.67
107 74.225 10.09 1.28
108 46.271 10.8 7.28
109 73.0 8.46 4.26
110 32.17 3.84 5.71
111 81.187 0.52 11.7
112 51.362 6.33 6.05
113 88.743 10.91 2.49
114 85.553 8.54 10.38
115 45.209 5.72 4.8
116 83.611 1.94 11.72
117 69.6 1.26 1.01
118 32.84 2.5 4.69
119 39.473 8.06 6.16
120 62.635 6.05 2.86
121 63.782 2.86 5.15
122 49.448 4.27 10.96
123 65.931 4.31 9.55
124 35.808 11.63 7.46
125 41.723 6.45 8.51
126 55.022 8.44 2.3
127 35.674 7.74 7.83
128 53.519 4.27 8.83
129 64.856 6.31 6.74
130 84.604 4.7 2.14
131 73.232 10.63 1.71
132 38.493 7.4 4.99
133 64.748 7.96 6.35
134 61.744 2.01 10.99
135 44.851 10.02 2.73
136 26.972 3.9 5.18
137 80.948 8.62 1.82
138 91.593 4.73 1.32
139 49.821 1.06 9.37
140 37.725 8.33 9.95
141 71.309 4.26 5.83
142 45.06 4.42 5.32
143 71.158 9.38 0.2
144 26.341 0.31 6.05
145 50.292 8.25 4.08
146 52.854 1.37 1.87
147 21.643 9.89 4.53
148 79.938 3.1 7.78
149 28.018 0.75 5.01
150 51.548 2.75 8.49
151 87.205 8.09 9.81
152 35.714 2.46 5.97
153 31.843 11.22 4.25
154 46.25 2.18 3.58
155 32.104 2.31 11.49
156 23.124 6.77 9.87
157 45.255 4.6 11.18
158 22.923 1.3 2.8
159 57.101 0.49 8.29
160 46.877 6.76 6.01
161 80.212 0.59 4.47
162 74.162 6.33 4.38
163 26.116 8.94 9.41
164 87.424 1.78 4.94
165 82.426 2.55 9.49
166 44.87 7.1 11.37
167 39.308 5.33 3.88
168 45.857 3.19 1.23
169 67.889 9.29 3.88
170 60.035 7.0 6.39
171 79.509 0.79 3.95
172 55.496 10.13 0.81
173 44.225 2.34 11.14
174 82.499 3.49 9.91
175 39.839 5.36 8.9
176 18.548 10.64 11.39
177 36.76 11.56 8.6
178 49.423 0.77 11.53
179 43.429 2.59 6.53
180 73.923 8.82 2.24
181 19.798 10.4 6.26
182 23.799 5.73 11.51
183 80.668 0.75 4.53
184 27.026 2.64 4.18
185 66.37 4.11 10.8
186 22.303 5.92 5.03
187 75.896 9.24 1.7
188 88.365 5.21 10.71
189 73.323 0.59 4.26
190 78.482 5.92 0.68
191 45.09 7.1 3.51
192 57.732 11.45 7.11
193 20.007 9.94 11.51
194 41.286 11.78 2.03
195 69.683 8.73 3.89
196 74.862 4.29 3.27
197 46.246 9.69 3.78
198 58.334 6.37 4.81
199 27.101 11.3 10.43
200 73.064 8.66 0.3
201 68.414 7.3 10.65
202 57.188 11.34 8.52
203 54.472 3.5 4.78
204 23.361 9.19 6.4
205 31.314 11.78 2.12
206 52.005 5.82 0.42
207 50.118 7.68 5.75
208 21.505 6.8 1.51
209 26.402 10.1 8.92
210 51.631 1.69 2.86
211 63.885 8.1 1.08
212 26.472 10.64 9.43
213 62.033 9.11 6.14
214 44.672 9.34 1.68
215 75.044 5.58 6.48
216 66.684 6.45 10.86
