customer weight Xc Yc
1 1.0 0.5 43.5
2 1.0 1.5 43.5
3 1.0 2.5 43.5
4 1.0 3.5 43.5
5 1.0 4.5 43.5
6 1.0 5.5 43.5
7 1.0 6.5 43.5
8 1.0 7.5 43.5
9 1.0 8.5 43.5
10 1.0 9.5 43.5
11 1.0 10.5 43.5
12 1.0 11.5 43.5
13 1.0 12.5 43.5
14 1.0 13.5 43.5
15 1.0 14.5 43.5
16 1.0 15.5 43.5
17 1.0 16.5 43.5
18 1.297 17.5 43.5
19 1.212 18.5 43.5
20 1.0 19.5 43.5
21 1.279 20.5 43.5
22 1.339 21.5 43.5
23 1.406 22.5 43.5
24 1.258 23.5 43.5
25 1.0 24.5 43.5
26 1.0 25.5 43.5
27 1.0 26.5 43.5
28 1.0 27.5 43.5
29 1.0 28.5 43.5
30 1.0 29.5 43.5
31 1.0 30.5 43.5
32 1.0 31.5 43.5
33 1.0 32.5 43.5
34 1.0 33.5 43.5
35 1.0 34.5 43.5
36 1.0 35.5 43.5
37 1.0 36.5 43.5
38 1.0 37.5 43.5
39 1.0 38.5 43.5
40 1.0 39.5 43.5
41 1.0 40.5 43.5
42 1.0 41.5 43.5
43 1.0 42.5 43.5
44 1.0 43.5 43.5
45 1.0 0.5 42.5
46 1.0 1.5 42.5
47 1.0 2.5 42.5
48 1.0 3.5 42.5
49 1.0 4.5 42.5
50 1.0 5.5 42.5
51 1.0 6.5 42.5
52 1.0 7.5 42.5
53 1.0 8.5 42.5
54 1.0 9.5 42.5
55 1.0 10.5 42.5
56 1.0 11.5 42.5
57 1.0 12.5 42.5
58 1.0 13.5 42.5
59 1.0 14.5 42.5
60 1.0 15.5 42.5
61 1.0 16.5 42.5
62 1.0 17.5 42.5
63 1.492 18.5 42.5
64 1.488 19.5 42.5
65 1.119 20.5 42.5
66 1.477 21.5 42.5
67 1.44 22.5 42.5
68 1.0 23.5 42.5
69 1.076 24.5 42.5
70 1.139 25.5 42.5
71 1.0 26.5 42.5
72 1.0 27.5 42.5
73 1.0 28.5 42.5
74 1.0 29.5 42.5
75 1.0 30.5 42.5
76 1.0 31.5 42.5
77 1.0 32.5 42.5
78 1.0 33.5 42.5
79 1.0 34.5 42.5
80 1.0 35.5 42.5
81 1.0 36.5 42.5
82 1.0 37.5 42.5
83 1.0 38.5 42.5
84 1.0 39.5 42.5
85 1.0 40.5 42.5
86 1.0 41.5 42.5
87 1.0 42.5 42.5
88 1.0 43.5 42.5
89 1.0 0.5 41.5
90 1.0 1.5 41.5
91 1.0 2.5 41.5
92 1.0 3.5 41.5
93 1.0 4.5 41.5
94 1.0 5.5 41.5
95 1.0 6.5 41.5
96 1.0 7.5 41.5
97 1.0 8.5 41.5
98 1.0 9.5 41.5
99 1.0 10.5 41.5
100 1.0 11.5 41.5
101 1.0 12.5 41.5
102 1.0 13.5 41.5
103 1.0 14.5 41.5
104 1.0 15.5 41.5
105 1.0 16.5 41.5
106 1.0 17.5 41.5
107 1.593 18.5 41.5
108 1.305 19.5 41.5
109 1.845 20.5 41.5
110 1.325 21.5 41.5
111 1.261 22.5 41.5
112 1.425 23.5 41.5
113 1.102 24.5 41.5
114 1.243 25.5 41.5
115 1.0 26.5 41.5
116 1.0 27.5 41.5
117 1.0 28.5 41.5
118 1.0 29.5 41.5
119 1.0 30.5 41.5
120 1.0 31.5 41.5
121 1.0 32.5 41.5
122 1.0 33.5 41.5
123 1.0 34.5 41.5
124 1.0 35.5 41.5
125 1.0 36.5 41.5
126 1.0 37.5 41.5
127 1.0 38.5 41.5
128 1.0 39.5 41.5
129 1.0 40.5 41.5
130 1.0 41.5 41.5
131 1.0 42.5 41.5
132 1.0 43.5 41.5
133 1.0 0.5 40.5
134 1.0 1.5 40.5
135 1.0 2.5 40.5
136 1.0 3.5 40.5
137 1.0 4.5 40.5
138 1.0 5.5 40.5
139 1.0 6.5 40.5
140 1.0 7.5 40.5
141 1.0 8.5 40.5
142 1.0 9.5 40.5
143 1.0 10.5 40.5
144 1.0 11.5 40.5
145 1.0 12.5 40.5
146 1.0 13.5 40.5
147 1.0 14.5 40.5
148 1.0 15.5 40.5
149 1.0 16.5 40.5
150 1.0 17.5 40.5
151 1.0 18.5 40.5
152 1.907 19.5 40.5
153 1.715 20.5 40.5
154 1.53 21.5 40.5
155 1.543 22.5 40.5
156 1.233 23.5 40.5
157 1.931 24.5 40.5
158 1.228 25.5 40.5
159 1.0 26.5 40.5
160 1.0 27.5 40.5
161 1.0 28.5 40.5
162 1.0 29.5 40.5
163 1.0 30.5 40.5
164 1.0 31.5 40.5
165 1.0 32.5 40.5
166 1.0 33.5 40.5
167 1.0 34.5 40.5
168 1.0 35.5 40.5
169 1.0 36.5 40.5
170 1.0 37.5 40.5
171 1.0 38.5 40.5
172 1.0 39.5 40.5
173 1.0 40.5 40.5
174 1.0 41.5 40.5
175 1.0 42.5 40.5
176 1.0 43.5 40.5
177 1.0 0.5 39.5
178 1.0 1.5 39.5
179 1.0 2.5 39.5
180 1.0 3.5 39.5
181 1.0 4.5 39.5
182 1.0 5.5 39.5
183 1.0 6.5 39.5
184 1.0 7.5 39.5
185 1.0 8.5 39.5
186 1.0 9.5 39.5
187 1.0 10.5 39.5
188 1.0 11.5 39.5
189 1.0 12.5 39.5
190 1.0 13.5 39.5
191 1.0 14.5 39.5
192 1.0 15.5 39.5
193 1.0 16.5 39.5
194 1.128 17.5 39.5
195 1.27 18.5 39.5
196 1.031 19.5 39.5
197 1.924 20.5 39.5
198 1.091 21.5 39.5
199 1.866 22.5 39.5
200 2.138 23.5 39.5
201 1.098 24.5 39.5
202 1.358 25.5 39.5
203 1.325 26.5 39.5
204 1.0 27.5 39.5
205 1.0 28.5 39.5
206 1.0 29.5 39.5
207 1.0 30.5 39.5
208 1.0 31.5 39.5
209 1.0 32.5 39.5
210 1.0 33.5 39.5
211 1.0 34.5 39.5
212 1.0 35.5 39.5
213 1.0 36.5 39.5
214 1.0 37.5 39.5
215 1.0 38.5 39.5
216 1.0 39.5 39.5
217 1.0 40.5 39.5
218 1.0 41.5 39.5
219 1.0 42.5 39.5
220 1.0 43.5 39.5
221 1.0 0.5 38.5
222 1.0 1.5 38.5
223 1.0 2.5 38.5
224 1.0 3.5 38.5
225 1.0 4.5 38.5
226 1.0 5.5 38.5
227 1.0 6.5 38.5
228 1.0 7.5 38.5
229 1.0 8.5 38.5
230 1.0 9.5 38.5
231 1.0 10.5 38.5
232 1.0 11.5 38.5
233 1.0 12.5 38.5
234 1.0 13.5 38.5
235 1.177 14.5 38.5
236 1.134 15.5 38.5
237 1.246 16.5 38.5
238 1.769 17.5 38.5
239 1.205 18.5 38.5
240 1.249 19.5 38.5
241 1.996 20.5 38.5
242 1.964 21.5 38.5
243 2.147 22.5 38.5
244 2.066 23.5 38.5
245 1.6 24.5 38.5
246 1.697 25.5 38.5
247 1.291 26.5 38.5
248 1.277 27.5 38.5
249 1.038 28.5 38.5
250 1.0 29.5 38.5
251 1.0 30.5 38.5
252 1.0 31.5 38.5
253 1.098 32.5 38.5
254 1.002 33.5 38.5
255 1.0 34.5 38.5
256 1.0 35.5 38.5
257 1.0 36.5 38.5
258 1.0 37.5 38.5
259 1.0 38.5 38.5
260 1.0 39.5 38.5
261 1.0 40.5 38.5
262 1.0 41.5 38.5
263 1.0 42.5 38.5
264 1.0 43.5 38.5
265 1.0 0.5 37.5
266 1.0 1.5 37.5
267 1.0 2.5 37.5
268 1.0 3.5 37.5
269 1.0 4.5 37.5
270 1.0 5.5 37.5
271 1.0 6.5 37.5
272 1.0 7.5 37.5
273 1.0 8.5 37.5
274 1.0 9.5 37.5
275 1.0 10.5 37.5
276 1.099 11.5 37.5
277 1.0 12.5 37.5
278 1.0 13.5 37.5
279 1.279 14.5 37.5
280 1.677 15.5 37.5
281 1.509 16.5 37.5
282 1.798 17.5 37.5
283 1.233 18.5 37.5
284 1.437 19.5 37.5
285 1.669 20.5 37.5
286 2.428 21.5 37.5
287 2.275 22.5 37.5
288 1.734 23.5 37.5
289 1.726 24.5 37.5
290 1.544 25.5 37.5
291 1.225 26.5 37.5
292 1.681 27.5 37.5
293 1.035 28.5 37.5
294 1.372 29.5 37.5
295 1.156 30.5 37.5
296 1.113 31.5 37.5
297 1.006 32.5 37.5
298 1.0 33.5 37.5
299 1.0 34.5 37.5
300 1.0 35.5 37.5
301 1.0 36.5 37.5
302 1.0 37.5 37.5
303 1.0 38.5 37.5
304 1.0 39.5 37.5
305 1.0 40.5 37.5
306 1.0 41.5 37.5
307 1.0 42.5 37.5
308 1.0 43.5 37.5
309 1.0 0.5 36.5
310 1.0 1.5 36.5
311 1.0 2.5 36.5
312 1.0 3.5 36.5
313 1.0 4.5 36.5
314 1.0 5.5 36.5
315 1.0 6.5 36.5
316 1.0 7.5 36.5
317 1.079 8.5 36.5
318 1.0 9.5 36.5
319 1.0 10.5 36.5
320 1.0 11.5 36.5
321 1.887 12.5 36.5
322 1.0 13.5 36.5
323 1.0 14.5 36.5
324 1.88 15.5 36.5
325 1.524 16.5 36.5
326 1.355 17.5 36.5
327 1.864 18.5 36.5
328 1.9 19.5 36.5
329 1.762 20.5 36.5
330 2.053 21.5 36.5
331 2.725 22.5 36.5
332 2.658 23.5 36.5
333 1.759 24.5 36.5
334 1.195 25.5 36.5
335 2.188 26.5 36.5
336 1.675 27.5 36.5
337 1.481 28.5 36.5
338 1.379 29.5 36.5
339 1.054 30.5 36.5
340 1.028 31.5 36.5
341 1.0 32.5 36.5
342 1.0 33.5 36.5
343 1.0 34.5 36.5
344 1.0 35.5 36.5
345 1.0 36.5 36.5
346 1.0 37.5 36.5
347 1.0 38.5 36.5
348 1.0 39.5 36.5
349 1.0 40.5 36.5
350 1.0 41.5 36.5
351 1.0 42.5 36.5
352 1.0 43.5 36.5
353 1.0 0.5 35.5
354 1.0 1.5 35.5
355 1.0 2.5 35.5
356 1.0 3.5 35.5
357 1.0 4.5 35.5
358 1.0 5.5 35.5
359 1.0 6.5 35.5
360 1.154 7.5 35.5
361 1.0 8.5 35.5
362 1.797 9.5 35.5
363 1.0 10.5 35.5
364 1.755 11.5 35.5
365 1.109 12.5 35.5
366 1.997 13.5 35.5
367 1.0 14.5 35.5
368 1.0 15.5 35.5
369 1.888 16.5 35.5
370 2.397 17.5 35.5
371 2.129 18.5 35.5
372 2.073 19.5 35.5
373 2.278 20.5 35.5
374 3.059 21.5 35.5
375 3.227 22.5 35.5
376 2.342 23.5 35.5
377 1.851 24.5 35.5
378 2.127 25.5 35.5
379 2.244 26.5 35.5
380 1.348 27.5 35.5
381 1.335 28.5 35.5
382 1.0 29.5 35.5
383 1.0 30.5 35.5
384 1.0 31.5 35.5
385 1.0 32.5 35.5
386 1.0 33.5 35.5
387 1.0 34.5 35.5
388 1.0 35.5 35.5
389 1.0 36.5 35.5
390 1.0 37.5 35.5
391 1.0 38.5 35.5
392 1.0 39.5 35.5
393 1.0 40.5 35.5
394 1.0 41.5 35.5
395 1.0 42.5 35.5
396 1.0 43.5 35.5
397 1.0 0.5 34.5
398 1.0 1.5 34.5
399 1.0 2.5 34.5
400 1.0 3.5 34.5
401 1.0 4.5 34.5
402 1.0 5.5 34.5
403 1.0 6.5 34.5
404 1.0 7.5 34.5
405 1.166 8.5 34.5
406 1.0 9.5 34.5
407 1.834 10.5 34.5
408 1.091 11.5 34.5
409 1.145 12.5 34.5
410 1.545 13.5 34.5
411 2.197 14.5 34.5
412 1.57 15.5 34.5
413 1.684 16.5 34.5
414 2.464 17.5 34.5
415 3.714 18.5 34.5
416 3.093 19.5 34.5
417 2.905 20.5 34.5
418 2.697 21.5 34.5
419 3.19 22.5 34.5
420 3.553 23.5 34.5
421 3.504 24.5 34.5
422 3.174 25.5 34.5
423 1.662 26.5 34.5
424 1.47 27.5 34.5
425 1.038 28.5 34.5
426 1.0 29.5 34.5
427 1.0 30.5 34.5
428 1.0 31.5 34.5
429 1.0 32.5 34.5
430 1.0 33.5 34.5
431 1.0 34.5 34.5
432 1.0 35.5 34.5
433 1.0 36.5 34.5
434 1.0 37.5 34.5
435 1.0 38.5 34.5
436 1.0 39.5 34.5
437 1.0 40.5 34.5
438 1.0 41.5 34.5
439 1.0 42.5 34.5
440 1.0 43.5 34.5
441 1.0 0.5 33.5
442 1.0 1.5 33.5
443 1.0 2.5 33.5
444 1.0 3.5 33.5
445 1.0 4.5 33.5
446 1.0 5.5 33.5
447 1.0 6.5 33.5
448 1.145 7.5 33.5
449 1.0 8.5 33.5
450 1.208 9.5 33.5
451 1.0 10.5 33.5
452 2.343 11.5 33.5
453 1.467 12.5 33.5
454 2.037 13.5 33.5
455 1.546 14.5 33.5
456 2.806 15.5 33.5
457 1.706 16.5 33.5
458 2.263 17.5 33.5
459 3.923 18.5 33.5
460 4.373 19.5 33.5
461 5.004 20.5 33.5
462 4.608 21.5 33.5
463 4.249 22.5 33.5
464 2.774 23.5 33.5
465 1.611 24.5 33.5
466 1.532 25.5 33.5
467 1.306 26.5 33.5
468 1.014 27.5 33.5
469 1.0 28.5 33.5
470 1.0 29.5 33.5
471 1.0 30.5 33.5
472 1.0 31.5 33.5
473 1.0 32.5 33.5
474 1.0 33.5 33.5
475 1.0 34.5 33.5
476 1.0 35.5 33.5
477 1.0 36.5 33.5
478 1.0 37.5 33.5
479 1.0 38.5 33.5
480 1.0 39.5 33.5
481 1.0 40.5 33.5
482 1.0 41.5 33.5
483 1.0 42.5 33.5
484 1.0 43.5 33.5
485 1.0 0.5 32.5
486 1.0 1.5 32.5
487 1.0 2.5 32.5
488 1.0 3.5 32.5
489 1.0 4.5 32.5
490 1.0 5.5 32.5
491 1.0 6.5 32.5
492 1.0 7.5 32.5
493 1.146 8.5 32.5
494 1.0 9.5 32.5
495 1.709 10.5 32.5
496 1.073 11.5 32.5
497 2.601 12.5 32.5
498 1.479 13.5 32.5
499 1.805 14.5 32.5
500 1.412 15.5 32.5
501 3.505 16.5 32.5
502 2.808 17.5 32.5
503 1.859 18.5 32.5
504 3.941 19.5 32.5
505 5.005 20.5 32.5
506 4.958 21.5 32.5
507 3.302 22.5 32.5
508 2.961 23.5 32.5
509 2.136 24.5 32.5
510 1.754 25.5 32.5
511 1.182 26.5 32.5
512 1.0 27.5 32.5
513 1.0 28.5 32.5
514 1.014 29.5 32.5
515 1.0 30.5 32.5
516 1.0 31.5 32.5
517 1.0 32.5 32.5
518 1.0 33.5 32.5
519 1.0 34.5 32.5
520 1.0 35.5 32.5
521 1.0 36.5 32.5
522 1.0 37.5 32.5
523 1.0 38.5 32.5
524 1.0 39.5 32.5
525 1.0 40.5 32.5
526 1.0 41.5 32.5
527 1.0 42.5 32.5
528 1.0 43.5 32.5
529 1.0 0.5 31.5
530 1.0 1.5 31.5
531 1.0 2.5 31.5
532 1.0 3.5 31.5
533 1.0 4.5 31.5
534 1.017 5.5 31.5
535 1.0 6.5 31.5
536 1.039 7.5 31.5
537 1.0 8.5 31.5
538 1.224 9.5 31.5
539 1.0 10.5 31.5
540 2.802 11.5 31.5
541 1.273 12.5 31.5
542 2.843 13.5 31.5
543 1.725 14.5 31.5
544 2.96 15.5 31.5
545 2.582 16.5 31.5
546 4.167 17.5 31.5
547 2.913 18.5 31.5
548 3.137 19.5 31.5
549 4.143 20.5 31.5
550 5.27 21.5 31.5
551 4.968 22.5 31.5
552 3.483 23.5 31.5
553 2.164 24.5 31.5
554 1.805 25.5 31.5
555 1.158 26.5 31.5
556 1.128 27.5 31.5
557 1.05 28.5 31.5
558 1.0 29.5 31.5
559 1.0 30.5 31.5
560 1.0 31.5 31.5
561 1.0 32.5 31.5
562 1.0 33.5 31.5
563 1.0 34.5 31.5
564 1.0 35.5 31.5
565 1.0 36.5 31.5
566 1.0 37.5 31.5
567 1.0 38.5 31.5
568 1.0 39.5 31.5
569 1.0 40.5 31.5
570 1.0 41.5 31.5
571 1.0 42.5 31.5
572 1.0 43.5 31.5
573 1.0 0.5 30.5
574 1.0 1.5 30.5
575 1.0 2.5 30.5
576 1.0 3.5 30.5
577 1.0 4.5 30.5
578 1.0 5.5 30.5
579 1.188 6.5 30.5
580 1.0 7.5 30.5
581 1.505 8.5 30.5
582 1.0 9.5 30.5
583 1.844 10.5 30.5
584 1.206 11.5 30.5
585 3.498 12.5 30.5
586 1.41 13.5 30.5
587 3.959 14.5 30.5
588 2.2 15.5 30.5
589 4.206 16.5 30.5
590 2.205 17.5 30.5
591 5.529 18.5 30.5
592 5.411 19.5 30.5
593 5.348 20.5 30.5
594 5.932 21.5 30.5
595 4.542 22.5 30.5
596 4.42 23.5 30.5
597 4.281 24.5 30.5
598 2.649 25.5 30.5
599 2.177 26.5 30.5
600 1.732 27.5 30.5
601 1.658 28.5 30.5
602 1.005 29.5 30.5
603 1.0 30.5 30.5
604 1.0 31.5 30.5
605 1.0 32.5 30.5
606 1.0 33.5 30.5
607 1.0 34.5 30.5
608 1.0 35.5 30.5
609 1.0 36.5 30.5
610 1.0 37.5 30.5
611 1.0 38.5 30.5
612 1.0 39.5 30.5
613 1.0 40.5 30.5
614 1.0 41.5 30.5
615 1.0 42.5 30.5
616 1.0 43.5 30.5
617 1.0 0.5 29.5
618 1.0 1.5 29.5
619 1.0 2.5 29.5
620 1.0 3.5 29.5
621 1.0 4.5 29.5
622 1.151 5.5 29.5
623 1.0 6.5 29.5
624 1.291 7.5 29.5
625 1.0 8.5 29.5
626 1.606 9.5 29.5
627 1.0 10.5 29.5
628 2.966 11.5 29.5
629 1.0 12.5 29.5
630 3.811 13.5 29.5
631 1.104 14.5 29.5
632 4.118 15.5 29.5
633 1.969 16.5 29.5
634 4.877 17.5 29.5
635 3.114 18.5 29.5
636 5.781 19.5 29.5
637 6.0 20.5 29.5
638 5.803 21.5 29.5
639 4.781 22.5 29.5
640 4.669 23.5 29.5
641 3.512 24.5 29.5
642 4.002 25.5 29.5
643 2.092 26.5 29.5
644 1.274 27.5 29.5
645 1.714 28.5 29.5
646 1.32 29.5 29.5
647 1.292 30.5 29.5
648 1.0 31.5 29.5
649 1.0 32.5 29.5
650 1.0 33.5 29.5
651 1.0 34.5 29.5
652 1.0 35.5 29.5
653 1.0 36.5 29.5
654 1.0 37.5 29.5
655 1.0 38.5 29.5
656 1.0 39.5 29.5
657 1.0 40.5 29.5
658 1.0 41.5 29.5
659 1.0 42.5 29.5
660 1.0 43.5 29.5
661 1.23 0.5 28.5
662 1.0 1.5 28.5
663 1.093 2.5 28.5
664 1.0 3.5 28.5
665 1.0 4.5 28.5
666 1.011 5.5 28.5
667 1.187 6.5 28.5
668 1.0 7.5 28.5
669 1.125 8.5 28.5
670 1.0 9.5 28.5
671 2.215 10.5 28.5
672 1.0 11.5 28.5
673 3.618 12.5 28.5
674 1.0 13.5 28.5
675 2.213 14.5 28.5
676 1.235 15.5 28.5
677 4.27 16.5 28.5
678 3.809 17.5 28.5
679 4.924 18.5 28.5
680 5.444 19.5 28.5
681 5.604 20.5 28.5
682 5.245 21.5 28.5
683 4.864 22.5 28.5
684 3.501 23.5 28.5
685 2.942 24.5 28.5
686 2.123 25.5 28.5
687 3.906 26.5 28.5
688 3.711 27.5 28.5
689 2.616 28.5 28.5
690 1.997 29.5 28.5
691 1.969 30.5 28.5
692 1.196 31.5 28.5
693 1.081 32.5 28.5
694 1.0 33.5 28.5
695 1.0 34.5 28.5
696 1.0 35.5 28.5
697 1.0 36.5 28.5
698 1.0 37.5 28.5
699 1.0 38.5 28.5
700 1.0 39.5 28.5
701 1.0 40.5 28.5
702 1.0 41.5 28.5
703 1.0 42.5 28.5
704 1.0 43.5 28.5
705 1.0 0.5 27.5
706 1.476 1.5 27.5
707 1.0 2.5 27.5
708 1.252 3.5 27.5
709 1.14 4.5 27.5
710 1.395 5.5 27.5
711 1.77 6.5 27.5
712 1.839 7.5 27.5
713 1.0 8.5 27.5
714 2.125 9.5 27.5
715 1.0 10.5 27.5
716 3.478 11.5 27.5
717 1.0 12.5 27.5
718 1.174 13.5 27.5
719 1.0 14.5 27.5
720 2.613 15.5 27.5
721 3.453 16.5 27.5
722 3.176 17.5 27.5
723 4.775 18.5 27.5
724 4.544 19.5 27.5
725 5.447 20.5 27.5
726 3.12 21.5 27.5
727 3.878 22.5 27.5
728 4.351 23.5 27.5
729 3.332 24.5 27.5
730 2.905 25.5 27.5
731 2.821 26.5 27.5
732 3.028 27.5 27.5
733 2.65 28.5 27.5
734 2.087 29.5 27.5
735 1.263 30.5 27.5
736 1.05 31.5 27.5
737 1.0 32.5 27.5
738 1.027 33.5 27.5
739 1.0 34.5 27.5
740 1.0 35.5 27.5
741 1.0 36.5 27.5
742 1.0 37.5 27.5
743 1.0 38.5 27.5
744 1.0 39.5 27.5
745 1.0 40.5 27.5
746 1.0 41.5 27.5
747 1.0 42.5 27.5
748 1.0 43.5 27.5
749 1.445 0.5 26.5
750 1.0 1.5 26.5
751 1.885 2.5 26.5
752 1.189 3.5 26.5
753 1.393 4.5 26.5
754 1.444 5.5 26.5
755 1.593 6.5 26.5
756 2.321 7.5 26.5
757 1.939 8.5 26.5
758 1.0 9.5 26.5
759 3.004 10.5 26.5
760 1.0 11.5 26.5
761 1.0 12.5 26.5
762 1.0 13.5 26.5
763 1.356 14.5 26.5
764 2.494 15.5 26.5
765 1.736 16.5 26.5
766 2.417 17.5 26.5
767 3.899 18.5 26.5
768 2.913 19.5 26.5
769 2.798 20.5 26.5
770 2.84 21.5 26.5
771 2.281 22.5 26.5
772 2.411 23.5 26.5
773 4.104 24.5 26.5
774 3.444 25.5 26.5
775 3.307 26.5 26.5
776 2.198 27.5 26.5
777 2.602 28.5 26.5
778 2.242 29.5 26.5
779 1.653 30.5 26.5
780 1.507 31.5 26.5
781 1.0 32.5 26.5
782 1.0 33.5 26.5
783 1.0 34.5 26.5
784 1.0 35.5 26.5
785 1.0 36.5 26.5
786 1.0 37.5 26.5
787 1.0 38.5 26.5
788 1.0 39.5 26.5
789 1.0 40.5 26.5
790 1.0 41.5 26.5
791 1.0 42.5 26.5
792 1.0 43.5 26.5
793 1.0 0.5 25.5
794 1.444 1.5 25.5
795 1.051 2.5 25.5
796 2.26 3.5 25.5
797 1.771 4.5 25.5
798 1.326 5.5 25.5
799 1.624 6.5 25.5
800 2.592 7.5 25.5
801 2.488 8.5 25.5
802 1.835 9.5 25.5
803 1.0 10.5 25.5
804 1.0 11.5 25.5
805 1.0 12.5 25.5
806 1.0 13.5 25.5
807 1.757 14.5 25.5
808 2.295 15.5 25.5
809 1.358 16.5 25.5
810 2.92 17.5 25.5
811 3.74 18.5 25.5
812 3.577 19.5 25.5
813 2.297 20.5 25.5
814 1.753 21.5 25.5
815 2.442 22.5 25.5
816 2.368 23.5 25.5
817 3.461 24.5 25.5
818 3.517 25.5 25.5
819 2.092 26.5 25.5
820 1.907 27.5 25.5
821 1.886 28.5 25.5
822 1.809 29.5 25.5
823 1.155 30.5 25.5
824 1.429 31.5 25.5
825 1.268 32.5 25.5
826 1.016 33.5 25.5
827 1.0 34.5 25.5
828 1.0 35.5 25.5
829 1.0 36.5 25.5
830 1.0 37.5 25.5
831 1.0 38.5 25.5
832 1.0 39.5 25.5
833 1.0 40.5 25.5
834 1.0 41.5 25.5
835 1.0 42.5 25.5
836 1.0 43.5 25.5
837 1.326 0.5 24.5
838 1.0 1.5 24.5
839 1.534 2.5 24.5
840 1.658 3.5 24.5
841 3.13 4.5 24.5
842 2.037 5.5 24.5
843 2.519 6.5 24.5
844 2.265 7.5 24.5
845 3.245 8.5 24.5
846 2.627 9.5 24.5
847 2.851 10.5 24.5
848 1.0 11.5 24.5
849 1.0 12.5 24.5
850 1.316 13.5 24.5
851 1.739 14.5 24.5
852 2.276 15.5 24.5
853 2.364 16.5 24.5
854 1.996 17.5 24.5
855 3.17 18.5 24.5
856 3.514 19.5 24.5
857 3.159 20.5 24.5
858 2.175 21.5 24.5
859 2.095 22.5 24.5
860 2.604 23.5 24.5
861 2.604 24.5 24.5
862 2.214 25.5 24.5
863 2.81 26.5 24.5
864 2.382 27.5 24.5
865 2.154 28.5 24.5
866 1.175 29.5 24.5
867 1.32 30.5 24.5
868 1.0 31.5 24.5
869 1.0 32.5 24.5
870 1.0 33.5 24.5
871 1.0 34.5 24.5
872 1.0 35.5 24.5
873 1.0 36.5 24.5
874 1.0 37.5 24.5
875 1.0 38.5 24.5
876 1.0 39.5 24.5
877 1.0 40.5 24.5
878 1.0 41.5 24.5
879 1.0 42.5 24.5
880 1.0 43.5 24.5
881 1.0 0.5 23.5
882 1.505 1.5 23.5
883 1.069 2.5 23.5
884 2.663 3.5 23.5
885 2.145 4.5 23.5
886 3.592 5.5 23.5
887 2.224 6.5 23.5
888 3.391 7.5 23.5
889 4.41 8.5 23.5
890 4.813 9.5 23.5
891 4.742 10.5 23.5
892 3.312 11.5 23.5
893 2.957 12.5 23.5
894 2.077 13.5 23.5
895 2.114 14.5 23.5
896 2.241 15.5 23.5
897 1.39 16.5 23.5
898 2.233 17.5 23.5
899 2.225 18.5 23.5
900 2.702 19.5 23.5
901 2.241 20.5 23.5
902 3.024 21.5 23.5
903 2.849 22.5 23.5
904 1.445 23.5 23.5
905 2.302 24.5 23.5
906 1.712 25.5 23.5
907 2.002 26.5 23.5
908 2.758 27.5 23.5
909 1.754 28.5 23.5
910 1.217 29.5 23.5
911 1.174 30.5 23.5
912 1.187 31.5 23.5
913 1.0 32.5 23.5
914 1.0 33.5 23.5
915 1.0 34.5 23.5
916 1.0 35.5 23.5
917 1.0 36.5 23.5
918 1.0 37.5 23.5
919 1.0 38.5 23.5
920 1.0 39.5 23.5
921 1.0 40.5 23.5
922 1.0 41.5 23.5
923 1.0 42.5 23.5
924 1.0 43.5 23.5
925 1.604 0.5 22.5
926 1.0 1.5 22.5
927 1.932 2.5 22.5
928 1.484 3.5 22.5
929 3.187 4.5 22.5
930 2.212 5.5 22.5
931 4.285 6.5 22.5
932 2.877 7.5 22.5
933 5.031 8.5 22.5
934 5.86 9.5 22.5
935 5.554 10.5 22.5
936 5.708 11.5 22.5
937 4.064 12.5 22.5
938 2.73 13.5 22.5
939 2.665 14.5 22.5
940 2.255 15.5 22.5
941 1.591 16.5 22.5
942 1.332 17.5 22.5
943 2.05 18.5 22.5
944 1.955 19.5 22.5
945 2.161 20.5 22.5
946 2.705 21.5 22.5
947 1.986 22.5 22.5
948 2.255 23.5 22.5
949 1.554 24.5 22.5
950 1.846 25.5 22.5
951 2.352 26.5 22.5
952 1.944 27.5 22.5
953 1.892 28.5 22.5
954 1.074 29.5 22.5
955 1.0 30.5 22.5
956 1.0 31.5 22.5
957 1.0 32.5 22.5
958 1.0 33.5 22.5
959 1.0 34.5 22.5
960 1.0 35.5 22.5
961 1.0 36.5 22.5
962 1.0 37.5 22.5
963 1.0 38.5 22.5
964 1.0 39.5 22.5
965 1.0 40.5 22.5
966 1.0 41.5 22.5
967 1.0 42.5 22.5
968 1.0 43.5 22.5
969 1.0 0.5 21.5
970 1.97 1.5 21.5
971 1.118 2.5 21.5
972 2.993 3.5 21.5
973 1.272 4.5 21.5
974 2.962 5.5 21.5
975 2.757 6.5 21.5
976 4.737 7.5 21.5
977 3.411 8.5 21.5
978 5.806 9.5 21.5
979 6.0 10.5 21.5
980 5.642 11.5 21.5
981 3.226 12.5 21.5
982 3.265 13.5 21.5
983 3.008 14.5 21.5
984 2.904 15.5 21.5
985 2.19 16.5 21.5
986 1.975 17.5 21.5
987 1.918 18.5 21.5
988 1.583 19.5 21.5
989 1.756 20.5 21.5
990 2.28 21.5 21.5
991 1.629 22.5 21.5
992 1.954 23.5 21.5
993 2.094 24.5 21.5
994 1.709 25.5 21.5
995 2.037 26.5 21.5
996 1.839 27.5 21.5
997 1.37 28.5 21.5
998 1.0 29.5 21.5
999 1.0 30.5 21.5
1000 1.0 31.5 21.5
1001 1.0 32.5 21.5
1002 1.0 33.5 21.5
1003 1.0 34.5 21.5
1004 1.0 35.5 21.5
1005 1.0 36.5 21.5
1006 1.0 37.5 21.5
1007 1.0 38.5 21.5
1008 1.0 39.5 21.5
1009 1.0 40.5 21.5
1010 1.0 41.5 21.5
1011 1.0 42.5 21.5
1012 1.0 43.5 21.5
1013 1.254 0.5 20.5
1014 1.022 1.5 20.5
1015 2.544 2.5 20.5
1016 1.0 3.5 20.5
1017 2.083 4.5 20.5
1018 1.47 5.5 20.5
1019 4.25 6.5 20.5
1020 3.97 7.5 20.5
1021 5.237 8.5 20.5
1022 5.219 9.5 20.5
1023 5.314 10.5 20.5
1024 5.688 11.5 20.5
1025 3.801 12.5 20.5
1026 2.213 13.5 20.5
1027 3.149 14.5 20.5
1028 1.602 15.5 20.5
1029 2.217 16.5 20.5
1030 1.38 17.5 20.5
1031 1.864 18.5 20.5
1032 1.043 19.5 20.5
1033 1.768 20.5 20.5
1034 1.793 21.5 20.5
1035 2.163 22.5 20.5
1036 1.917 23.5 20.5
1037 1.894 24.5 20.5
1038 1.954 25.5 20.5
1039 1.297 26.5 20.5
1040 1.88 27.5 20.5
1041 1.347 28.5 20.5
1042 1.217 29.5 20.5
1043 1.065 30.5 20.5
1044 1.0 31.5 20.5
1045 1.0 32.5 20.5
1046 1.0 33.5 20.5
1047 1.0 34.5 20.5
1048 1.0 35.5 20.5
1049 1.0 36.5 20.5
1050 1.0 37.5 20.5
1051 1.0 38.5 20.5
1052 1.0 39.5 20.5
1053 1.0 40.5 20.5
1054 1.0 41.5 20.5
1055 1.0 42.5 20.5
1056 1.0 43.5 20.5
1057 1.011 0.5 19.5
1058 1.378 1.5 19.5
1059 1.019 2.5 19.5
1060 1.476 3.5 19.5
1061 1.455 4.5 19.5
1062 2.293 5.5 19.5
1063 2.741 6.5 19.5
1064 3.396 7.5 19.5
1065 3.5 8.5 19.5
1066 5.071 9.5 19.5
1067 5.555 10.5 19.5
1068 3.668 11.5 19.5
1069 3.042 12.5 19.5
1070 2.741 13.5 19.5
1071 2.805 14.5 19.5
1072 2.717 15.5 19.5
1073 2.137 16.5 19.5
1074 1.896 17.5 19.5
1075 1.45 18.5 19.5
1076 1.52 19.5 19.5
1077 1.455 20.5 19.5
1078 1.435 21.5 19.5
1079 1.327 22.5 19.5
1080 1.283 23.5 19.5
1081 1.707 24.5 19.5
1082 1.426 25.5 19.5
1083 1.389 26.5 19.5
1084 1.254 27.5 19.5
1085 1.614 28.5 19.5
1086 1.0 29.5 19.5
1087 1.0 30.5 19.5
1088 1.0 31.5 19.5
1089 1.0 32.5 19.5
1090 1.0 33.5 19.5
1091 1.0 34.5 19.5
1092 1.0 35.5 19.5
1093 1.0 36.5 19.5
1094 1.0 37.5 19.5
1095 1.0 38.5 19.5
1096 1.0 39.5 19.5
1097 1.0 40.5 19.5
1098 1.0 41.5 19.5
1099 1.0 42.5 19.5
1100 1.0 43.5 19.5
1101 1.324 0.5 18.5
1102 1.0 1.5 18.5
1103 1.302 2.5 18.5
1104 1.066 3.5 18.5
1105 2.089 4.5 18.5
1106 1.972 5.5 18.5
1107 2.613 6.5 18.5
1108 3.448 7.5 18.5
1109 4.121 8.5 18.5
1110 4.247 9.5 18.5
1111 3.903 10.5 18.5
1112 4.856 11.5 18.5
1113 4.639 12.5 18.5
1114 3.743 13.5 18.5
1115 3.128 14.5 18.5
1116 2.576 15.5 18.5
1117 2.639 16.5 18.5
1118 2.417 17.5 18.5
1119 1.632 18.5 18.5
1120 1.496 19.5 18.5
1121 1.266 20.5 18.5
1122 1.194 21.5 18.5
1123 1.109 22.5 18.5
1124 1.671 23.5 18.5
1125 1.489 24.5 18.5
1126 1.02 25.5 18.5
1127 1.0 26.5 18.5
1128 1.001 27.5 18.5
1129 1.0 28.5 18.5
1130 1.0 29.5 18.5
1131 1.0 30.5 18.5
1132 1.0 31.5 18.5
1133 1.0 32.5 18.5
1134 1.0 33.5 18.5
1135 1.0 34.5 18.5
1136 1.0 35.5 18.5
1137 1.0 36.5 18.5
1138 1.0 37.5 18.5
1139 1.0 38.5 18.5
1140 1.0 39.5 18.5
1141 1.0 40.5 18.5
1142 1.0 41.5 18.5
1143 1.0 42.5 18.5
1144 1.0 43.5 18.5
1145 1.0 0.5 17.5
1146 1.0 1.5 17.5
1147 1.0 2.5 17.5
1148 1.075 3.5 17.5
1149 1.992 4.5 17.5
1150 2.066 5.5 17.5
1151 2.112 6.5 17.5
1152 3.413 7.5 17.5
1153 5.069 8.5 17.5
1154 5.155 9.5 17.5
1155 3.069 10.5 17.5
1156 5.117 11.5 17.5
1157 3.52 12.5 17.5
1158 3.839 13.5 17.5
1159 2.813 14.5 17.5
1160 2.171 15.5 17.5
1161 2.223 16.5 17.5
1162 1.947 17.5 17.5
1163 1.664 18.5 17.5
1164 1.438 19.5 17.5
1165 1.331 20.5 17.5
1166 1.0 21.5 17.5
1167 1.302 22.5 17.5
1168 1.0 23.5 17.5
1169 1.447 24.5 17.5
1170 1.2 25.5 17.5
1171 1.02 26.5 17.5
1172 1.0 27.5 17.5
1173 1.0 28.5 17.5
1174 1.0 29.5 17.5
1175 1.0 30.5 17.5
1176 1.0 31.5 17.5
1177 1.0 32.5 17.5
1178 1.0 33.5 17.5
1179 1.0 34.5 17.5
1180 1.0 35.5 17.5
1181 1.0 36.5 17.5
1182 1.0 37.5 17.5
1183 1.0 38.5 17.5
1184 1.0 39.5 17.5
1185 1.0 40.5 17.5
1186 1.0 41.5 17.5
1187 1.0 42.5 17.5
1188 1.0 43.5 17.5
1189 1.0 0.5 16.5
1190 1.0 1.5 16.5
1191 1.0 2.5 16.5
1192 1.95 3.5 16.5
1193 1.513 4.5 16.5
1194 1.967 5.5 16.5
1195 1.722 6.5 16.5
1196 3.818 7.5 16.5
1197 5.39 8.5 16.5
1198 5.793 9.5 16.5
1199 5.368 10.5 16.5
1200 4.824 11.5 16.5
1201 3.281 12.5 16.5
1202 3.831 13.5 16.5
1203 2.659 14.5 16.5
1204 1.457 15.5 16.5
1205 1.201 16.5 16.5
1206 1.685 17.5 16.5
1207 1.676 18.5 16.5
1208 1.635 19.5 16.5
1209 1.566 20.5 16.5
1210 1.244 21.5 16.5
1211 1.116 22.5 16.5
1212 1.32 23.5 16.5
1213 1.0 24.5 16.5
1214 1.409 25.5 16.5
1215 1.0 26.5 16.5
1216 1.0 27.5 16.5
1217 1.0 28.5 16.5
1218 1.0 29.5 16.5
1219 1.0 30.5 16.5
1220 1.0 31.5 16.5
1221 1.0 32.5 16.5
1222 1.0 33.5 16.5
1223 1.0 34.5 16.5
1224 1.0 35.5 16.5
1225 1.0 36.5 16.5
1226 1.0 37.5 16.5
1227 1.0 38.5 16.5
1228 1.0 39.5 16.5
1229 1.0 40.5 16.5
1230 1.0 41.5 16.5
1231 1.0 42.5 16.5
1232 1.0 43.5 16.5
1233 1.0 0.5 15.5
1234 1.0 1.5 15.5
1235 1.667 2.5 15.5
1236 1.488 3.5 15.5
1237 1.814 4.5 15.5
1238 1.536 5.5 15.5
1239 2.319 6.5 15.5
1240 3.221 7.5 15.5
1241 5.077 8.5 15.5
1242 6.0 9.5 15.5
1243 5.517 10.5 15.5
1244 5.4 11.5 15.5
1245 3.666 12.5 15.5
1246 3.799 13.5 15.5
1247 2.119 14.5 15.5
1248 1.4 15.5 15.5
1249 1.148 16.5 15.5
1250 1.012 17.5 15.5
1251 1.224 18.5 15.5
1252 1.673 19.5 15.5
1253 1.436 20.5 15.5
1254 1.422 21.5 15.5
1255 1.045 22.5 15.5
1256 1.0 23.5 15.5
1257 1.001 24.5 15.5
1258 1.049 25.5 15.5
1259 1.221 26.5 15.5
1260 1.0 27.5 15.5
1261 1.0 28.5 15.5
1262 1.0 29.5 15.5
1263 1.0 30.5 15.5
1264 1.0 31.5 15.5
1265 1.0 32.5 15.5
1266 1.0 33.5 15.5
1267 1.0 34.5 15.5
1268 1.0 35.5 15.5
1269 1.0 36.5 15.5
1270 1.0 37.5 15.5
1271 1.0 38.5 15.5
1272 1.0 39.5 15.5
1273 1.0 40.5 15.5
1274 1.0 41.5 15.5
1275 1.0 42.5 15.5
1276 1.0 43.5 15.5
1277 1.0 0.5 14.5
1278 1.0 1.5 14.5
1279 1.0 2.5 14.5
1280 1.0 3.5 14.5
1281 1.478 4.5 14.5
1282 1.42 5.5 14.5
1283 2.272 6.5 14.5
1284 4.023 7.5 14.5
1285 5.786 8.5 14.5
1286 5.728 9.5 14.5
1287 5.719 10.5 14.5
1288 4.236 11.5 14.5
1289 4.922 12.5 14.5
1290 4.262 13.5 14.5
1291 3.04 14.5 14.5
1292 2.419 15.5 14.5
1293 1.806 16.5 14.5
1294 1.114 17.5 14.5
1295 1.0 18.5 14.5
1296 1.209 19.5 14.5
1297 1.0 20.5 14.5
1298 1.0 21.5 14.5
1299 1.0 22.5 14.5
1300 1.0 23.5 14.5
1301 1.0 24.5 14.5
1302 1.148 25.5 14.5
1303 1.0 26.5 14.5
1304 1.0 27.5 14.5
1305 1.0 28.5 14.5
1306 1.0 29.5 14.5
1307 1.0 30.5 14.5
1308 1.0 31.5 14.5
1309 1.0 32.5 14.5
1310 1.0 33.5 14.5
1311 1.0 34.5 14.5
1312 1.0 35.5 14.5
1313 1.0 36.5 14.5
1314 1.0 37.5 14.5
1315 1.0 38.5 14.5
1316 1.0 39.5 14.5
1317 1.0 40.5 14.5
1318 1.0 41.5 14.5
1319 1.0 42.5 14.5
1320 1.0 43.5 14.5
1321 1.0 0.5 13.5
1322 1.0 1.5 13.5
1323 1.0 2.5 13.5
1324 1.466 3.5 13.5
1325 1.128 4.5 13.5
1326 1.89 5.5 13.5
1327 3.013 6.5 13.5
1328 5.659 7.5 13.5
1329 3.3 8.5 13.5
1330 4.789 9.5 13.5
1331 5.507 10.5 13.5
1332 3.309 11.5 13.5
1333 4.151 12.5 13.5
1334 3.557 13.5 13.5
1335 3.811 14.5 13.5
1336 2.936 15.5 13.5
1337 2.011 16.5 13.5
1338 1.307 17.5 13.5
1339 1.078 18.5 13.5
1340 1.0 19.5 13.5
1341 1.0 20.5 13.5
1342 1.0 21.5 13.5
1343 1.0 22.5 13.5
1344 1.0 23.5 13.5
1345 1.0 24.5 13.5
1346 1.0 25.5 13.5
1347 1.103 26.5 13.5
1348 1.0 27.5 13.5
1349 1.0 28.5 13.5
1350 1.0 29.5 13.5
1351 1.0 30.5 13.5
1352 1.0 31.5 13.5
1353 1.0 32.5 13.5
1354 1.0 33.5 13.5
1355 1.0 34.5 13.5
1356 1.0 35.5 13.5
1357 1.0 36.5 13.5
1358 1.0 37.5 13.5
1359 1.0 38.5 13.5
1360 1.0 39.5 13.5
1361 1.0 40.5 13.5
1362 1.0 41.5 13.5
1363 1.0 42.5 13.5
1364 1.0 43.5 13.5
1365 1.0 0.5 12.5
1366 1.0 1.5 12.5
1367 1.13 2.5 12.5
1368 1.056 3.5 12.5
1369 1.475 4.5 12.5
1370 2.271 5.5 12.5
1371 4.827 6.5 12.5
1372 5.192 7.5 12.5
1373 5.578 8.5 12.5
1374 5.55 9.5 12.5
1375 4.114 10.5 12.5
1376 4.557 11.5 12.5
1377 4.521 12.5 12.5
1378 4.283 13.5 12.5
1379 2.153 14.5 12.5
1380 2.531 15.5 12.5
1381 1.519 16.5 12.5
1382 1.509 17.5 12.5
1383 1.0 18.5 12.5
1384 1.0 19.5 12.5
1385 1.0 20.5 12.5
1386 1.0 21.5 12.5
1387 1.0 22.5 12.5
1388 1.0 23.5 12.5
1389 1.0 24.5 12.5
1390 1.0 25.5 12.5
1391 1.0 26.5 12.5
1392 1.0 27.5 12.5
1393 1.0 28.5 12.5
1394 1.0 29.5 12.5
1395 1.0 30.5 12.5
1396 1.0 31.5 12.5
1397 1.0 32.5 12.5
1398 1.0 33.5 12.5
1399 1.0 34.5 12.5
1400 1.0 35.5 12.5
1401 1.0 36.5 12.5
1402 1.0 37.5 12.5
1403 1.0 38.5 12.5
1404 1.0 39.5 12.5
1405 1.0 40.5 12.5
1406 1.0 41.5 12.5
1407 1.0 42.5 12.5
1408 1.0 43.5 12.5
1409 1.0 0.5 11.5
1410 1.082 1.5 11.5
1411 1.0 2.5 11.5
1412 1.0 3.5 11.5
1413 2.147 4.5 11.5
1414 4.301 5.5 11.5
1415 4.455 6.5 11.5
1416 5.133 7.5 11.5
1417 3.073 8.5 11.5
1418 3.688 9.5 11.5
1419 2.845 10.5 11.5
1420 4.249 11.5 11.5
1421 2.693 12.5 11.5
1422 4.425 13.5 11.5
1423 4.115 14.5 11.5
1424 3.769 15.5 11.5
1425 2.899 16.5 11.5
1426 2.352 17.5 11.5
1427 2.18 18.5 11.5
1428 1.427 19.5 11.5
1429 1.187 20.5 11.5
1430 1.121 21.5 11.5
1431 1.086 22.5 11.5
1432 1.013 23.5 11.5
1433 1.0 24.5 11.5
1434 1.0 25.5 11.5
1435 1.0 26.5 11.5
1436 1.0 27.5 11.5
1437 1.0 28.5 11.5
1438 1.0 29.5 11.5
1439 1.0 30.5 11.5
1440 1.0 31.5 11.5
1441 1.0 32.5 11.5
1442 1.0 33.5 11.5
1443 1.0 34.5 11.5
1444 1.0 35.5 11.5
1445 1.0 36.5 11.5
1446 1.0 37.5 11.5
1447 1.0 38.5 11.5
1448 1.0 39.5 11.5
1449 1.0 40.5 11.5
1450 1.0 41.5 11.5
1451 1.0 42.5 11.5
1452 1.0 43.5 11.5
1453 1.055 0.5 10.5
1454 1.0 1.5 10.5
1455 1.0 2.5 10.5
1456 1.103 3.5 10.5
1457 3.143 4.5 10.5
1458 3.09 5.5 10.5
1459 3.632 6.5 10.5
1460 3.964 7.5 10.5
1461 2.994 8.5 10.5
1462 2.66 9.5 10.5
1463 2.131 10.5 10.5
1464 3.779 11.5 10.5
1465 3.877 12.5 10.5
1466 3.396 13.5 10.5
1467 2.388 14.5 10.5
1468 4.069 15.5 10.5
1469 3.224 16.5 10.5
1470 1.819 17.5 10.5
1471 1.654 18.5 10.5
1472 1.529 19.5 10.5
1473 1.124 20.5 10.5
1474 1.0 21.5 10.5
1475 1.0 22.5 10.5
1476 1.0 23.5 10.5
1477 1.01 24.5 10.5
1478 1.0 25.5 10.5
1479 1.0 26.5 10.5
1480 1.0 27.5 10.5
1481 1.0 28.5 10.5
1482 1.0 29.5 10.5
1483 1.0 30.5 10.5
1484 1.0 31.5 10.5
1485 1.0 32.5 10.5
1486 1.0 33.5 10.5
1487 1.0 34.5 10.5
1488 1.0 35.5 10.5
1489 1.0 36.5 10.5
1490 1.0 37.5 10.5
1491 1.0 38.5 10.5
1492 1.0 39.5 10.5
1493 1.0 40.5 10.5
1494 1.0 41.5 10.5
1495 1.0 42.5 10.5
1496 1.0 43.5 10.5
1497 1.046 0.5 9.5
1498 1.049 1.5 9.5
1499 1.0 2.5 9.5
1500 2.718 3.5 9.5
1501 2.913 4.5 9.5
1502 3.26 5.5 9.5
1503 3.692 6.5 9.5
1504 3.382 7.5 9.5
1505 2.91 8.5 9.5
1506 1.757 9.5 9.5
1507 3.135 10.5 9.5
1508 2.008 11.5 9.5
1509 3.381 12.5 9.5
1510 2.797 13.5 9.5
1511 3.085 14.5 9.5
1512 2.378 15.5 9.5
1513 3.005 16.5 9.5
1514 1.638 17.5 9.5
1515 1.088 18.5 9.5
1516 1.488 19.5 9.5
1517 1.524 20.5 9.5
1518 1.12 21.5 9.5
1519 1.0 22.5 9.5
1520 1.0 23.5 9.5
1521 1.0 24.5 9.5
1522 1.0 25.5 9.5
1523 1.0 26.5 9.5
1524 1.0 27.5 9.5
1525 1.0 28.5 9.5
1526 1.0 29.5 9.5
1527 1.0 30.5 9.5
1528 1.0 31.5 9.5
1529 1.0 32.5 9.5
1530 1.0 33.5 9.5
1531 1.0 34.5 9.5
1532 1.0 35.5 9.5
1533 1.0 36.5 9.5
1534 1.0 37.5 9.5
1535 1.0 38.5 9.5
1536 1.0 39.5 9.5
1537 1.0 40.5 9.5
1538 1.0 41.5 9.5
1539 1.0 42.5 9.5
1540 1.0 43.5 9.5
1541 1.0 0.5 8.5
1542 1.0 1.5 8.5
1543 1.769 2.5 8.5
1544 2.626 3.5 8.5
1545 2.987 4.5 8.5
1546 2.658 5.5 8.5
1547 2.686 6.5 8.5
1548 3.149 7.5 8.5
1549 3.043 8.5 8.5
1550 2.515 9.5 8.5
1551 2.91 10.5 8.5
1552 3.066 11.5 8.5
1553 2.579 12.5 8.5
1554 2.415 13.5 8.5
1555 2.598 14.5 8.5
1556 1.705 15.5 8.5
1557 2.839 16.5 8.5
1558 2.707 17.5 8.5
1559 1.818 18.5 8.5
1560 1.516 19.5 8.5
1561 1.0 20.5 8.5
1562 1.289 21.5 8.5
1563 1.0 22.5 8.5
1564 1.0 23.5 8.5
1565 1.0 24.5 8.5
1566 1.0 25.5 8.5
1567 1.0 26.5 8.5
1568 1.0 27.5 8.5
1569 1.0 28.5 8.5
1570 1.0 29.5 8.5
1571 1.0 30.5 8.5
1572 1.0 31.5 8.5
1573 1.0 32.5 8.5
1574 1.0 33.5 8.5
1575 1.0 34.5 8.5
1576 1.0 35.5 8.5
1577 1.0 36.5 8.5
1578 1.0 37.5 8.5
1579 1.0 38.5 8.5
1580 1.0 39.5 8.5
1581 1.0 40.5 8.5
1582 1.0 41.5 8.5
1583 1.0 42.5 8.5
1584 1.0 43.5 8.5
1585 1.0 0.5 7.5
1586 1.541 1.5 7.5
1587 1.561 2.5 7.5
1588 2.423 3.5 7.5
1589 1.981 4.5 7.5
1590 2.05 5.5 7.5
1591 2.185 6.5 7.5
1592 1.808 7.5 7.5
1593 2.103 8.5 7.5
1594 2.063 9.5 7.5
1595 2.33 10.5 7.5
1596 2.82 11.5 7.5
1597 1.846 12.5 7.5
1598 2.142 13.5 7.5
1599 2.309 14.5 7.5
1600 2.708 15.5 7.5
1601 2.703 16.5 7.5
1602 1.505 17.5 7.5
1603 2.625 18.5 7.5
1604 1.642 19.5 7.5
1605 1.003 20.5 7.5
1606 1.144 21.5 7.5
1607 1.0 22.5 7.5
1608 1.0 23.5 7.5
1609 1.0 24.5 7.5
1610 1.0 25.5 7.5
1611 1.0 26.5 7.5
1612 1.0 27.5 7.5
1613 1.0 28.5 7.5
1614 1.0 29.5 7.5
1615 1.0 30.5 7.5
1616 1.0 31.5 7.5
1617 1.0 32.5 7.5
1618 1.0 33.5 7.5
1619 1.0 34.5 7.5
1620 1.0 35.5 7.5
1621 1.0 36.5 7.5
1622 1.0 37.5 7.5
1623 1.0 38.5 7.5
1624 1.0 39.5 7.5
1625 1.0 40.5 7.5
1626 1.0 41.5 7.5
1627 1.0 42.5 7.5
1628 1.0 43.5 7.5
1629 1.071 0.5 6.5
1630 1.508 1.5 6.5
1631 1.613 2.5 6.5
1632 1.726 3.5 6.5
1633 1.484 4.5 6.5
1634 1.43 5.5 6.5
1635 1.745 6.5 6.5
1636 1.148 7.5 6.5
1637 1.865 8.5 6.5
1638 1.68 9.5 6.5
1639 1.572 10.5 6.5
1640 1.815 11.5 6.5
1641 2.089 12.5 6.5
1642 1.192 13.5 6.5
1643 2.169 14.5 6.5
1644 2.509 15.5 6.5
1645 1.512 16.5 6.5
1646 2.062 17.5 6.5
1647 1.951 18.5 6.5
1648 2.05 19.5 6.5
1649 1.235 20.5 6.5
1650 1.0 21.5 6.5
1651 1.0 22.5 6.5
1652 1.0 23.5 6.5
1653 1.0 24.5 6.5
1654 1.0 25.5 6.5
1655 1.0 26.5 6.5
1656 1.0 27.5 6.5
1657 1.0 28.5 6.5
1658 1.0 29.5 6.5
1659 1.0 30.5 6.5
1660 1.0 31.5 6.5
1661 1.0 32.5 6.5
1662 1.0 33.5 6.5
1663 1.0 34.5 6.5
1664 1.0 35.5 6.5
1665 1.0 36.5 6.5
1666 1.0 37.5 6.5
1667 1.0 38.5 6.5
1668 1.0 39.5 6.5
1669 1.0 40.5 6.5
1670 1.0 41.5 6.5
1671 1.0 42.5 6.5
1672 1.0 43.5 6.5
1673 1.228 0.5 5.5
1674 1.607 1.5 5.5
1675 1.645 2.5 5.5
1676 1.703 3.5 5.5
1677 1.356 4.5 5.5
1678 1.014 5.5 5.5
1679 1.27 6.5 5.5
1680 1.313 7.5 5.5
1681 1.617 8.5 5.5
1682 1.355 9.5 5.5
1683 1.569 10.5 5.5
1684 1.424 11.5 5.5
1685 1.232 12.5 5.5
1686 2.077 13.5 5.5
1687 2.325 14.5 5.5
1688 2.371 15.5 5.5
1689 1.789 16.5 5.5
1690 1.153 17.5 5.5
1691 1.086 18.5 5.5
1692 1.437 19.5 5.5
1693 1.505 20.5 5.5
1694 1.102 21.5 5.5
1695 1.0 22.5 5.5
1696 1.0 23.5 5.5
1697 1.0 24.5 5.5
1698 1.0 25.5 5.5
1699 1.0 26.5 5.5
1700 1.0 27.5 5.5
1701 1.0 28.5 5.5
1702 1.0 29.5 5.5
1703 1.0 30.5 5.5
1704 1.0 31.5 5.5
1705 1.0 32.5 5.5
1706 1.0 33.5 5.5
1707 1.0 34.5 5.5
1708 1.0 35.5 5.5
1709 1.0 36.5 5.5
1710 1.0 37.5 5.5
1711 1.0 38.5 5.5
1712 1.0 39.5 5.5
1713 1.0 40.5 5.5
1714 1.0 41.5 5.5
1715 1.0 42.5 5.5
1716 1.0 43.5 5.5
1717 1.0 0.5 4.5
1718 1.091 1.5 4.5
1719 1.056 2.5 4.5
1720 1.149 3.5 4.5
1721 1.102 4.5 4.5
1722 1.059 5.5 4.5
1723 1.116 6.5 4.5
1724 1.117 7.5 4.5
1725 1.203 8.5 4.5
1726 1.346 9.5 4.5
1727 1.324 10.5 4.5
1728 1.0 11.5 4.5
1729 1.391 12.5 4.5
1730 1.742 13.5 4.5
1731 1.862 14.5 4.5
1732 1.957 15.5 4.5
1733 1.922 16.5 4.5
1734 1.496 17.5 4.5
1735 1.349 18.5 4.5
1736 1.125 19.5 4.5
1737 1.18 20.5 4.5
1738 1.0 21.5 4.5
1739 1.0 22.5 4.5
1740 1.0 23.5 4.5
1741 1.0 24.5 4.5
1742 1.0 25.5 4.5
1743 1.0 26.5 4.5
1744 1.0 27.5 4.5
1745 1.0 28.5 4.5
1746 1.0 29.5 4.5
1747 1.0 30.5 4.5
1748 1.0 31.5 4.5
1749 1.0 32.5 4.5
1750 1.0 33.5 4.5
1751 1.0 34.5 4.5
1752 1.0 35.5 4.5
1753 1.0 36.5 4.5
1754 1.0 37.5 4.5
1755 1.0 38.5 4.5
1756 1.0 39.5 4.5
1757 1.0 40.5 4.5
1758 1.0 41.5 4.5
1759 1.0 42.5 4.5
1760 1.0 43.5 4.5
1761 1.085 0.5 3.5
1762 1.0 1.5 3.5
1763 1.014 2.5 3.5
1764 1.0 3.5 3.5
1765 1.0 4.5 3.5
1766 1.0 5.5 3.5
1767 1.0 6.5 3.5
1768 1.022 7.5 3.5
1769 1.0 8.5 3.5
1770 1.1 9.5 3.5
1771 1.322 10.5 3.5
1772 1.157 11.5 3.5
1773 1.536 12.5 3.5
1774 1.11 13.5 3.5
1775 1.606 14.5 3.5
1776 1.328 15.5 3.5
1777 1.527 16.5 3.5
1778 1.375 17.5 3.5
1779 1.0 18.5 3.5
1780 1.0 19.5 3.5
1781 1.0 20.5 3.5
1782 1.0 21.5 3.5
1783 1.0 22.5 3.5
1784 1.0 23.5 3.5
1785 1.0 24.5 3.5
1786 1.0 25.5 3.5
1787 1.0 26.5 3.5
1788 1.0 27.5 3.5
1789 1.0 28.5 3.5
1790 1.0 29.5 3.5
1791 1.0 30.5 3.5
1792 1.0 31.5 3.5
1793 1.0 32.5 3.5
1794 1.0 33.5 3.5
1795 1.0 34.5 3.5
1796 1.0 35.5 3.5
1797 1.0 36.5 3.5
1798 1.0 37.5 3.5
1799 1.0 38.5 3.5
1800 1.0 39.5 3.5
1801 1.0 40.5 3.5
1802 1.0 41.5 3.5
1803 1.0 42.5 3.5
1804 1.0 43.5 3.5
1805 1.014 0.5 2.5
1806 1.0 1.5 2.5
1807 1.0 2.5 2.5
1808 1.0 3.5 2.5
1809 1.0 4.5 2.5
1810 1.0 5.5 2.5
1811 1.0 6.5 2.5
1812 1.0 7.5 2.5
1813 1.0 8.5 2.5
1814 1.312 9.5 2.5
1815 1.005 10.5 2.5
1816 1.0 11.5 2.5
1817 1.264 12.5 2.5
1818 1.111 13.5 2.5
1819 1.161 14.5 2.5
1820 1.44 15.5 2.5
1821 1.512 16.5 2.5
1822 1.039 17.5 2.5
1823 1.043 18.5 2.5
1824 1.0 19.5 2.5
1825 1.0 20.5 2.5
1826 1.0 21.5 2.5
1827 1.0 22.5 2.5
1828 1.0 23.5 2.5
1829 1.0 24.5 2.5
1830 1.0 25.5 2.5
1831 1.0 26.5 2.5
1832 1.0 27.5 2.5
1833 1.0 28.5 2.5
1834 1.0 29.5 2.5
1835 1.0 30.5 2.5
1836 1.0 31.5 2.5
1837 1.0 32.5 2.5
1838 1.0 33.5 2.5
1839 1.0 34.5 2.5
1840 1.0 35.5 2.5
1841 1.0 36.5 2.5
1842 1.0 37.5 2.5
1843 1.0 38.5 2.5
1844 1.0 39.5 2.5
1845 1.0 40.5 2.5
1846 1.0 41.5 2.5
1847 1.0 42.5 2.5
1848 1.0 43.5 2.5
1849 1.0 0.5 1.5
1850 1.0 1.5 1.5
1851 1.0 2.5 1.5
1852 1.0 3.5 1.5
1853 1.0 4.5 1.5
1854 1.0 5.5 1.5
1855 1.0 6.5 1.5
1856 1.0 7.5 1.5
1857 1.034 8.5 1.5
1858 1.047 9.5 1.5
1859 1.0 10.5 1.5
1860 1.0 11.5 1.5
1861 1.12 12.5 1.5
1862 1.0 13.5 1.5
1863 1.316 14.5 1.5
1864 1.431 15.5 1.5
1865 1.292 16.5 1.5
1866 1.391 17.5 1.5
1867 1.0 18.5 1.5
1868 1.0 19.5 1.5
1869 1.0 20.5 1.5
1870 1.0 21.5 1.5
1871 1.0 22.5 1.5
1872 1.0 23.5 1.5
1873 1.0 24.5 1.5
1874 1.0 25.5 1.5
1875 1.0 26.5 1.5
1876 1.0 27.5 1.5
1877 1.0 28.5 1.5
1878 1.0 29.5 1.5
1879 1.0 30.5 1.5
1880 1.0 31.5 1.5
1881 1.0 32.5 1.5
1882 1.0 33.5 1.5
1883 1.0 34.5 1.5
1884 1.0 35.5 1.5
1885 1.0 36.5 1.5
1886 1.0 37.5 1.5
1887 1.0 38.5 1.5
1888 1.0 39.5 1.5
1889 1.0 40.5 1.5
1890 1.0 41.5 1.5
1891 1.0 42.5 1.5
1892 1.0 43.5 1.5
1893 1.0 0.5 0.5
1894 1.0 1.5 0.5
1895 1.0 2.5 0.5
1896 1.0 3.5 0.5
1897 1.0 4.5 0.5
1898 1.0 5.5 0.5
1899 1.0 6.5 0.5
1900 1.0 7.5 0.5
1901 1.0 8.5 0.5
1902 1.0 9.5 0.5
1903 1.0 10.5 0.5
1904 1.068 11.5 0.5
1905 1.0 12.5 0.5
1906 1.179 13.5 0.5
1907 1.142 14.5 0.5
1908 1.177 15.5 0.5
1909 1.233 16.5 0.5
1910 1.024 17.5 0.5
1911 1.295 18.5 0.5
1912 1.0 19.5 0.5
1913 1.0 20.5 0.5
1914 1.0 21.5 0.5
1915 1.0 22.5 0.5
1916 1.0 23.5 0.5
1917 1.0 24.5 0.5
1918 1.0 25.5 0.5
1919 1.0 26.5 0.5
1920 1.0 27.5 0.5
1921 1.0 28.5 0.5
1922 1.0 29.5 0.5
1923 1.0 30.5 0.5
1924 1.0 31.5 0.5
1925 1.0 32.5 0.5
1926 1.0 33.5 0.5
1927 1.0 34.5 0.5
1928 1.0 35.5 0.5
1929 1.0 36.5 0.5
1930 1.0 37.5 0.5
1931 1.0 38.5 0.5
1932 1.0 39.5 0.5
1933 1.0 40.5 0.5
1934 1.0 41.5 0.5
1935 1.0 42.5 0.5
1936 1.0 43.5 0.5
