customer p1x p1y p2x p2y p3x p3y p4x p4y
1 0.0 44.0 1.0 44.0 0.0 43.0 1.0 43.0
2 1.0 44.0 2.0 44.0 1.0 43.0 2.0 43.0
3 2.0 44.0 3.0 44.0 2.0 43.0 3.0 43.0
4 3.0 44.0 4.0 44.0 3.0 43.0 4.0 43.0
5 4.0 44.0 5.0 44.0 4.0 43.0 5.0 43.0
6 5.0 44.0 6.0 44.0 5.0 43.0 6.0 43.0
7 6.0 44.0 7.0 44.0 6.0 43.0 7.0 43.0
8 7.0 44.0 8.0 44.0 7.0 43.0 8.0 43.0
9 8.0 44.0 9.0 44.0 8.0 43.0 9.0 43.0
10 9.0 44.0 10.0 44.0 9.0 43.0 10.0 43.0
11 10.0 44.0 11.0 44.0 10.0 43.0 11.0 43.0
12 11.0 44.0 12.0 44.0 11.0 43.0 12.0 43.0
13 12.0 44.0 13.0 44.0 12.0 43.0 13.0 43.0
14 13.0 44.0 14.0 44.0 13.0 43.0 14.0 43.0
15 14.0 44.0 15.0 44.0 14.0 43.0 15.0 43.0
16 15.0 44.0 16.0 44.0 15.0 43.0 16.0 43.0
17 16.0 44.0 17.0 44.0 16.0 43.0 17.0 43.0
18 17.0 44.0 18.0 44.0 17.0 43.0 18.0 43.0
19 18.0 44.0 19.0 44.0 18.0 43.0 19.0 43.0
20 19.0 44.0 20.0 44.0 19.0 43.0 20.0 43.0
21 20.0 44.0 21.0 44.0 20.0 43.0 21.0 43.0
22 21.0 44.0 22.0 44.0 21.0 43.0 22.0 43.0
23 22.0 44.0 23.0 44.0 22.0 43.0 23.0 43.0
24 23.0 44.0 24.0 44.0 23.0 43.0 24.0 43.0
25 24.0 44.0 25.0 44.0 24.0 43.0 25.0 43.0
26 25.0 44.0 26.0 44.0 25.0 43.0 26.0 43.0
27 26.0 44.0 27.0 44.0 26.0 43.0 27.0 43.0
28 27.0 44.0 28.0 44.0 27.0 43.0 28.0 43.0
29 28.0 44.0 29.0 44.0 28.0 43.0 29.0 43.0
30 29.0 44.0 30.0 44.0 29.0 43.0 30.0 43.0
31 30.0 44.0 31.0 44.0 30.0 43.0 31.0 43.0
32 31.0 44.0 32.0 44.0 31.0 43.0 32.0 43.0
33 32.0 44.0 33.0 44.0 32.0 43.0 33.0 43.0
34 33.0 44.0 34.0 44.0 33.0 43.0 34.0 43.0
35 34.0 44.0 35.0 44.0 34.0 43.0 35.0 43.0
36 35.0 44.0 36.0 44.0 35.0 43.0 36.0 43.0
37 36.0 44.0 37.0 44.0 36.0 43.0 37.0 43.0
38 37.0 44.0 38.0 44.0 37.0 43.0 38.0 43.0
39 38.0 44.0 39.0 44.0 38.0 43.0 39.0 43.0
40 39.0 44.0 40.0 44.0 39.0 43.0 40.0 43.0
41 40.0 44.0 41.0 44.0 40.0 43.0 41.0 43.0
42 41.0 44.0 42.0 44.0 41.0 43.0 42.0 43.0
43 42.0 44.0 43.0 44.0 42.0 43.0 43.0 43.0
44 43.0 44.0 44.0 44.0 43.0 43.0 44.0 43.0
45 0.0 43.0 1.0 43.0 0.0 42.0 1.0 42.0
46 1.0 43.0 2.0 43.0 1.0 42.0 2.0 42.0
47 2.0 43.0 3.0 43.0 2.0 42.0 3.0 42.0
48 3.0 43.0 4.0 43.0 3.0 42.0 4.0 42.0
49 4.0 43.0 5.0 43.0 4.0 42.0 5.0 42.0
50 5.0 43.0 6.0 43.0 5.0 42.0 6.0 42.0
51 6.0 43.0 7.0 43.0 6.0 42.0 7.0 42.0
52 7.0 43.0 8.0 43.0 7.0 42.0 8.0 42.0
53 8.0 43.0 9.0 43.0 8.0 42.0 9.0 42.0
54 9.0 43.0 10.0 43.0 9.0 42.0 10.0 42.0
55 10.0 43.0 11.0 43.0 10.0 42.0 11.0 42.0
56 11.0 43.0 12.0 43.0 11.0 42.0 12.0 42.0
57 12.0 43.0 13.0 43.0 12.0 42.0 13.0 42.0
58 13.0 43.0 14.0 43.0 13.0 42.0 14.0 42.0
59 14.0 43.0 15.0 43.0 14.0 42.0 15.0 42.0
60 15.0 43.0 16.0 43.0 15.0 42.0 16.0 42.0
61 16.0 43.0 17.0 43.0 16.0 42.0 17.0 42.0
62 17.0 43.0 18.0 43.0 17.0 42.0 18.0 42.0
63 18.0 43.0 19.0 43.0 18.0 42.0 19.0 42.0
64 19.0 43.0 20.0 43.0 19.0 42.0 20.0 42.0
65 20.0 43.0 21.0 43.0 20.0 42.0 21.0 42.0
66 21.0 43.0 22.0 43.0 21.0 42.0 22.0 42.0
67 22.0 43.0 23.0 43.0 22.0 42.0 23.0 42.0
68 23.0 43.0 24.0 43.0 23.0 42.0 24.0 42.0
69 24.0 43.0 25.0 43.0 24.0 42.0 25.0 42.0
70 25.0 43.0 26.0 43.0 25.0 42.0 26.0 42.0
71 26.0 43.0 27.0 43.0 26.0 42.0 27.0 42.0
72 27.0 43.0 28.0 43.0 27.0 42.0 28.0 42.0
73 28.0 43.0 29.0 43.0 28.0 42.0 29.0 42.0
74 29.0 43.0 30.0 43.0 29.0 42.0 30.0 42.0
75 30.0 43.0 31.0 43.0 30.0 42.0 31.0 42.0
76 31.0 43.0 32.0 43.0 31.0 42.0 32.0 42.0
77 32.0 43.0 33.0 43.0 32.0 42.0 33.0 42.0
78 33.0 43.0 34.0 43.0 33.0 42.0 34.0 42.0
79 34.0 43.0 35.0 43.0 34.0 42.0 35.0 42.0
80 35.0 43.0 36.0 43.0 35.0 42.0 36.0 42.0
81 36.0 43.0 37.0 43.0 36.0 42.0 37.0 42.0
82 37.0 43.0 38.0 43.0 37.0 42.0 38.0 42.0
83 38.0 43.0 39.0 43.0 38.0 42.0 39.0 42.0
84 39.0 43.0 40.0 43.0 39.0 42.0 40.0 42.0
85 40.0 43.0 41.0 43.0 40.0 42.0 41.0 42.0
86 41.0 43.0 42.0 43.0 41.0 42.0 42.0 42.0
87 42.0 43.0 43.0 43.0 42.0 42.0 43.0 42.0
88 43.0 43.0 44.0 43.0 43.0 42.0 44.0 42.0
89 0.0 42.0 1.0 42.0 0.0 41.0 1.0 41.0
90 1.0 42.0 2.0 42.0 1.0 41.0 2.0 41.0
91 2.0 42.0 3.0 42.0 2.0 41.0 3.0 41.0
92 3.0 42.0 4.0 42.0 3.0 41.0 4.0 41.0
93 4.0 42.0 5.0 42.0 4.0 41.0 5.0 41.0
94 5.0 42.0 6.0 42.0 5.0 41.0 6.0 41.0
95 6.0 42.0 7.0 42.0 6.0 41.0 7.0 41.0
96 7.0 42.0 8.0 42.0 7.0 41.0 8.0 41.0
97 8.0 42.0 9.0 42.0 8.0 41.0 9.0 41.0
98 9.0 42.0 10.0 42.0 9.0 41.0 10.0 41.0
99 10.0 42.0 11.0 42.0 10.0 41.0 11.0 41.0
100 11.0 42.0 12.0 42.0 11.0 41.0 12.0 41.0
101 12.0 42.0 13.0 42.0 12.0 41.0 13.0 41.0
102 13.0 42.0 14.0 42.0 13.0 41.0 14.0 41.0
103 14.0 42.0 15.0 42.0 14.0 41.0 15.0 41.0
104 15.0 42.0 16.0 42.0 15.0 41.0 16.0 41.0
105 16.0 42.0 17.0 42.0 16.0 41.0 17.0 41.0
106 17.0 42.0 18.0 42.0 17.0 41.0 18.0 41.0
107 18.0 42.0 19.0 42.0 18.0 41.0 19.0 41.0
108 19.0 42.0 20.0 42.0 19.0 41.0 20.0 41.0
109 20.0 42.0 21.0 42.0 20.0 41.0 21.0 41.0
110 21.0 42.0 22.0 42.0 21.0 41.0 22.0 41.0
111 22.0 42.0 23.0 42.0 22.0 41.0 23.0 41.0
112 23.0 42.0 24.0 42.0 23.0 41.0 24.0 41.0
113 24.0 42.0 25.0 42.0 24.0 41.0 25.0 41.0
114 25.0 42.0 26.0 42.0 25.0 41.0 26.0 41.0
115 26.0 42.0 27.0 42.0 26.0 41.0 27.0 41.0
116 27.0 42.0 28.0 42.0 27.0 41.0 28.0 41.0
117 28.0 42.0 29.0 42.0 28.0 41.0 29.0 41.0
118 29.0 42.0 30.0 42.0 29.0 41.0 30.0 41.0
119 30.0 42.0 31.0 42.0 30.0 41.0 31.0 41.0
120 31.0 42.0 32.0 42.0 31.0 41.0 32.0 41.0
121 32.0 42.0 33.0 42.0 32.0 41.0 33.0 41.0
122 33.0 42.0 34.0 42.0 33.0 41.0 34.0 41.0
123 34.0 42.0 35.0 42.0 34.0 41.0 35.0 41.0
124 35.0 42.0 36.0 42.0 35.0 41.0 36.0 41.0
125 36.0 42.0 37.0 42.0 36.0 41.0 37.0 41.0
126 37.0 42.0 38.0 42.0 37.0 41.0 38.0 41.0
127 38.0 42.0 39.0 42.0 38.0 41.0 39.0 41.0
128 39.0 42.0 40.0 42.0 39.0 41.0 40.0 41.0
129 40.0 42.0 41.0 42.0 40.0 41.0 41.0 41.0
130 41.0 42.0 42.0 42.0 41.0 41.0 42.0 41.0
131 42.0 42.0 43.0 42.0 42.0 41.0 43.0 41.0
132 43.0 42.0 44.0 42.0 43.0 41.0 44.0 41.0
133 0.0 41.0 1.0 41.0 0.0 40.0 1.0 40.0
134 1.0 41.0 2.0 41.0 1.0 40.0 2.0 40.0
135 2.0 41.0 3.0 41.0 2.0 40.0 3.0 40.0
136 3.0 41.0 4.0 41.0 3.0 40.0 4.0 40.0
137 4.0 41.0 5.0 41.0 4.0 40.0 5.0 40.0
138 5.0 41.0 6.0 41.0 5.0 40.0 6.0 40.0
139 6.0 41.0 7.0 41.0 6.0 40.0 7.0 40.0
140 7.0 41.0 8.0 41.0 7.0 40.0 8.0 40.0
141 8.0 41.0 9.0 41.0 8.0 40.0 9.0 40.0
142 9.0 41.0 10.0 41.0 9.0 40.0 10.0 40.0
143 10.0 41.0 11.0 41.0 10.0 40.0 11.0 40.0
144 11.0 41.0 12.0 41.0 11.0 40.0 12.0 40.0
145 12.0 41.0 13.0 41.0 12.0 40.0 13.0 40.0
146 13.0 41.0 14.0 41.0 13.0 40.0 14.0 40.0
147 14.0 41.0 15.0 41.0 14.0 40.0 15.0 40.0
148 15.0 41.0 16.0 41.0 15.0 40.0 16.0 40.0
149 16.0 41.0 17.0 41.0 16.0 40.0 17.0 40.0
150 17.0 41.0 18.0 41.0 17.0 40.0 18.0 40.0
151 18.0 41.0 19.0 41.0 18.0 40.0 19.0 40.0
152 19.0 41.0 20.0 41.0 19.0 40.0 20.0 40.0
153 20.0 41.0 21.0 41.0 20.0 40.0 21.0 40.0
154 21.0 41.0 22.0 41.0 21.0 40.0 22.0 40.0
155 22.0 41.0 23.0 41.0 22.0 40.0 23.0 40.0
156 23.0 41.0 24.0 41.0 23.0 40.0 24.0 40.0
157 24.0 41.0 25.0 41.0 24.0 40.0 25.0 40.0
158 25.0 41.0 26.0 41.0 25.0 40.0 26.0 40.0
159 26.0 41.0 27.0 41.0 26.0 40.0 27.0 40.0
160 27.0 41.0 28.0 41.0 27.0 40.0 28.0 40.0
161 28.0 41.0 29.0 41.0 28.0 40.0 29.0 40.0
162 29.0 41.0 30.0 41.0 29.0 40.0 30.0 40.0
163 30.0 41.0 31.0 41.0 30.0 40.0 31.0 40.0
164 31.0 41.0 32.0 41.0 31.0 40.0 32.0 40.0
165 32.0 41.0 33.0 41.0 32.0 40.0 33.0 40.0
166 33.0 41.0 34.0 41.0 33.0 40.0 34.0 40.0
167 34.0 41.0 35.0 41.0 34.0 40.0 35.0 40.0
168 35.0 41.0 36.0 41.0 35.0 40.0 36.0 40.0
169 36.0 41.0 37.0 41.0 36.0 40.0 37.0 40.0
170 37.0 41.0 38.0 41.0 37.0 40.0 38.0 40.0
171 38.0 41.0 39.0 41.0 38.0 40.0 39.0 40.0
172 39.0 41.0 40.0 41.0 39.0 40.0 40.0 40.0
173 40.0 41.0 41.0 41.0 40.0 40.0 41.0 40.0
174 41.0 41.0 42.0 41.0 41.0 40.0 42.0 40.0
175 42.0 41.0 43.0 41.0 42.0 40.0 43.0 40.0
176 43.0 41.0 44.0 41.0 43.0 40.0 44.0 40.0
177 0.0 40.0 1.0 40.0 0.0 39.0 1.0 39.0
178 1.0 40.0 2.0 40.0 1.0 39.0 2.0 39.0
179 2.0 40.0 3.0 40.0 2.0 39.0 3.0 39.0
180 3.0 40.0 4.0 40.0 3.0 39.0 4.0 39.0
181 4.0 40.0 5.0 40.0 4.0 39.0 5.0 39.0
182 5.0 40.0 6.0 40.0 5.0 39.0 6.0 39.0
183 6.0 40.0 7.0 40.0 6.0 39.0 7.0 39.0
184 7.0 40.0 8.0 40.0 7.0 39.0 8.0 39.0
185 8.0 40.0 9.0 40.0 8.0 39.0 9.0 39.0
186 9.0 40.0 10.0 40.0 9.0 39.0 10.0 39.0
187 10.0 40.0 11.0 40.0 10.0 39.0 11.0 39.0
188 11.0 40.0 12.0 40.0 11.0 39.0 12.0 39.0
189 12.0 40.0 13.0 40.0 12.0 39.0 13.0 39.0
190 13.0 40.0 14.0 40.0 13.0 39.0 14.0 39.0
191 14.0 40.0 15.0 40.0 14.0 39.0 15.0 39.0
192 15.0 40.0 16.0 40.0 15.0 39.0 16.0 39.0
193 16.0 40.0 17.0 40.0 16.0 39.0 17.0 39.0
194 17.0 40.0 18.0 40.0 17.0 39.0 18.0 39.0
195 18.0 40.0 19.0 40.0 18.0 39.0 19.0 39.0
196 19.0 40.0 20.0 40.0 19.0 39.0 20.0 39.0
197 20.0 40.0 21.0 40.0 20.0 39.0 21.0 39.0
198 21.0 40.0 22.0 40.0 21.0 39.0 22.0 39.0
199 22.0 40.0 23.0 40.0 22.0 39.0 23.0 39.0
200 23.0 40.0 24.0 40.0 23.0 39.0 24.0 39.0
201 24.0 40.0 25.0 40.0 24.0 39.0 25.0 39.0
202 25.0 40.0 26.0 40.0 25.0 39.0 26.0 39.0
203 26.0 40.0 27.0 40.0 26.0 39.0 27.0 39.0
204 27.0 40.0 28.0 40.0 27.0 39.0 28.0 39.0
205 28.0 40.0 29.0 40.0 28.0 39.0 29.0 39.0
206 29.0 40.0 30.0 40.0 29.0 39.0 30.0 39.0
207 30.0 40.0 31.0 40.0 30.0 39.0 31.0 39.0
208 31.0 40.0 32.0 40.0 31.0 39.0 32.0 39.0
209 32.0 40.0 33.0 40.0 32.0 39.0 33.0 39.0
210 33.0 40.0 34.0 40.0 33.0 39.0 34.0 39.0
211 34.0 40.0 35.0 40.0 34.0 39.0 35.0 39.0
212 35.0 40.0 36.0 40.0 35.0 39.0 36.0 39.0
213 36.0 40.0 37.0 40.0 36.0 39.0 37.0 39.0
214 37.0 40.0 38.0 40.0 37.0 39.0 38.0 39.0
215 38.0 40.0 39.0 40.0 38.0 39.0 39.0 39.0
216 39.0 40.0 40.0 40.0 39.0 39.0 40.0 39.0
217 40.0 40.0 41.0 40.0 40.0 39.0 41.0 39.0
218 41.0 40.0 42.0 40.0 41.0 39.0 42.0 39.0
219 42.0 40.0 43.0 40.0 42.0 39.0 43.0 39.0
220 43.0 40.0 44.0 40.0 43.0 39.0 44.0 39.0
221 0.0 39.0 1.0 39.0 0.0 38.0 1.0 38.0
222 1.0 39.0 2.0 39.0 1.0 38.0 2.0 38.0
223 2.0 39.0 3.0 39.0 2.0 38.0 3.0 38.0
224 3.0 39.0 4.0 39.0 3.0 38.0 4.0 38.0
225 4.0 39.0 5.0 39.0 4.0 38.0 5.0 38.0
226 5.0 39.0 6.0 39.0 5.0 38.0 6.0 38.0
227 6.0 39.0 7.0 39.0 6.0 38.0 7.0 38.0
228 7.0 39.0 8.0 39.0 7.0 38.0 8.0 38.0
229 8.0 39.0 9.0 39.0 8.0 38.0 9.0 38.0
230 9.0 39.0 10.0 39.0 9.0 38.0 10.0 38.0
231 10.0 39.0 11.0 39.0 10.0 38.0 11.0 38.0
232 11.0 39.0 12.0 39.0 11.0 38.0 12.0 38.0
233 12.0 39.0 13.0 39.0 12.0 38.0 13.0 38.0
234 13.0 39.0 14.0 39.0 13.0 38.0 14.0 38.0
235 14.0 39.0 15.0 39.0 14.0 38.0 15.0 38.0
236 15.0 39.0 16.0 39.0 15.0 38.0 16.0 38.0
237 16.0 39.0 17.0 39.0 16.0 38.0 17.0 38.0
238 17.0 39.0 18.0 39.0 17.0 38.0 18.0 38.0
239 18.0 39.0 19.0 39.0 18.0 38.0 19.0 38.0
240 19.0 39.0 20.0 39.0 19.0 38.0 20.0 38.0
241 20.0 39.0 21.0 39.0 20.0 38.0 21.0 38.0
242 21.0 39.0 22.0 39.0 21.0 38.0 22.0 38.0
243 22.0 39.0 23.0 39.0 22.0 38.0 23.0 38.0
244 23.0 39.0 24.0 39.0 23.0 38.0 24.0 38.0
245 24.0 39.0 25.0 39.0 24.0 38.0 25.0 38.0
246 25.0 39.0 26.0 39.0 25.0 38.0 26.0 38.0
247 26.0 39.0 27.0 39.0 26.0 38.0 27.0 38.0
248 27.0 39.0 28.0 39.0 27.0 38.0 28.0 38.0
249 28.0 39.0 29.0 39.0 28.0 38.0 29.0 38.0
250 29.0 39.0 30.0 39.0 29.0 38.0 30.0 38.0
251 30.0 39.0 31.0 39.0 30.0 38.0 31.0 38.0
252 31.0 39.0 32.0 39.0 31.0 38.0 32.0 38.0
253 32.0 39.0 33.0 39.0 32.0 38.0 33.0 38.0
254 33.0 39.0 34.0 39.0 33.0 38.0 34.0 38.0
255 34.0 39.0 35.0 39.0 34.0 38.0 35.0 38.0
256 35.0 39.0 36.0 39.0 35.0 38.0 36.0 38.0
257 36.0 39.0 37.0 39.0 36.0 38.0 37.0 38.0
258 37.0 39.0 38.0 39.0 37.0 38.0 38.0 38.0
259 38.0 39.0 39.0 39.0 38.0 38.0 39.0 38.0
260 39.0 39.0 40.0 39.0 39.0 38.0 40.0 38.0
261 40.0 39.0 41.0 39.0 40.0 38.0 41.0 38.0
262 41.0 39.0 42.0 39.0 41.0 38.0 42.0 38.0
263 42.0 39.0 43.0 39.0 42.0 38.0 43.0 38.0
264 43.0 39.0 44.0 39.0 43.0 38.0 44.0 38.0
265 0.0 38.0 1.0 38.0 0.0 37.0 1.0 37.0
266 1.0 38.0 2.0 38.0 1.0 37.0 2.0 37.0
267 2.0 38.0 3.0 38.0 2.0 37.0 3.0 37.0
268 3.0 38.0 4.0 38.0 3.0 37.0 4.0 37.0
269 4.0 38.0 5.0 38.0 4.0 37.0 5.0 37.0
270 5.0 38.0 6.0 38.0 5.0 37.0 6.0 37.0
271 6.0 38.0 7.0 38.0 6.0 37.0 7.0 37.0
272 7.0 38.0 8.0 38.0 7.0 37.0 8.0 37.0
273 8.0 38.0 9.0 38.0 8.0 37.0 9.0 37.0
274 9.0 38.0 10.0 38.0 9.0 37.0 10.0 37.0
275 10.0 38.0 11.0 38.0 10.0 37.0 11.0 37.0
276 11.0 38.0 12.0 38.0 11.0 37.0 12.0 37.0
277 12.0 38.0 13.0 38.0 12.0 37.0 13.0 37.0
278 13.0 38.0 14.0 38.0 13.0 37.0 14.0 37.0
279 14.0 38.0 15.0 38.0 14.0 37.0 15.0 37.0
280 15.0 38.0 16.0 38.0 15.0 37.0 16.0 37.0
281 16.0 38.0 17.0 38.0 16.0 37.0 17.0 37.0
282 17.0 38.0 18.0 38.0 17.0 37.0 18.0 37.0
283 18.0 38.0 19.0 38.0 18.0 37.0 19.0 37.0
284 19.0 38.0 20.0 38.0 19.0 37.0 20.0 37.0
285 20.0 38.0 21.0 38.0 20.0 37.0 21.0 37.0
286 21.0 38.0 22.0 38.0 21.0 37.0 22.0 37.0
287 22.0 38.0 23.0 38.0 22.0 37.0 23.0 37.0
288 23.0 38.0 24.0 38.0 23.0 37.0 24.0 37.0
289 24.0 38.0 25.0 38.0 24.0 37.0 25.0 37.0
290 25.0 38.0 26.0 38.0 25.0 37.0 26.0 37.0
291 26.0 38.0 27.0 38.0 26.0 37.0 27.0 37.0
292 27.0 38.0 28.0 38.0 27.0 37.0 28.0 37.0
293 28.0 38.0 29.0 38.0 28.0 37.0 29.0 37.0
294 29.0 38.0 30.0 38.0 29.0 37.0 30.0 37.0
295 30.0 38.0 31.0 38.0 30.0 37.0 31.0 37.0
296 31.0 38.0 32.0 38.0 31.0 37.0 32.0 37.0
297 32.0 38.0 33.0 38.0 32.0 37.0 33.0 37.0
298 33.0 38.0 34.0 38.0 33.0 37.0 34.0 37.0
299 34.0 38.0 35.0 38.0 34.0 37.0 35.0 37.0
300 35.0 38.0 36.0 38.0 35.0 37.0 36.0 37.0
301 36.0 38.0 37.0 38.0 36.0 37.0 37.0 37.0
302 37.0 38.0 38.0 38.0 37.0 37.0 38.0 37.0
303 38.0 38.0 39.0 38.0 38.0 37.0 39.0 37.0
304 39.0 38.0 40.0 38.0 39.0 37.0 40.0 37.0
305 40.0 38.0 41.0 38.0 40.0 37.0 41.0 37.0
306 41.0 38.0 42.0 38.0 41.0 37.0 42.0 37.0
307 42.0 38.0 43.0 38.0 42.0 37.0 43.0 37.0
308 43.0 38.0 44.0 38.0 43.0 37.0 44.0 37.0
309 0.0 37.0 1.0 37.0 0.0 36.0 1.0 36.0
310 1.0 37.0 2.0 37.0 1.0 36.0 2.0 36.0
311 2.0 37.0 3.0 37.0 2.0 36.0 3.0 36.0
312 3.0 37.0 4.0 37.0 3.0 36.0 4.0 36.0
313 4.0 37.0 5.0 37.0 4.0 36.0 5.0 36.0
314 5.0 37.0 6.0 37.0 5.0 36.0 6.0 36.0
315 6.0 37.0 7.0 37.0 6.0 36.0 7.0 36.0
316 7.0 37.0 8.0 37.0 7.0 36.0 8.0 36.0
317 8.0 37.0 9.0 37.0 8.0 36.0 9.0 36.0
318 9.0 37.0 10.0 37.0 9.0 36.0 10.0 36.0
319 10.0 37.0 11.0 37.0 10.0 36.0 11.0 36.0
320 11.0 37.0 12.0 37.0 11.0 36.0 12.0 36.0
321 12.0 37.0 13.0 37.0 12.0 36.0 13.0 36.0
322 13.0 37.0 14.0 37.0 13.0 36.0 14.0 36.0
323 14.0 37.0 15.0 37.0 14.0 36.0 15.0 36.0
324 15.0 37.0 16.0 37.0 15.0 36.0 16.0 36.0
325 16.0 37.0 17.0 37.0 16.0 36.0 17.0 36.0
326 17.0 37.0 18.0 37.0 17.0 36.0 18.0 36.0
327 18.0 37.0 19.0 37.0 18.0 36.0 19.0 36.0
328 19.0 37.0 20.0 37.0 19.0 36.0 20.0 36.0
329 20.0 37.0 21.0 37.0 20.0 36.0 21.0 36.0
330 21.0 37.0 22.0 37.0 21.0 36.0 22.0 36.0
331 22.0 37.0 23.0 37.0 22.0 36.0 23.0 36.0
332 23.0 37.0 24.0 37.0 23.0 36.0 24.0 36.0
333 24.0 37.0 25.0 37.0 24.0 36.0 25.0 36.0
334 25.0 37.0 26.0 37.0 25.0 36.0 26.0 36.0
335 26.0 37.0 27.0 37.0 26.0 36.0 27.0 36.0
336 27.0 37.0 28.0 37.0 27.0 36.0 28.0 36.0
337 28.0 37.0 29.0 37.0 28.0 36.0 29.0 36.0
338 29.0 37.0 30.0 37.0 29.0 36.0 30.0 36.0
339 30.0 37.0 31.0 37.0 30.0 36.0 31.0 36.0
340 31.0 37.0 32.0 37.0 31.0 36.0 32.0 36.0
341 32.0 37.0 33.0 37.0 32.0 36.0 33.0 36.0
342 33.0 37.0 34.0 37.0 33.0 36.0 34.0 36.0
343 34.0 37.0 35.0 37.0 34.0 36.0 35.0 36.0
344 35.0 37.0 36.0 37.0 35.0 36.0 36.0 36.0
345 36.0 37.0 37.0 37.0 36.0 36.0 37.0 36.0
346 37.0 37.0 38.0 37.0 37.0 36.0 38.0 36.0
347 38.0 37.0 39.0 37.0 38.0 36.0 39.0 36.0
348 39.0 37.0 40.0 37.0 39.0 36.0 40.0 36.0
349 40.0 37.0 41.0 37.0 40.0 36.0 41.0 36.0
350 41.0 37.0 42.0 37.0 41.0 36.0 42.0 36.0
351 42.0 37.0 43.0 37.0 42.0 36.0 43.0 36.0
352 43.0 37.0 44.0 37.0 43.0 36.0 44.0 36.0
353 0.0 36.0 1.0 36.0 0.0 35.0 1.0 35.0
354 1.0 36.0 2.0 36.0 1.0 35.0 2.0 35.0
355 2.0 36.0 3.0 36.0 2.0 35.0 3.0 35.0
356 3.0 36.0 4.0 36.0 3.0 35.0 4.0 35.0
357 4.0 36.0 5.0 36.0 4.0 35.0 5.0 35.0
358 5.0 36.0 6.0 36.0 5.0 35.0 6.0 35.0
359 6.0 36.0 7.0 36.0 6.0 35.0 7.0 35.0
360 7.0 36.0 8.0 36.0 7.0 35.0 8.0 35.0
361 8.0 36.0 9.0 36.0 8.0 35.0 9.0 35.0
362 9.0 36.0 10.0 36.0 9.0 35.0 10.0 35.0
363 10.0 36.0 11.0 36.0 10.0 35.0 11.0 35.0
364 11.0 36.0 12.0 36.0 11.0 35.0 12.0 35.0
365 12.0 36.0 13.0 36.0 12.0 35.0 13.0 35.0
366 13.0 36.0 14.0 36.0 13.0 35.0 14.0 35.0
367 14.0 36.0 15.0 36.0 14.0 35.0 15.0 35.0
368 15.0 36.0 16.0 36.0 15.0 35.0 16.0 35.0
369 16.0 36.0 17.0 36.0 16.0 35.0 17.0 35.0
370 17.0 36.0 18.0 36.0 17.0 35.0 18.0 35.0
371 18.0 36.0 19.0 36.0 18.0 35.0 19.0 35.0
372 19.0 36.0 20.0 36.0 19.0 35.0 20.0 35.0
373 20.0 36.0 21.0 36.0 20.0 35.0 21.0 35.0
374 21.0 36.0 22.0 36.0 21.0 35.0 22.0 35.0
375 22.0 36.0 23.0 36.0 22.0 35.0 23.0 35.0
376 23.0 36.0 24.0 36.0 23.0 35.0 24.0 35.0
377 24.0 36.0 25.0 36.0 24.0 35.0 25.0 35.0
378 25.0 36.0 26.0 36.0 25.0 35.0 26.0 35.0
379 26.0 36.0 27.0 36.0 26.0 35.0 27.0 35.0
380 27.0 36.0 28.0 36.0 27.0 35.0 28.0 35.0
381 28.0 36.0 29.0 36.0 28.0 35.0 29.0 35.0
382 29.0 36.0 30.0 36.0 29.0 35.0 30.0 35.0
383 30.0 36.0 31.0 36.0 30.0 35.0 31.0 35.0
384 31.0 36.0 32.0 36.0 31.0 35.0 32.0 35.0
385 32.0 36.0 33.0 36.0 32.0 35.0 33.0 35.0
386 33.0 36.0 34.0 36.0 33.0 35.0 34.0 35.0
387 34.0 36.0 35.0 36.0 34.0 35.0 35.0 35.0
388 35.0 36.0 36.0 36.0 35.0 35.0 36.0 35.0
389 36.0 36.0 37.0 36.0 36.0 35.0 37.0 35.0
390 37.0 36.0 38.0 36.0 37.0 35.0 38.0 35.0
391 38.0 36.0 39.0 36.0 38.0 35.0 39.0 35.0
392 39.0 36.0 40.0 36.0 39.0 35.0 40.0 35.0
393 40.0 36.0 41.0 36.0 40.0 35.0 41.0 35.0
394 41.0 36.0 42.0 36.0 41.0 35.0 42.0 35.0
395 42.0 36.0 43.0 36.0 42.0 35.0 43.0 35.0
396 43.0 36.0 44.0 36.0 43.0 35.0 44.0 35.0
397 0.0 35.0 1.0 35.0 0.0 34.0 1.0 34.0
398 1.0 35.0 2.0 35.0 1.0 34.0 2.0 34.0
399 2.0 35.0 3.0 35.0 2.0 34.0 3.0 34.0
400 3.0 35.0 4.0 35.0 3.0 34.0 4.0 34.0
401 4.0 35.0 5.0 35.0 4.0 34.0 5.0 34.0
402 5.0 35.0 6.0 35.0 5.0 34.0 6.0 34.0
403 6.0 35.0 7.0 35.0 6.0 34.0 7.0 34.0
404 7.0 35.0 8.0 35.0 7.0 34.0 8.0 34.0
405 8.0 35.0 9.0 35.0 8.0 34.0 9.0 34.0
406 9.0 35.0 10.0 35.0 9.0 34.0 10.0 34.0
407 10.0 35.0 11.0 35.0 10.0 34.0 11.0 34.0
408 11.0 35.0 12.0 35.0 11.0 34.0 12.0 34.0
409 12.0 35.0 13.0 35.0 12.0 34.0 13.0 34.0
410 13.0 35.0 14.0 35.0 13.0 34.0 14.0 34.0
411 14.0 35.0 15.0 35.0 14.0 34.0 15.0 34.0
412 15.0 35.0 16.0 35.0 15.0 34.0 16.0 34.0
413 16.0 35.0 17.0 35.0 16.0 34.0 17.0 34.0
414 17.0 35.0 18.0 35.0 17.0 34.0 18.0 34.0
415 18.0 35.0 19.0 35.0 18.0 34.0 19.0 34.0
416 19.0 35.0 20.0 35.0 19.0 34.0 20.0 34.0
417 20.0 35.0 21.0 35.0 20.0 34.0 21.0 34.0
418 21.0 35.0 22.0 35.0 21.0 34.0 22.0 34.0
419 22.0 35.0 23.0 35.0 22.0 34.0 23.0 34.0
420 23.0 35.0 24.0 35.0 23.0 34.0 24.0 34.0
421 24.0 35.0 25.0 35.0 24.0 34.0 25.0 34.0
422 25.0 35.0 26.0 35.0 25.0 34.0 26.0 34.0
423 26.0 35.0 27.0 35.0 26.0 34.0 27.0 34.0
424 27.0 35.0 28.0 35.0 27.0 34.0 28.0 34.0
425 28.0 35.0 29.0 35.0 28.0 34.0 29.0 34.0
426 29.0 35.0 30.0 35.0 29.0 34.0 30.0 34.0
427 30.0 35.0 31.0 35.0 30.0 34.0 31.0 34.0
428 31.0 35.0 32.0 35.0 31.0 34.0 32.0 34.0
429 32.0 35.0 33.0 35.0 32.0 34.0 33.0 34.0
430 33.0 35.0 34.0 35.0 33.0 34.0 34.0 34.0
431 34.0 35.0 35.0 35.0 34.0 34.0 35.0 34.0
432 35.0 35.0 36.0 35.0 35.0 34.0 36.0 34.0
433 36.0 35.0 37.0 35.0 36.0 34.0 37.0 34.0
434 37.0 35.0 38.0 35.0 37.0 34.0 38.0 34.0
435 38.0 35.0 39.0 35.0 38.0 34.0 39.0 34.0
436 39.0 35.0 40.0 35.0 39.0 34.0 40.0 34.0
437 40.0 35.0 41.0 35.0 40.0 34.0 41.0 34.0
438 41.0 35.0 42.0 35.0 41.0 34.0 42.0 34.0
439 42.0 35.0 43.0 35.0 42.0 34.0 43.0 34.0
440 43.0 35.0 44.0 35.0 43.0 34.0 44.0 34.0
441 0.0 34.0 1.0 34.0 0.0 33.0 1.0 33.0
442 1.0 34.0 2.0 34.0 1.0 33.0 2.0 33.0
443 2.0 34.0 3.0 34.0 2.0 33.0 3.0 33.0
444 3.0 34.0 4.0 34.0 3.0 33.0 4.0 33.0
445 4.0 34.0 5.0 34.0 4.0 33.0 5.0 33.0
446 5.0 34.0 6.0 34.0 5.0 33.0 6.0 33.0
447 6.0 34.0 7.0 34.0 6.0 33.0 7.0 33.0
448 7.0 34.0 8.0 34.0 7.0 33.0 8.0 33.0
449 8.0 34.0 9.0 34.0 8.0 33.0 9.0 33.0
450 9.0 34.0 10.0 34.0 9.0 33.0 10.0 33.0
451 10.0 34.0 11.0 34.0 10.0 33.0 11.0 33.0
452 11.0 34.0 12.0 34.0 11.0 33.0 12.0 33.0
453 12.0 34.0 13.0 34.0 12.0 33.0 13.0 33.0
454 13.0 34.0 14.0 34.0 13.0 33.0 14.0 33.0
455 14.0 34.0 15.0 34.0 14.0 33.0 15.0 33.0
456 15.0 34.0 16.0 34.0 15.0 33.0 16.0 33.0
457 16.0 34.0 17.0 34.0 16.0 33.0 17.0 33.0
458 17.0 34.0 18.0 34.0 17.0 33.0 18.0 33.0
459 18.0 34.0 19.0 34.0 18.0 33.0 19.0 33.0
460 19.0 34.0 20.0 34.0 19.0 33.0 20.0 33.0
461 20.0 34.0 21.0 34.0 20.0 33.0 21.0 33.0
462 21.0 34.0 22.0 34.0 21.0 33.0 22.0 33.0
463 22.0 34.0 23.0 34.0 22.0 33.0 23.0 33.0
464 23.0 34.0 24.0 34.0 23.0 33.0 24.0 33.0
465 24.0 34.0 25.0 34.0 24.0 33.0 25.0 33.0
466 25.0 34.0 26.0 34.0 25.0 33.0 26.0 33.0
467 26.0 34.0 27.0 34.0 26.0 33.0 27.0 33.0
468 27.0 34.0 28.0 34.0 27.0 33.0 28.0 33.0
469 28.0 34.0 29.0 34.0 28.0 33.0 29.0 33.0
470 29.0 34.0 30.0 34.0 29.0 33.0 30.0 33.0
471 30.0 34.0 31.0 34.0 30.0 33.0 31.0 33.0
472 31.0 34.0 32.0 34.0 31.0 33.0 32.0 33.0
473 32.0 34.0 33.0 34.0 32.0 33.0 33.0 33.0
474 33.0 34.0 34.0 34.0 33.0 33.0 34.0 33.0
475 34.0 34.0 35.0 34.0 34.0 33.0 35.0 33.0
476 35.0 34.0 36.0 34.0 35.0 33.0 36.0 33.0
477 36.0 34.0 37.0 34.0 36.0 33.0 37.0 33.0
478 37.0 34.0 38.0 34.0 37.0 33.0 38.0 33.0
479 38.0 34.0 39.0 34.0 38.0 33.0 39.0 33.0
480 39.0 34.0 40.0 34.0 39.0 33.0 40.0 33.0
481 40.0 34.0 41.0 34.0 40.0 33.0 41.0 33.0
482 41.0 34.0 42.0 34.0 41.0 33.0 42.0 33.0
483 42.0 34.0 43.0 34.0 42.0 33.0 43.0 33.0
484 43.0 34.0 44.0 34.0 43.0 33.0 44.0 33.0
485 0.0 33.0 1.0 33.0 0.0 32.0 1.0 32.0
486 1.0 33.0 2.0 33.0 1.0 32.0 2.0 32.0
487 2.0 33.0 3.0 33.0 2.0 32.0 3.0 32.0
488 3.0 33.0 4.0 33.0 3.0 32.0 4.0 32.0
489 4.0 33.0 5.0 33.0 4.0 32.0 5.0 32.0
490 5.0 33.0 6.0 33.0 5.0 32.0 6.0 32.0
491 6.0 33.0 7.0 33.0 6.0 32.0 7.0 32.0
492 7.0 33.0 8.0 33.0 7.0 32.0 8.0 32.0
493 8.0 33.0 9.0 33.0 8.0 32.0 9.0 32.0
494 9.0 33.0 10.0 33.0 9.0 32.0 10.0 32.0
495 10.0 33.0 11.0 33.0 10.0 32.0 11.0 32.0
496 11.0 33.0 12.0 33.0 11.0 32.0 12.0 32.0
497 12.0 33.0 13.0 33.0 12.0 32.0 13.0 32.0
498 13.0 33.0 14.0 33.0 13.0 32.0 14.0 32.0
499 14.0 33.0 15.0 33.0 14.0 32.0 15.0 32.0
500 15.0 33.0 16.0 33.0 15.0 32.0 16.0 32.0
501 16.0 33.0 17.0 33.0 16.0 32.0 17.0 32.0
502 17.0 33.0 18.0 33.0 17.0 32.0 18.0 32.0
503 18.0 33.0 19.0 33.0 18.0 32.0 19.0 32.0
504 19.0 33.0 20.0 33.0 19.0 32.0 20.0 32.0
505 20.0 33.0 21.0 33.0 20.0 32.0 21.0 32.0
506 21.0 33.0 22.0 33.0 21.0 32.0 22.0 32.0
507 22.0 33.0 23.0 33.0 22.0 32.0 23.0 32.0
508 23.0 33.0 24.0 33.0 23.0 32.0 24.0 32.0
509 24.0 33.0 25.0 33.0 24.0 32.0 25.0 32.0
510 25.0 33.0 26.0 33.0 25.0 32.0 26.0 32.0
511 26.0 33.0 27.0 33.0 26.0 32.0 27.0 32.0
512 27.0 33.0 28.0 33.0 27.0 32.0 28.0 32.0
513 28.0 33.0 29.0 33.0 28.0 32.0 29.0 32.0
514 29.0 33.0 30.0 33.0 29.0 32.0 30.0 32.0
515 30.0 33.0 31.0 33.0 30.0 32.0 31.0 32.0
516 31.0 33.0 32.0 33.0 31.0 32.0 32.0 32.0
517 32.0 33.0 33.0 33.0 32.0 32.0 33.0 32.0
518 33.0 33.0 34.0 33.0 33.0 32.0 34.0 32.0
519 34.0 33.0 35.0 33.0 34.0 32.0 35.0 32.0
520 35.0 33.0 36.0 33.0 35.0 32.0 36.0 32.0
521 36.0 33.0 37.0 33.0 36.0 32.0 37.0 32.0
522 37.0 33.0 38.0 33.0 37.0 32.0 38.0 32.0
523 38.0 33.0 39.0 33.0 38.0 32.0 39.0 32.0
524 39.0 33.0 40.0 33.0 39.0 32.0 40.0 32.0
525 40.0 33.0 41.0 33.0 40.0 32.0 41.0 32.0
526 41.0 33.0 42.0 33.0 41.0 32.0 42.0 32.0
527 42.0 33.0 43.0 33.0 42.0 32.0 43.0 32.0
528 43.0 33.0 44.0 33.0 43.0 32.0 44.0 32.0
529 0.0 32.0 1.0 32.0 0.0 31.0 1.0 31.0
530 1.0 32.0 2.0 32.0 1.0 31.0 2.0 31.0
531 2.0 32.0 3.0 32.0 2.0 31.0 3.0 31.0
532 3.0 32.0 4.0 32.0 3.0 31.0 4.0 31.0
533 4.0 32.0 5.0 32.0 4.0 31.0 5.0 31.0
534 5.0 32.0 6.0 32.0 5.0 31.0 6.0 31.0
535 6.0 32.0 7.0 32.0 6.0 31.0 7.0 31.0
536 7.0 32.0 8.0 32.0 7.0 31.0 8.0 31.0
537 8.0 32.0 9.0 32.0 8.0 31.0 9.0 31.0
538 9.0 32.0 10.0 32.0 9.0 31.0 10.0 31.0
539 10.0 32.0 11.0 32.0 10.0 31.0 11.0 31.0
540 11.0 32.0 12.0 32.0 11.0 31.0 12.0 31.0
541 12.0 32.0 13.0 32.0 12.0 31.0 13.0 31.0
542 13.0 32.0 14.0 32.0 13.0 31.0 14.0 31.0
543 14.0 32.0 15.0 32.0 14.0 31.0 15.0 31.0
544 15.0 32.0 16.0 32.0 15.0 31.0 16.0 31.0
545 16.0 32.0 17.0 32.0 16.0 31.0 17.0 31.0
546 17.0 32.0 18.0 32.0 17.0 31.0 18.0 31.0
547 18.0 32.0 19.0 32.0 18.0 31.0 19.0 31.0
548 19.0 32.0 20.0 32.0 19.0 31.0 20.0 31.0
549 20.0 32.0 21.0 32.0 20.0 31.0 21.0 31.0
550 21.0 32.0 22.0 32.0 21.0 31.0 22.0 31.0
551 22.0 32.0 23.0 32.0 22.0 31.0 23.0 31.0
552 23.0 32.0 24.0 32.0 23.0 31.0 24.0 31.0
553 24.0 32.0 25.0 32.0 24.0 31.0 25.0 31.0
554 25.0 32.0 26.0 32.0 25.0 31.0 26.0 31.0
555 26.0 32.0 27.0 32.0 26.0 31.0 27.0 31.0
556 27.0 32.0 28.0 32.0 27.0 31.0 28.0 31.0
557 28.0 32.0 29.0 32.0 28.0 31.0 29.0 31.0
558 29.0 32.0 30.0 32.0 29.0 31.0 30.0 31.0
559 30.0 32.0 31.0 32.0 30.0 31.0 31.0 31.0
560 31.0 32.0 32.0 32.0 31.0 31.0 32.0 31.0
561 32.0 32.0 33.0 32.0 32.0 31.0 33.0 31.0
562 33.0 32.0 34.0 32.0 33.0 31.0 34.0 31.0
563 34.0 32.0 35.0 32.0 34.0 31.0 35.0 31.0
564 35.0 32.0 36.0 32.0 35.0 31.0 36.0 31.0
565 36.0 32.0 37.0 32.0 36.0 31.0 37.0 31.0
566 37.0 32.0 38.0 32.0 37.0 31.0 38.0 31.0
567 38.0 32.0 39.0 32.0 38.0 31.0 39.0 31.0
568 39.0 32.0 40.0 32.0 39.0 31.0 40.0 31.0
569 40.0 32.0 41.0 32.0 40.0 31.0 41.0 31.0
570 41.0 32.0 42.0 32.0 41.0 31.0 42.0 31.0
571 42.0 32.0 43.0 32.0 42.0 31.0 43.0 31.0
572 43.0 32.0 44.0 32.0 43.0 31.0 44.0 31.0
573 0.0 31.0 1.0 31.0 0.0 30.0 1.0 30.0
574 1.0 31.0 2.0 31.0 1.0 30.0 2.0 30.0
575 2.0 31.0 3.0 31.0 2.0 30.0 3.0 30.0
576 3.0 31.0 4.0 31.0 3.0 30.0 4.0 30.0
577 4.0 31.0 5.0 31.0 4.0 30.0 5.0 30.0
578 5.0 31.0 6.0 31.0 5.0 30.0 6.0 30.0
579 6.0 31.0 7.0 31.0 6.0 30.0 7.0 30.0
580 7.0 31.0 8.0 31.0 7.0 30.0 8.0 30.0
581 8.0 31.0 9.0 31.0 8.0 30.0 9.0 30.0
582 9.0 31.0 10.0 31.0 9.0 30.0 10.0 30.0
583 10.0 31.0 11.0 31.0 10.0 30.0 11.0 30.0
584 11.0 31.0 12.0 31.0 11.0 30.0 12.0 30.0
585 12.0 31.0 13.0 31.0 12.0 30.0 13.0 30.0
586 13.0 31.0 14.0 31.0 13.0 30.0 14.0 30.0
587 14.0 31.0 15.0 31.0 14.0 30.0 15.0 30.0
588 15.0 31.0 16.0 31.0 15.0 30.0 16.0 30.0
589 16.0 31.0 17.0 31.0 16.0 30.0 17.0 30.0
590 17.0 31.0 18.0 31.0 17.0 30.0 18.0 30.0
591 18.0 31.0 19.0 31.0 18.0 30.0 19.0 30.0
592 19.0 31.0 20.0 31.0 19.0 30.0 20.0 30.0
593 20.0 31.0 21.0 31.0 20.0 30.0 21.0 30.0
594 21.0 31.0 22.0 31.0 21.0 30.0 22.0 30.0
595 22.0 31.0 23.0 31.0 22.0 30.0 23.0 30.0
596 23.0 31.0 24.0 31.0 23.0 30.0 24.0 30.0
597 24.0 31.0 25.0 31.0 24.0 30.0 25.0 30.0
598 25.0 31.0 26.0 31.0 25.0 30.0 26.0 30.0
599 26.0 31.0 27.0 31.0 26.0 30.0 27.0 30.0
600 27.0 31.0 28.0 31.0 27.0 30.0 28.0 30.0
601 28.0 31.0 29.0 31.0 28.0 30.0 29.0 30.0
602 29.0 31.0 30.0 31.0 29.0 30.0 30.0 30.0
603 30.0 31.0 31.0 31.0 30.0 30.0 31.0 30.0
604 31.0 31.0 32.0 31.0 31.0 30.0 32.0 30.0
605 32.0 31.0 33.0 31.0 32.0 30.0 33.0 30.0
606 33.0 31.0 34.0 31.0 33.0 30.0 34.0 30.0
607 34.0 31.0 35.0 31.0 34.0 30.0 35.0 30.0
608 35.0 31.0 36.0 31.0 35.0 30.0 36.0 30.0
609 36.0 31.0 37.0 31.0 36.0 30.0 37.0 30.0
610 37.0 31.0 38.0 31.0 37.0 30.0 38.0 30.0
611 38.0 31.0 39.0 31.0 38.0 30.0 39.0 30.0
612 39.0 31.0 40.0 31.0 39.0 30.0 40.0 30.0
613 40.0 31.0 41.0 31.0 40.0 30.0 41.0 30.0
614 41.0 31.0 42.0 31.0 41.0 30.0 42.0 30.0
615 42.0 31.0 43.0 31.0 42.0 30.0 43.0 30.0
616 43.0 31.0 44.0 31.0 43.0 30.0 44.0 30.0
617 0.0 30.0 1.0 30.0 0.0 29.0 1.0 29.0
618 1.0 30.0 2.0 30.0 1.0 29.0 2.0 29.0
619 2.0 30.0 3.0 30.0 2.0 29.0 3.0 29.0
620 3.0 30.0 4.0 30.0 3.0 29.0 4.0 29.0
621 4.0 30.0 5.0 30.0 4.0 29.0 5.0 29.0
622 5.0 30.0 6.0 30.0 5.0 29.0 6.0 29.0
623 6.0 30.0 7.0 30.0 6.0 29.0 7.0 29.0
624 7.0 30.0 8.0 30.0 7.0 29.0 8.0 29.0
625 8.0 30.0 9.0 30.0 8.0 29.0 9.0 29.0
626 9.0 30.0 10.0 30.0 9.0 29.0 10.0 29.0
627 10.0 30.0 11.0 30.0 10.0 29.0 11.0 29.0
628 11.0 30.0 12.0 30.0 11.0 29.0 12.0 29.0
629 12.0 30.0 13.0 30.0 12.0 29.0 13.0 29.0
630 13.0 30.0 14.0 30.0 13.0 29.0 14.0 29.0
631 14.0 30.0 15.0 30.0 14.0 29.0 15.0 29.0
632 15.0 30.0 16.0 30.0 15.0 29.0 16.0 29.0
633 16.0 30.0 17.0 30.0 16.0 29.0 17.0 29.0
634 17.0 30.0 18.0 30.0 17.0 29.0 18.0 29.0
635 18.0 30.0 19.0 30.0 18.0 29.0 19.0 29.0
636 19.0 30.0 20.0 30.0 19.0 29.0 20.0 29.0
637 20.0 30.0 21.0 30.0 20.0 29.0 21.0 29.0
638 21.0 30.0 22.0 30.0 21.0 29.0 22.0 29.0
639 22.0 30.0 23.0 30.0 22.0 29.0 23.0 29.0
640 23.0 30.0 24.0 30.0 23.0 29.0 24.0 29.0
641 24.0 30.0 25.0 30.0 24.0 29.0 25.0 29.0
642 25.0 30.0 26.0 30.0 25.0 29.0 26.0 29.0
643 26.0 30.0 27.0 30.0 26.0 29.0 27.0 29.0
644 27.0 30.0 28.0 30.0 27.0 29.0 28.0 29.0
645 28.0 30.0 29.0 30.0 28.0 29.0 29.0 29.0
646 29.0 30.0 30.0 30.0 29.0 29.0 30.0 29.0
647 30.0 30.0 31.0 30.0 30.0 29.0 31.0 29.0
648 31.0 30.0 32.0 30.0 31.0 29.0 32.0 29.0
649 32.0 30.0 33.0 30.0 32.0 29.0 33.0 29.0
650 33.0 30.0 34.0 30.0 33.0 29.0 34.0 29.0
651 34.0 30.0 35.0 30.0 34.0 29.0 35.0 29.0
652 35.0 30.0 36.0 30.0 35.0 29.0 36.0 29.0
653 36.0 30.0 37.0 30.0 36.0 29.0 37.0 29.0
654 37.0 30.0 38.0 30.0 37.0 29.0 38.0 29.0
655 38.0 30.0 39.0 30.0 38.0 29.0 39.0 29.0
656 39.0 30.0 40.0 30.0 39.0 29.0 40.0 29.0
657 40.0 30.0 41.0 30.0 40.0 29.0 41.0 29.0
658 41.0 30.0 42.0 30.0 41.0 29.0 42.0 29.0
659 42.0 30.0 43.0 30.0 42.0 29.0 43.0 29.0
660 43.0 30.0 44.0 30.0 43.0 29.0 44.0 29.0
661 0.0 29.0 1.0 29.0 0.0 28.0 1.0 28.0
662 1.0 29.0 2.0 29.0 1.0 28.0 2.0 28.0
663 2.0 29.0 3.0 29.0 2.0 28.0 3.0 28.0
664 3.0 29.0 4.0 29.0 3.0 28.0 4.0 28.0
665 4.0 29.0 5.0 29.0 4.0 28.0 5.0 28.0
666 5.0 29.0 6.0 29.0 5.0 28.0 6.0 28.0
667 6.0 29.0 7.0 29.0 6.0 28.0 7.0 28.0
668 7.0 29.0 8.0 29.0 7.0 28.0 8.0 28.0
669 8.0 29.0 9.0 29.0 8.0 28.0 9.0 28.0
670 9.0 29.0 10.0 29.0 9.0 28.0 10.0 28.0
671 10.0 29.0 11.0 29.0 10.0 28.0 11.0 28.0
672 11.0 29.0 12.0 29.0 11.0 28.0 12.0 28.0
673 12.0 29.0 13.0 29.0 12.0 28.0 13.0 28.0
674 13.0 29.0 14.0 29.0 13.0 28.0 14.0 28.0
675 14.0 29.0 15.0 29.0 14.0 28.0 15.0 28.0
676 15.0 29.0 16.0 29.0 15.0 28.0 16.0 28.0
677 16.0 29.0 17.0 29.0 16.0 28.0 17.0 28.0
678 17.0 29.0 18.0 29.0 17.0 28.0 18.0 28.0
679 18.0 29.0 19.0 29.0 18.0 28.0 19.0 28.0
680 19.0 29.0 20.0 29.0 19.0 28.0 20.0 28.0
681 20.0 29.0 21.0 29.0 20.0 28.0 21.0 28.0
682 21.0 29.0 22.0 29.0 21.0 28.0 22.0 28.0
683 22.0 29.0 23.0 29.0 22.0 28.0 23.0 28.0
684 23.0 29.0 24.0 29.0 23.0 28.0 24.0 28.0
685 24.0 29.0 25.0 29.0 24.0 28.0 25.0 28.0
686 25.0 29.0 26.0 29.0 25.0 28.0 26.0 28.0
687 26.0 29.0 27.0 29.0 26.0 28.0 27.0 28.0
688 27.0 29.0 28.0 29.0 27.0 28.0 28.0 28.0
689 28.0 29.0 29.0 29.0 28.0 28.0 29.0 28.0
690 29.0 29.0 30.0 29.0 29.0 28.0 30.0 28.0
691 30.0 29.0 31.0 29.0 30.0 28.0 31.0 28.0
692 31.0 29.0 32.0 29.0 31.0 28.0 32.0 28.0
693 32.0 29.0 33.0 29.0 32.0 28.0 33.0 28.0
694 33.0 29.0 34.0 29.0 33.0 28.0 34.0 28.0
695 34.0 29.0 35.0 29.0 34.0 28.0 35.0 28.0
696 35.0 29.0 36.0 29.0 35.0 28.0 36.0 28.0
697 36.0 29.0 37.0 29.0 36.0 28.0 37.0 28.0
698 37.0 29.0 38.0 29.0 37.0 28.0 38.0 28.0
699 38.0 29.0 39.0 29.0 38.0 28.0 39.0 28.0
700 39.0 29.0 40.0 29.0 39.0 28.0 40.0 28.0
701 40.0 29.0 41.0 29.0 40.0 28.0 41.0 28.0
702 41.0 29.0 42.0 29.0 41.0 28.0 42.0 28.0
703 42.0 29.0 43.0 29.0 42.0 28.0 43.0 28.0
704 43.0 29.0 44.0 29.0 43.0 28.0 44.0 28.0
705 0.0 28.0 1.0 28.0 0.0 27.0 1.0 27.0
706 1.0 28.0 2.0 28.0 1.0 27.0 2.0 27.0
707 2.0 28.0 3.0 28.0 2.0 27.0 3.0 27.0
708 3.0 28.0 4.0 28.0 3.0 27.0 4.0 27.0
709 4.0 28.0 5.0 28.0 4.0 27.0 5.0 27.0
710 5.0 28.0 6.0 28.0 5.0 27.0 6.0 27.0
711 6.0 28.0 7.0 28.0 6.0 27.0 7.0 27.0
712 7.0 28.0 8.0 28.0 7.0 27.0 8.0 27.0
713 8.0 28.0 9.0 28.0 8.0 27.0 9.0 27.0
714 9.0 28.0 10.0 28.0 9.0 27.0 10.0 27.0
715 10.0 28.0 11.0 28.0 10.0 27.0 11.0 27.0
716 11.0 28.0 12.0 28.0 11.0 27.0 12.0 27.0
717 12.0 28.0 13.0 28.0 12.0 27.0 13.0 27.0
718 13.0 28.0 14.0 28.0 13.0 27.0 14.0 27.0
719 14.0 28.0 15.0 28.0 14.0 27.0 15.0 27.0
720 15.0 28.0 16.0 28.0 15.0 27.0 16.0 27.0
721 16.0 28.0 17.0 28.0 16.0 27.0 17.0 27.0
722 17.0 28.0 18.0 28.0 17.0 27.0 18.0 27.0
723 18.0 28.0 19.0 28.0 18.0 27.0 19.0 27.0
724 19.0 28.0 20.0 28.0 19.0 27.0 20.0 27.0
725 20.0 28.0 21.0 28.0 20.0 27.0 21.0 27.0
726 21.0 28.0 22.0 28.0 21.0 27.0 22.0 27.0
727 22.0 28.0 23.0 28.0 22.0 27.0 23.0 27.0
728 23.0 28.0 24.0 28.0 23.0 27.0 24.0 27.0
729 24.0 28.0 25.0 28.0 24.0 27.0 25.0 27.0
730 25.0 28.0 26.0 28.0 25.0 27.0 26.0 27.0
731 26.0 28.0 27.0 28.0 26.0 27.0 27.0 27.0
732 27.0 28.0 28.0 28.0 27.0 27.0 28.0 27.0
733 28.0 28.0 29.0 28.0 28.0 27.0 29.0 27.0
734 29.0 28.0 30.0 28.0 29.0 27.0 30.0 27.0
735 30.0 28.0 31.0 28.0 30.0 27.0 31.0 27.0
736 31.0 28.0 32.0 28.0 31.0 27.0 32.0 27.0
737 32.0 28.0 33.0 28.0 32.0 27.0 33.0 27.0
738 33.0 28.0 34.0 28.0 33.0 27.0 34.0 27.0
739 34.0 28.0 35.0 28.0 34.0 27.0 35.0 27.0
740 35.0 28.0 36.0 28.0 35.0 27.0 36.0 27.0
741 36.0 28.0 37.0 28.0 36.0 27.0 37.0 27.0
742 37.0 28.0 38.0 28.0 37.0 27.0 38.0 27.0
743 38.0 28.0 39.0 28.0 38.0 27.0 39.0 27.0
744 39.0 28.0 40.0 28.0 39.0 27.0 40.0 27.0
745 40.0 28.0 41.0 28.0 40.0 27.0 41.0 27.0
746 41.0 28.0 42.0 28.0 41.0 27.0 42.0 27.0
747 42.0 28.0 43.0 28.0 42.0 27.0 43.0 27.0
748 43.0 28.0 44.0 28.0 43.0 27.0 44.0 27.0
749 0.0 27.0 1.0 27.0 0.0 26.0 1.0 26.0
750 1.0 27.0 2.0 27.0 1.0 26.0 2.0 26.0
751 2.0 27.0 3.0 27.0 2.0 26.0 3.0 26.0
752 3.0 27.0 4.0 27.0 3.0 26.0 4.0 26.0
753 4.0 27.0 5.0 27.0 4.0 26.0 5.0 26.0
754 5.0 27.0 6.0 27.0 5.0 26.0 6.0 26.0
755 6.0 27.0 7.0 27.0 6.0 26.0 7.0 26.0
756 7.0 27.0 8.0 27.0 7.0 26.0 8.0 26.0
757 8.0 27.0 9.0 27.0 8.0 26.0 9.0 26.0
758 9.0 27.0 10.0 27.0 9.0 26.0 10.0 26.0
759 10.0 27.0 11.0 27.0 10.0 26.0 11.0 26.0
760 11.0 27.0 12.0 27.0 11.0 26.0 12.0 26.0
761 12.0 27.0 13.0 27.0 12.0 26.0 13.0 26.0
762 13.0 27.0 14.0 27.0 13.0 26.0 14.0 26.0
763 14.0 27.0 15.0 27.0 14.0 26.0 15.0 26.0
764 15.0 27.0 16.0 27.0 15.0 26.0 16.0 26.0
765 16.0 27.0 17.0 27.0 16.0 26.0 17.0 26.0
766 17.0 27.0 18.0 27.0 17.0 26.0 18.0 26.0
767 18.0 27.0 19.0 27.0 18.0 26.0 19.0 26.0
768 19.0 27.0 20.0 27.0 19.0 26.0 20.0 26.0
769 20.0 27.0 21.0 27.0 20.0 26.0 21.0 26.0
770 21.0 27.0 22.0 27.0 21.0 26.0 22.0 26.0
771 22.0 27.0 23.0 27.0 22.0 26.0 23.0 26.0
772 23.0 27.0 24.0 27.0 23.0 26.0 24.0 26.0
773 24.0 27.0 25.0 27.0 24.0 26.0 25.0 26.0
774 25.0 27.0 26.0 27.0 25.0 26.0 26.0 26.0
775 26.0 27.0 27.0 27.0 26.0 26.0 27.0 26.0
776 27.0 27.0 28.0 27.0 27.0 26.0 28.0 26.0
777 28.0 27.0 29.0 27.0 28.0 26.0 29.0 26.0
778 29.0 27.0 30.0 27.0 29.0 26.0 30.0 26.0
779 30.0 27.0 31.0 27.0 30.0 26.0 31.0 26.0
780 31.0 27.0 32.0 27.0 31.0 26.0 32.0 26.0
781 32.0 27.0 33.0 27.0 32.0 26.0 33.0 26.0
782 33.0 27.0 34.0 27.0 33.0 26.0 34.0 26.0
783 34.0 27.0 35.0 27.0 34.0 26.0 35.0 26.0
784 35.0 27.0 36.0 27.0 35.0 26.0 36.0 26.0
785 36.0 27.0 37.0 27.0 36.0 26.0 37.0 26.0
786 37.0 27.0 38.0 27.0 37.0 26.0 38.0 26.0
787 38.0 27.0 39.0 27.0 38.0 26.0 39.0 26.0
788 39.0 27.0 40.0 27.0 39.0 26.0 40.0 26.0
789 40.0 27.0 41.0 27.0 40.0 26.0 41.0 26.0
790 41.0 27.0 42.0 27.0 41.0 26.0 42.0 26.0
791 42.0 27.0 43.0 27.0 42.0 26.0 43.0 26.0
792 43.0 27.0 44.0 27.0 43.0 26.0 44.0 26.0
793 0.0 26.0 1.0 26.0 0.0 25.0 1.0 25.0
794 1.0 26.0 2.0 26.0 1.0 25.0 2.0 25.0
795 2.0 26.0 3.0 26.0 2.0 25.0 3.0 25.0
796 3.0 26.0 4.0 26.0 3.0 25.0 4.0 25.0
797 4.0 26.0 5.0 26.0 4.0 25.0 5.0 25.0
798 5.0 26.0 6.0 26.0 5.0 25.0 6.0 25.0
799 6.0 26.0 7.0 26.0 6.0 25.0 7.0 25.0
800 7.0 26.0 8.0 26.0 7.0 25.0 8.0 25.0
801 8.0 26.0 9.0 26.0 8.0 25.0 9.0 25.0
802 9.0 26.0 10.0 26.0 9.0 25.0 10.0 25.0
803 10.0 26.0 11.0 26.0 10.0 25.0 11.0 25.0
804 11.0 26.0 12.0 26.0 11.0 25.0 12.0 25.0
805 12.0 26.0 13.0 26.0 12.0 25.0 13.0 25.0
806 13.0 26.0 14.0 26.0 13.0 25.0 14.0 25.0
807 14.0 26.0 15.0 26.0 14.0 25.0 15.0 25.0
808 15.0 26.0 16.0 26.0 15.0 25.0 16.0 25.0
809 16.0 26.0 17.0 26.0 16.0 25.0 17.0 25.0
810 17.0 26.0 18.0 26.0 17.0 25.0 18.0 25.0
811 18.0 26.0 19.0 26.0 18.0 25.0 19.0 25.0
812 19.0 26.0 20.0 26.0 19.0 25.0 20.0 25.0
813 20.0 26.0 21.0 26.0 20.0 25.0 21.0 25.0
814 21.0 26.0 22.0 26.0 21.0 25.0 22.0 25.0
815 22.0 26.0 23.0 26.0 22.0 25.0 23.0 25.0
816 23.0 26.0 24.0 26.0 23.0 25.0 24.0 25.0
817 24.0 26.0 25.0 26.0 24.0 25.0 25.0 25.0
818 25.0 26.0 26.0 26.0 25.0 25.0 26.0 25.0
819 26.0 26.0 27.0 26.0 26.0 25.0 27.0 25.0
820 27.0 26.0 28.0 26.0 27.0 25.0 28.0 25.0
821 28.0 26.0 29.0 26.0 28.0 25.0 29.0 25.0
822 29.0 26.0 30.0 26.0 29.0 25.0 30.0 25.0
823 30.0 26.0 31.0 26.0 30.0 25.0 31.0 25.0
824 31.0 26.0 32.0 26.0 31.0 25.0 32.0 25.0
825 32.0 26.0 33.0 26.0 32.0 25.0 33.0 25.0
826 33.0 26.0 34.0 26.0 33.0 25.0 34.0 25.0
827 34.0 26.0 35.0 26.0 34.0 25.0 35.0 25.0
828 35.0 26.0 36.0 26.0 35.0 25.0 36.0 25.0
829 36.0 26.0 37.0 26.0 36.0 25.0 37.0 25.0
830 37.0 26.0 38.0 26.0 37.0 25.0 38.0 25.0
831 38.0 26.0 39.0 26.0 38.0 25.0 39.0 25.0
832 39.0 26.0 40.0 26.0 39.0 25.0 40.0 25.0
833 40.0 26.0 41.0 26.0 40.0 25.0 41.0 25.0
834 41.0 26.0 42.0 26.0 41.0 25.0 42.0 25.0
835 42.0 26.0 43.0 26.0 42.0 25.0 43.0 25.0
836 43.0 26.0 44.0 26.0 43.0 25.0 44.0 25.0
837 0.0 25.0 1.0 25.0 0.0 24.0 1.0 24.0
838 1.0 25.0 2.0 25.0 1.0 24.0 2.0 24.0
839 2.0 25.0 3.0 25.0 2.0 24.0 3.0 24.0
840 3.0 25.0 4.0 25.0 3.0 24.0 4.0 24.0
841 4.0 25.0 5.0 25.0 4.0 24.0 5.0 24.0
842 5.0 25.0 6.0 25.0 5.0 24.0 6.0 24.0
843 6.0 25.0 7.0 25.0 6.0 24.0 7.0 24.0
844 7.0 25.0 8.0 25.0 7.0 24.0 8.0 24.0
845 8.0 25.0 9.0 25.0 8.0 24.0 9.0 24.0
846 9.0 25.0 10.0 25.0 9.0 24.0 10.0 24.0
847 10.0 25.0 11.0 25.0 10.0 24.0 11.0 24.0
848 11.0 25.0 12.0 25.0 11.0 24.0 12.0 24.0
849 12.0 25.0 13.0 25.0 12.0 24.0 13.0 24.0
850 13.0 25.0 14.0 25.0 13.0 24.0 14.0 24.0
851 14.0 25.0 15.0 25.0 14.0 24.0 15.0 24.0
852 15.0 25.0 16.0 25.0 15.0 24.0 16.0 24.0
853 16.0 25.0 17.0 25.0 16.0 24.0 17.0 24.0
854 17.0 25.0 18.0 25.0 17.0 24.0 18.0 24.0
855 18.0 25.0 19.0 25.0 18.0 24.0 19.0 24.0
856 19.0 25.0 20.0 25.0 19.0 24.0 20.0 24.0
857 20.0 25.0 21.0 25.0 20.0 24.0 21.0 24.0
858 21.0 25.0 22.0 25.0 21.0 24.0 22.0 24.0
859 22.0 25.0 23.0 25.0 22.0 24.0 23.0 24.0
860 23.0 25.0 24.0 25.0 23.0 24.0 24.0 24.0
861 24.0 25.0 25.0 25.0 24.0 24.0 25.0 24.0
862 25.0 25.0 26.0 25.0 25.0 24.0 26.0 24.0
863 26.0 25.0 27.0 25.0 26.0 24.0 27.0 24.0
864 27.0 25.0 28.0 25.0 27.0 24.0 28.0 24.0
865 28.0 25.0 29.0 25.0 28.0 24.0 29.0 24.0
866 29.0 25.0 30.0 25.0 29.0 24.0 30.0 24.0
867 30.0 25.0 31.0 25.0 30.0 24.0 31.0 24.0
868 31.0 25.0 32.0 25.0 31.0 24.0 32.0 24.0
869 32.0 25.0 33.0 25.0 32.0 24.0 33.0 24.0
870 33.0 25.0 34.0 25.0 33.0 24.0 34.0 24.0
871 34.0 25.0 35.0 25.0 34.0 24.0 35.0 24.0
872 35.0 25.0 36.0 25.0 35.0 24.0 36.0 24.0
873 36.0 25.0 37.0 25.0 36.0 24.0 37.0 24.0
874 37.0 25.0 38.0 25.0 37.0 24.0 38.0 24.0
875 38.0 25.0 39.0 25.0 38.0 24.0 39.0 24.0
876 39.0 25.0 40.0 25.0 39.0 24.0 40.0 24.0
877 40.0 25.0 41.0 25.0 40.0 24.0 41.0 24.0
878 41.0 25.0 42.0 25.0 41.0 24.0 42.0 24.0
879 42.0 25.0 43.0 25.0 42.0 24.0 43.0 24.0
880 43.0 25.0 44.0 25.0 43.0 24.0 44.0 24.0
881 0.0 24.0 1.0 24.0 0.0 23.0 1.0 23.0
882 1.0 24.0 2.0 24.0 1.0 23.0 2.0 23.0
883 2.0 24.0 3.0 24.0 2.0 23.0 3.0 23.0
884 3.0 24.0 4.0 24.0 3.0 23.0 4.0 23.0
885 4.0 24.0 5.0 24.0 4.0 23.0 5.0 23.0
886 5.0 24.0 6.0 24.0 5.0 23.0 6.0 23.0
887 6.0 24.0 7.0 24.0 6.0 23.0 7.0 23.0
888 7.0 24.0 8.0 24.0 7.0 23.0 8.0 23.0
889 8.0 24.0 9.0 24.0 8.0 23.0 9.0 23.0
890 9.0 24.0 10.0 24.0 9.0 23.0 10.0 23.0
891 10.0 24.0 11.0 24.0 10.0 23.0 11.0 23.0
892 11.0 24.0 12.0 24.0 11.0 23.0 12.0 23.0
893 12.0 24.0 13.0 24.0 12.0 23.0 13.0 23.0
894 13.0 24.0 14.0 24.0 13.0 23.0 14.0 23.0
895 14.0 24.0 15.0 24.0 14.0 23.0 15.0 23.0
896 15.0 24.0 16.0 24.0 15.0 23.0 16.0 23.0
897 16.0 24.0 17.0 24.0 16.0 23.0 17.0 23.0
898 17.0 24.0 18.0 24.0 17.0 23.0 18.0 23.0
899 18.0 24.0 19.0 24.0 18.0 23.0 19.0 23.0
900 19.0 24.0 20.0 24.0 19.0 23.0 20.0 23.0
901 20.0 24.0 21.0 24.0 20.0 23.0 21.0 23.0
902 21.0 24.0 22.0 24.0 21.0 23.0 22.0 23.0
903 22.0 24.0 23.0 24.0 22.0 23.0 23.0 23.0
904 23.0 24.0 24.0 24.0 23.0 23.0 24.0 23.0
905 24.0 24.0 25.0 24.0 24.0 23.0 25.0 23.0
906 25.0 24.0 26.0 24.0 25.0 23.0 26.0 23.0
907 26.0 24.0 27.0 24.0 26.0 23.0 27.0 23.0
908 27.0 24.0 28.0 24.0 27.0 23.0 28.0 23.0
909 28.0 24.0 29.0 24.0 28.0 23.0 29.0 23.0
910 29.0 24.0 30.0 24.0 29.0 23.0 30.0 23.0
911 30.0 24.0 31.0 24.0 30.0 23.0 31.0 23.0
912 31.0 24.0 32.0 24.0 31.0 23.0 32.0 23.0
913 32.0 24.0 33.0 24.0 32.0 23.0 33.0 23.0
914 33.0 24.0 34.0 24.0 33.0 23.0 34.0 23.0
915 34.0 24.0 35.0 24.0 34.0 23.0 35.0 23.0
916 35.0 24.0 36.0 24.0 35.0 23.0 36.0 23.0
917 36.0 24.0 37.0 24.0 36.0 23.0 37.0 23.0
918 37.0 24.0 38.0 24.0 37.0 23.0 38.0 23.0
919 38.0 24.0 39.0 24.0 38.0 23.0 39.0 23.0
920 39.0 24.0 40.0 24.0 39.0 23.0 40.0 23.0
921 40.0 24.0 41.0 24.0 40.0 23.0 41.0 23.0
922 41.0 24.0 42.0 24.0 41.0 23.0 42.0 23.0
923 42.0 24.0 43.0 24.0 42.0 23.0 43.0 23.0
924 43.0 24.0 44.0 24.0 43.0 23.0 44.0 23.0
925 0.0 23.0 1.0 23.0 0.0 22.0 1.0 22.0
926 1.0 23.0 2.0 23.0 1.0 22.0 2.0 22.0
927 2.0 23.0 3.0 23.0 2.0 22.0 3.0 22.0
928 3.0 23.0 4.0 23.0 3.0 22.0 4.0 22.0
929 4.0 23.0 5.0 23.0 4.0 22.0 5.0 22.0
930 5.0 23.0 6.0 23.0 5.0 22.0 6.0 22.0
931 6.0 23.0 7.0 23.0 6.0 22.0 7.0 22.0
932 7.0 23.0 8.0 23.0 7.0 22.0 8.0 22.0
933 8.0 23.0 9.0 23.0 8.0 22.0 9.0 22.0
934 9.0 23.0 10.0 23.0 9.0 22.0 10.0 22.0
935 10.0 23.0 11.0 23.0 10.0 22.0 11.0 22.0
936 11.0 23.0 12.0 23.0 11.0 22.0 12.0 22.0
937 12.0 23.0 13.0 23.0 12.0 22.0 13.0 22.0
938 13.0 23.0 14.0 23.0 13.0 22.0 14.0 22.0
939 14.0 23.0 15.0 23.0 14.0 22.0 15.0 22.0
940 15.0 23.0 16.0 23.0 15.0 22.0 16.0 22.0
941 16.0 23.0 17.0 23.0 16.0 22.0 17.0 22.0
942 17.0 23.0 18.0 23.0 17.0 22.0 18.0 22.0
943 18.0 23.0 19.0 23.0 18.0 22.0 19.0 22.0
944 19.0 23.0 20.0 23.0 19.0 22.0 20.0 22.0
945 20.0 23.0 21.0 23.0 20.0 22.0 21.0 22.0
946 21.0 23.0 22.0 23.0 21.0 22.0 22.0 22.0
947 22.0 23.0 23.0 23.0 22.0 22.0 23.0 22.0
948 23.0 23.0 24.0 23.0 23.0 22.0 24.0 22.0
949 24.0 23.0 25.0 23.0 24.0 22.0 25.0 22.0
950 25.0 23.0 26.0 23.0 25.0 22.0 26.0 22.0
951 26.0 23.0 27.0 23.0 26.0 22.0 27.0 22.0
952 27.0 23.0 28.0 23.0 27.0 22.0 28.0 22.0
953 28.0 23.0 29.0 23.0 28.0 22.0 29.0 22.0
954 29.0 23.0 30.0 23.0 29.0 22.0 30.0 22.0
955 30.0 23.0 31.0 23.0 30.0 22.0 31.0 22.0
956 31.0 23.0 32.0 23.0 31.0 22.0 32.0 22.0
957 32.0 23.0 33.0 23.0 32.0 22.0 33.0 22.0
958 33.0 23.0 34.0 23.0 33.0 22.0 34.0 22.0
959 34.0 23.0 35.0 23.0 34.0 22.0 35.0 22.0
960 35.0 23.0 36.0 23.0 35.0 22.0 36.0 22.0
961 36.0 23.0 37.0 23.0 36.0 22.0 37.0 22.0
962 37.0 23.0 38.0 23.0 37.0 22.0 38.0 22.0
963 38.0 23.0 39.0 23.0 38.0 22.0 39.0 22.0
964 39.0 23.0 40.0 23.0 39.0 22.0 40.0 22.0
965 40.0 23.0 41.0 23.0 40.0 22.0 41.0 22.0
966 41.0 23.0 42.0 23.0 41.0 22.0 42.0 22.0
967 42.0 23.0 43.0 23.0 42.0 22.0 43.0 22.0
968 43.0 23.0 44.0 23.0 43.0 22.0 44.0 22.0
969 0.0 22.0 1.0 22.0 0.0 21.0 1.0 21.0
970 1.0 22.0 2.0 22.0 1.0 21.0 2.0 21.0
971 2.0 22.0 3.0 22.0 2.0 21.0 3.0 21.0
972 3.0 22.0 4.0 22.0 3.0 21.0 4.0 21.0
973 4.0 22.0 5.0 22.0 4.0 21.0 5.0 21.0
974 5.0 22.0 6.0 22.0 5.0 21.0 6.0 21.0
975 6.0 22.0 7.0 22.0 6.0 21.0 7.0 21.0
976 7.0 22.0 8.0 22.0 7.0 21.0 8.0 21.0
977 8.0 22.0 9.0 22.0 8.0 21.0 9.0 21.0
978 9.0 22.0 10.0 22.0 9.0 21.0 10.0 21.0
979 10.0 22.0 11.0 22.0 10.0 21.0 11.0 21.0
980 11.0 22.0 12.0 22.0 11.0 21.0 12.0 21.0
981 12.0 22.0 13.0 22.0 12.0 21.0 13.0 21.0
982 13.0 22.0 14.0 22.0 13.0 21.0 14.0 21.0
983 14.0 22.0 15.0 22.0 14.0 21.0 15.0 21.0
984 15.0 22.0 16.0 22.0 15.0 21.0 16.0 21.0
985 16.0 22.0 17.0 22.0 16.0 21.0 17.0 21.0
986 17.0 22.0 18.0 22.0 17.0 21.0 18.0 21.0
987 18.0 22.0 19.0 22.0 18.0 21.0 19.0 21.0
988 19.0 22.0 20.0 22.0 19.0 21.0 20.0 21.0
989 20.0 22.0 21.0 22.0 20.0 21.0 21.0 21.0
990 21.0 22.0 22.0 22.0 21.0 21.0 22.0 21.0
991 22.0 22.0 23.0 22.0 22.0 21.0 23.0 21.0
992 23.0 22.0 24.0 22.0 23.0 21.0 24.0 21.0
993 24.0 22.0 25.0 22.0 24.0 21.0 25.0 21.0
994 25.0 22.0 26.0 22.0 25.0 21.0 26.0 21.0
995 26.0 22.0 27.0 22.0 26.0 21.0 27.0 21.0
996 27.0 22.0 28.0 22.0 27.0 21.0 28.0 21.0
997 28.0 22.0 29.0 22.0 28.0 21.0 29.0 21.0
998 29.0 22.0 30.0 22.0 29.0 21.0 30.0 21.0
999 30.0 22.0 31.0 22.0 30.0 21.0 31.0 21.0
1000 31.0 22.0 32.0 22.0 31.0 21.0 32.0 21.0
1001 32.0 22.0 33.0 22.0 32.0 21.0 33.0 21.0
1002 33.0 22.0 34.0 22.0 33.0 21.0 34.0 21.0
1003 34.0 22.0 35.0 22.0 34.0 21.0 35.0 21.0
1004 35.0 22.0 36.0 22.0 35.0 21.0 36.0 21.0
1005 36.0 22.0 37.0 22.0 36.0 21.0 37.0 21.0
1006 37.0 22.0 38.0 22.0 37.0 21.0 38.0 21.0
1007 38.0 22.0 39.0 22.0 38.0 21.0 39.0 21.0
1008 39.0 22.0 40.0 22.0 39.0 21.0 40.0 21.0
1009 40.0 22.0 41.0 22.0 40.0 21.0 41.0 21.0
1010 41.0 22.0 42.0 22.0 41.0 21.0 42.0 21.0
1011 42.0 22.0 43.0 22.0 42.0 21.0 43.0 21.0
1012 43.0 22.0 44.0 22.0 43.0 21.0 44.0 21.0
1013 0.0 21.0 1.0 21.0 0.0 20.0 1.0 20.0
1014 1.0 21.0 2.0 21.0 1.0 20.0 2.0 20.0
1015 2.0 21.0 3.0 21.0 2.0 20.0 3.0 20.0
1016 3.0 21.0 4.0 21.0 3.0 20.0 4.0 20.0
1017 4.0 21.0 5.0 21.0 4.0 20.0 5.0 20.0
1018 5.0 21.0 6.0 21.0 5.0 20.0 6.0 20.0
1019 6.0 21.0 7.0 21.0 6.0 20.0 7.0 20.0
1020 7.0 21.0 8.0 21.0 7.0 20.0 8.0 20.0
1021 8.0 21.0 9.0 21.0 8.0 20.0 9.0 20.0
1022 9.0 21.0 10.0 21.0 9.0 20.0 10.0 20.0
1023 10.0 21.0 11.0 21.0 10.0 20.0 11.0 20.0
1024 11.0 21.0 12.0 21.0 11.0 20.0 12.0 20.0
1025 12.0 21.0 13.0 21.0 12.0 20.0 13.0 20.0
1026 13.0 21.0 14.0 21.0 13.0 20.0 14.0 20.0
1027 14.0 21.0 15.0 21.0 14.0 20.0 15.0 20.0
1028 15.0 21.0 16.0 21.0 15.0 20.0 16.0 20.0
1029 16.0 21.0 17.0 21.0 16.0 20.0 17.0 20.0
1030 17.0 21.0 18.0 21.0 17.0 20.0 18.0 20.0
1031 18.0 21.0 19.0 21.0 18.0 20.0 19.0 20.0
1032 19.0 21.0 20.0 21.0 19.0 20.0 20.0 20.0
1033 20.0 21.0 21.0 21.0 20.0 20.0 21.0 20.0
1034 21.0 21.0 22.0 21.0 21.0 20.0 22.0 20.0
1035 22.0 21.0 23.0 21.0 22.0 20.0 23.0 20.0
1036 23.0 21.0 24.0 21.0 23.0 20.0 24.0 20.0
1037 24.0 21.0 25.0 21.0 24.0 20.0 25.0 20.0
1038 25.0 21.0 26.0 21.0 25.0 20.0 26.0 20.0
1039 26.0 21.0 27.0 21.0 26.0 20.0 27.0 20.0
1040 27.0 21.0 28.0 21.0 27.0 20.0 28.0 20.0
1041 28.0 21.0 29.0 21.0 28.0 20.0 29.0 20.0
1042 29.0 21.0 30.0 21.0 29.0 20.0 30.0 20.0
1043 30.0 21.0 31.0 21.0 30.0 20.0 31.0 20.0
1044 31.0 21.0 32.0 21.0 31.0 20.0 32.0 20.0
1045 32.0 21.0 33.0 21.0 32.0 20.0 33.0 20.0
1046 33.0 21.0 34.0 21.0 33.0 20.0 34.0 20.0
1047 34.0 21.0 35.0 21.0 34.0 20.0 35.0 20.0
1048 35.0 21.0 36.0 21.0 35.0 20.0 36.0 20.0
1049 36.0 21.0 37.0 21.0 36.0 20.0 37.0 20.0
1050 37.0 21.0 38.0 21.0 37.0 20.0 38.0 20.0
1051 38.0 21.0 39.0 21.0 38.0 20.0 39.0 20.0
1052 39.0 21.0 40.0 21.0 39.0 20.0 40.0 20.0
1053 40.0 21.0 41.0 21.0 40.0 20.0 41.0 20.0
1054 41.0 21.0 42.0 21.0 41.0 20.0 42.0 20.0
1055 42.0 21.0 43.0 21.0 42.0 20.0 43.0 20.0
1056 43.0 21.0 44.0 21.0 43.0 20.0 44.0 20.0
1057 0.0 20.0 1.0 20.0 0.0 19.0 1.0 19.0
1058 1.0 20.0 2.0 20.0 1.0 19.0 2.0 19.0
1059 2.0 20.0 3.0 20.0 2.0 19.0 3.0 19.0
1060 3.0 20.0 4.0 20.0 3.0 19.0 4.0 19.0
1061 4.0 20.0 5.0 20.0 4.0 19.0 5.0 19.0
1062 5.0 20.0 6.0 20.0 5.0 19.0 6.0 19.0
1063 6.0 20.0 7.0 20.0 6.0 19.0 7.0 19.0
1064 7.0 20.0 8.0 20.0 7.0 19.0 8.0 19.0
1065 8.0 20.0 9.0 20.0 8.0 19.0 9.0 19.0
1066 9.0 20.0 10.0 20.0 9.0 19.0 10.0 19.0
1067 10.0 20.0 11.0 20.0 10.0 19.0 11.0 19.0
1068 11.0 20.0 12.0 20.0 11.0 19.0 12.0 19.0
1069 12.0 20.0 13.0 20.0 12.0 19.0 13.0 19.0
1070 13.0 20.0 14.0 20.0 13.0 19.0 14.0 19.0
1071 14.0 20.0 15.0 20.0 14.0 19.0 15.0 19.0
1072 15.0 20.0 16.0 20.0 15.0 19.0 16.0 19.0
1073 16.0 20.0 17.0 20.0 16.0 19.0 17.0 19.0
1074 17.0 20.0 18.0 20.0 17.0 19.0 18.0 19.0
1075 18.0 20.0 19.0 20.0 18.0 19.0 19.0 19.0
1076 19.0 20.0 20.0 20.0 19.0 19.0 20.0 19.0
1077 20.0 20.0 21.0 20.0 20.0 19.0 21.0 19.0
1078 21.0 20.0 22.0 20.0 21.0 19.0 22.0 19.0
1079 22.0 20.0 23.0 20.0 22.0 19.0 23.0 19.0
1080 23.0 20.0 24.0 20.0 23.0 19.0 24.0 19.0
1081 24.0 20.0 25.0 20.0 24.0 19.0 25.0 19.0
1082 25.0 20.0 26.0 20.0 25.0 19.0 26.0 19.0
1083 26.0 20.0 27.0 20.0 26.0 19.0 27.0 19.0
1084 27.0 20.0 28.0 20.0 27.0 19.0 28.0 19.0
1085 28.0 20.0 29.0 20.0 28.0 19.0 29.0 19.0
1086 29.0 20.0 30.0 20.0 29.0 19.0 30.0 19.0
1087 30.0 20.0 31.0 20.0 30.0 19.0 31.0 19.0
1088 31.0 20.0 32.0 20.0 31.0 19.0 32.0 19.0
1089 32.0 20.0 33.0 20.0 32.0 19.0 33.0 19.0
1090 33.0 20.0 34.0 20.0 33.0 19.0 34.0 19.0
1091 34.0 20.0 35.0 20.0 34.0 19.0 35.0 19.0
1092 35.0 20.0 36.0 20.0 35.0 19.0 36.0 19.0
1093 36.0 20.0 37.0 20.0 36.0 19.0 37.0 19.0
1094 37.0 20.0 38.0 20.0 37.0 19.0 38.0 19.0
1095 38.0 20.0 39.0 20.0 38.0 19.0 39.0 19.0
1096 39.0 20.0 40.0 20.0 39.0 19.0 40.0 19.0
1097 40.0 20.0 41.0 20.0 40.0 19.0 41.0 19.0
1098 41.0 20.0 42.0 20.0 41.0 19.0 42.0 19.0
1099 42.0 20.0 43.0 20.0 42.0 19.0 43.0 19.0
1100 43.0 20.0 44.0 20.0 43.0 19.0 44.0 19.0
1101 0.0 19.0 1.0 19.0 0.0 18.0 1.0 18.0
1102 1.0 19.0 2.0 19.0 1.0 18.0 2.0 18.0
1103 2.0 19.0 3.0 19.0 2.0 18.0 3.0 18.0
1104 3.0 19.0 4.0 19.0 3.0 18.0 4.0 18.0
1105 4.0 19.0 5.0 19.0 4.0 18.0 5.0 18.0
1106 5.0 19.0 6.0 19.0 5.0 18.0 6.0 18.0
1107 6.0 19.0 7.0 19.0 6.0 18.0 7.0 18.0
1108 7.0 19.0 8.0 19.0 7.0 18.0 8.0 18.0
1109 8.0 19.0 9.0 19.0 8.0 18.0 9.0 18.0
1110 9.0 19.0 10.0 19.0 9.0 18.0 10.0 18.0
1111 10.0 19.0 11.0 19.0 10.0 18.0 11.0 18.0
1112 11.0 19.0 12.0 19.0 11.0 18.0 12.0 18.0
1113 12.0 19.0 13.0 19.0 12.0 18.0 13.0 18.0
1114 13.0 19.0 14.0 19.0 13.0 18.0 14.0 18.0
1115 14.0 19.0 15.0 19.0 14.0 18.0 15.0 18.0
1116 15.0 19.0 16.0 19.0 15.0 18.0 16.0 18.0
1117 16.0 19.0 17.0 19.0 16.0 18.0 17.0 18.0
1118 17.0 19.0 18.0 19.0 17.0 18.0 18.0 18.0
1119 18.0 19.0 19.0 19.0 18.0 18.0 19.0 18.0
1120 19.0 19.0 20.0 19.0 19.0 18.0 20.0 18.0
1121 20.0 19.0 21.0 19.0 20.0 18.0 21.0 18.0
1122 21.0 19.0 22.0 19.0 21.0 18.0 22.0 18.0
1123 22.0 19.0 23.0 19.0 22.0 18.0 23.0 18.0
1124 23.0 19.0 24.0 19.0 23.0 18.0 24.0 18.0
1125 24.0 19.0 25.0 19.0 24.0 18.0 25.0 18.0
1126 25.0 19.0 26.0 19.0 25.0 18.0 26.0 18.0
1127 26.0 19.0 27.0 19.0 26.0 18.0 27.0 18.0
1128 27.0 19.0 28.0 19.0 27.0 18.0 28.0 18.0
1129 28.0 19.0 29.0 19.0 28.0 18.0 29.0 18.0
1130 29.0 19.0 30.0 19.0 29.0 18.0 30.0 18.0
1131 30.0 19.0 31.0 19.0 30.0 18.0 31.0 18.0
1132 31.0 19.0 32.0 19.0 31.0 18.0 32.0 18.0
1133 32.0 19.0 33.0 19.0 32.0 18.0 33.0 18.0
1134 33.0 19.0 34.0 19.0 33.0 18.0 34.0 18.0
1135 34.0 19.0 35.0 19.0 34.0 18.0 35.0 18.0
1136 35.0 19.0 36.0 19.0 35.0 18.0 36.0 18.0
1137 36.0 19.0 37.0 19.0 36.0 18.0 37.0 18.0
1138 37.0 19.0 38.0 19.0 37.0 18.0 38.0 18.0
1139 38.0 19.0 39.0 19.0 38.0 18.0 39.0 18.0
1140 39.0 19.0 40.0 19.0 39.0 18.0 40.0 18.0
1141 40.0 19.0 41.0 19.0 40.0 18.0 41.0 18.0
1142 41.0 19.0 42.0 19.0 41.0 18.0 42.0 18.0
1143 42.0 19.0 43.0 19.0 42.0 18.0 43.0 18.0
1144 43.0 19.0 44.0 19.0 43.0 18.0 44.0 18.0
1145 0.0 18.0 1.0 18.0 0.0 17.0 1.0 17.0
1146 1.0 18.0 2.0 18.0 1.0 17.0 2.0 17.0
1147 2.0 18.0 3.0 18.0 2.0 17.0 3.0 17.0
1148 3.0 18.0 4.0 18.0 3.0 17.0 4.0 17.0
1149 4.0 18.0 5.0 18.0 4.0 17.0 5.0 17.0
1150 5.0 18.0 6.0 18.0 5.0 17.0 6.0 17.0
1151 6.0 18.0 7.0 18.0 6.0 17.0 7.0 17.0
1152 7.0 18.0 8.0 18.0 7.0 17.0 8.0 17.0
1153 8.0 18.0 9.0 18.0 8.0 17.0 9.0 17.0
1154 9.0 18.0 10.0 18.0 9.0 17.0 10.0 17.0
1155 10.0 18.0 11.0 18.0 10.0 17.0 11.0 17.0
1156 11.0 18.0 12.0 18.0 11.0 17.0 12.0 17.0
1157 12.0 18.0 13.0 18.0 12.0 17.0 13.0 17.0
1158 13.0 18.0 14.0 18.0 13.0 17.0 14.0 17.0
1159 14.0 18.0 15.0 18.0 14.0 17.0 15.0 17.0
1160 15.0 18.0 16.0 18.0 15.0 17.0 16.0 17.0
1161 16.0 18.0 17.0 18.0 16.0 17.0 17.0 17.0
1162 17.0 18.0 18.0 18.0 17.0 17.0 18.0 17.0
1163 18.0 18.0 19.0 18.0 18.0 17.0 19.0 17.0
1164 19.0 18.0 20.0 18.0 19.0 17.0 20.0 17.0
1165 20.0 18.0 21.0 18.0 20.0 17.0 21.0 17.0
1166 21.0 18.0 22.0 18.0 21.0 17.0 22.0 17.0
1167 22.0 18.0 23.0 18.0 22.0 17.0 23.0 17.0
1168 23.0 18.0 24.0 18.0 23.0 17.0 24.0 17.0
1169 24.0 18.0 25.0 18.0 24.0 17.0 25.0 17.0
1170 25.0 18.0 26.0 18.0 25.0 17.0 26.0 17.0
1171 26.0 18.0 27.0 18.0 26.0 17.0 27.0 17.0
1172 27.0 18.0 28.0 18.0 27.0 17.0 28.0 17.0
1173 28.0 18.0 29.0 18.0 28.0 17.0 29.0 17.0
1174 29.0 18.0 30.0 18.0 29.0 17.0 30.0 17.0
1175 30.0 18.0 31.0 18.0 30.0 17.0 31.0 17.0
1176 31.0 18.0 32.0 18.0 31.0 17.0 32.0 17.0
1177 32.0 18.0 33.0 18.0 32.0 17.0 33.0 17.0
1178 33.0 18.0 34.0 18.0 33.0 17.0 34.0 17.0
1179 34.0 18.0 35.0 18.0 34.0 17.0 35.0 17.0
1180 35.0 18.0 36.0 18.0 35.0 17.0 36.0 17.0
1181 36.0 18.0 37.0 18.0 36.0 17.0 37.0 17.0
1182 37.0 18.0 38.0 18.0 37.0 17.0 38.0 17.0
1183 38.0 18.0 39.0 18.0 38.0 17.0 39.0 17.0
1184 39.0 18.0 40.0 18.0 39.0 17.0 40.0 17.0
1185 40.0 18.0 41.0 18.0 40.0 17.0 41.0 17.0
1186 41.0 18.0 42.0 18.0 41.0 17.0 42.0 17.0
1187 42.0 18.0 43.0 18.0 42.0 17.0 43.0 17.0
1188 43.0 18.0 44.0 18.0 43.0 17.0 44.0 17.0
1189 0.0 17.0 1.0 17.0 0.0 16.0 1.0 16.0
1190 1.0 17.0 2.0 17.0 1.0 16.0 2.0 16.0
1191 2.0 17.0 3.0 17.0 2.0 16.0 3.0 16.0
1192 3.0 17.0 4.0 17.0 3.0 16.0 4.0 16.0
1193 4.0 17.0 5.0 17.0 4.0 16.0 5.0 16.0
1194 5.0 17.0 6.0 17.0 5.0 16.0 6.0 16.0
1195 6.0 17.0 7.0 17.0 6.0 16.0 7.0 16.0
1196 7.0 17.0 8.0 17.0 7.0 16.0 8.0 16.0
1197 8.0 17.0 9.0 17.0 8.0 16.0 9.0 16.0
1198 9.0 17.0 10.0 17.0 9.0 16.0 10.0 16.0
1199 10.0 17.0 11.0 17.0 10.0 16.0 11.0 16.0
1200 11.0 17.0 12.0 17.0 11.0 16.0 12.0 16.0
1201 12.0 17.0 13.0 17.0 12.0 16.0 13.0 16.0
1202 13.0 17.0 14.0 17.0 13.0 16.0 14.0 16.0
1203 14.0 17.0 15.0 17.0 14.0 16.0 15.0 16.0
1204 15.0 17.0 16.0 17.0 15.0 16.0 16.0 16.0
1205 16.0 17.0 17.0 17.0 16.0 16.0 17.0 16.0
1206 17.0 17.0 18.0 17.0 17.0 16.0 18.0 16.0
1207 18.0 17.0 19.0 17.0 18.0 16.0 19.0 16.0
1208 19.0 17.0 20.0 17.0 19.0 16.0 20.0 16.0
1209 20.0 17.0 21.0 17.0 20.0 16.0 21.0 16.0
1210 21.0 17.0 22.0 17.0 21.0 16.0 22.0 16.0
1211 22.0 17.0 23.0 17.0 22.0 16.0 23.0 16.0
1212 23.0 17.0 24.0 17.0 23.0 16.0 24.0 16.0
1213 24.0 17.0 25.0 17.0 24.0 16.0 25.0 16.0
1214 25.0 17.0 26.0 17.0 25.0 16.0 26.0 16.0
1215 26.0 17.0 27.0 17.0 26.0 16.0 27.0 16.0
1216 27.0 17.0 28.0 17.0 27.0 16.0 28.0 16.0
1217 28.0 17.0 29.0 17.0 28.0 16.0 29.0 16.0
1218 29.0 17.0 30.0 17.0 29.0 16.0 30.0 16.0
1219 30.0 17.0 31.0 17.0 30.0 16.0 31.0 16.0
1220 31.0 17.0 32.0 17.0 31.0 16.0 32.0 16.0
1221 32.0 17.0 33.0 17.0 32.0 16.0 33.0 16.0
1222 33.0 17.0 34.0 17.0 33.0 16.0 34.0 16.0
1223 34.0 17.0 35.0 17.0 34.0 16.0 35.0 16.0
1224 35.0 17.0 36.0 17.0 35.0 16.0 36.0 16.0
1225 36.0 17.0 37.0 17.0 36.0 16.0 37.0 16.0
1226 37.0 17.0 38.0 17.0 37.0 16.0 38.0 16.0
1227 38.0 17.0 39.0 17.0 38.0 16.0 39.0 16.0
1228 39.0 17.0 40.0 17.0 39.0 16.0 40.0 16.0
1229 40.0 17.0 41.0 17.0 40.0 16.0 41.0 16.0
1230 41.0 17.0 42.0 17.0 41.0 16.0 42.0 16.0
1231 42.0 17.0 43.0 17.0 42.0 16.0 43.0 16.0
1232 43.0 17.0 44.0 17.0 43.0 16.0 44.0 16.0
1233 0.0 16.0 1.0 16.0 0.0 15.0 1.0 15.0
1234 1.0 16.0 2.0 16.0 1.0 15.0 2.0 15.0
1235 2.0 16.0 3.0 16.0 2.0 15.0 3.0 15.0
1236 3.0 16.0 4.0 16.0 3.0 15.0 4.0 15.0
1237 4.0 16.0 5.0 16.0 4.0 15.0 5.0 15.0
1238 5.0 16.0 6.0 16.0 5.0 15.0 6.0 15.0
1239 6.0 16.0 7.0 16.0 6.0 15.0 7.0 15.0
1240 7.0 16.0 8.0 16.0 7.0 15.0 8.0 15.0
1241 8.0 16.0 9.0 16.0 8.0 15.0 9.0 15.0
1242 9.0 16.0 10.0 16.0 9.0 15.0 10.0 15.0
1243 10.0 16.0 11.0 16.0 10.0 15.0 11.0 15.0
1244 11.0 16.0 12.0 16.0 11.0 15.0 12.0 15.0
1245 12.0 16.0 13.0 16.0 12.0 15.0 13.0 15.0
1246 13.0 16.0 14.0 16.0 13.0 15.0 14.0 15.0
1247 14.0 16.0 15.0 16.0 14.0 15.0 15.0 15.0
1248 15.0 16.0 16.0 16.0 15.0 15.0 16.0 15.0
1249 16.0 16.0 17.0 16.0 16.0 15.0 17.0 15.0
1250 17.0 16.0 18.0 16.0 17.0 15.0 18.0 15.0
1251 18.0 16.0 19.0 16.0 18.0 15.0 19.0 15.0
1252 19.0 16.0 20.0 16.0 19.0 15.0 20.0 15.0
1253 20.0 16.0 21.0 16.0 20.0 15.0 21.0 15.0
1254 21.0 16.0 22.0 16.0 21.0 15.0 22.0 15.0
1255 22.0 16.0 23.0 16.0 22.0 15.0 23.0 15.0
1256 23.0 16.0 24.0 16.0 23.0 15.0 24.0 15.0
1257 24.0 16.0 25.0 16.0 24.0 15.0 25.0 15.0
1258 25.0 16.0 26.0 16.0 25.0 15.0 26.0 15.0
1259 26.0 16.0 27.0 16.0 26.0 15.0 27.0 15.0
1260 27.0 16.0 28.0 16.0 27.0 15.0 28.0 15.0
1261 28.0 16.0 29.0 16.0 28.0 15.0 29.0 15.0
1262 29.0 16.0 30.0 16.0 29.0 15.0 30.0 15.0
1263 30.0 16.0 31.0 16.0 30.0 15.0 31.0 15.0
1264 31.0 16.0 32.0 16.0 31.0 15.0 32.0 15.0
1265 32.0 16.0 33.0 16.0 32.0 15.0 33.0 15.0
1266 33.0 16.0 34.0 16.0 33.0 15.0 34.0 15.0
1267 34.0 16.0 35.0 16.0 34.0 15.0 35.0 15.0
1268 35.0 16.0 36.0 16.0 35.0 15.0 36.0 15.0
1269 36.0 16.0 37.0 16.0 36.0 15.0 37.0 15.0
1270 37.0 16.0 38.0 16.0 37.0 15.0 38.0 15.0
1271 38.0 16.0 39.0 16.0 38.0 15.0 39.0 15.0
1272 39.0 16.0 40.0 16.0 39.0 15.0 40.0 15.0
1273 40.0 16.0 41.0 16.0 40.0 15.0 41.0 15.0
1274 41.0 16.0 42.0 16.0 41.0 15.0 42.0 15.0
1275 42.0 16.0 43.0 16.0 42.0 15.0 43.0 15.0
1276 43.0 16.0 44.0 16.0 43.0 15.0 44.0 15.0
1277 0.0 15.0 1.0 15.0 0.0 14.0 1.0 14.0
1278 1.0 15.0 2.0 15.0 1.0 14.0 2.0 14.0
1279 2.0 15.0 3.0 15.0 2.0 14.0 3.0 14.0
1280 3.0 15.0 4.0 15.0 3.0 14.0 4.0 14.0
1281 4.0 15.0 5.0 15.0 4.0 14.0 5.0 14.0
1282 5.0 15.0 6.0 15.0 5.0 14.0 6.0 14.0
1283 6.0 15.0 7.0 15.0 6.0 14.0 7.0 14.0
1284 7.0 15.0 8.0 15.0 7.0 14.0 8.0 14.0
1285 8.0 15.0 9.0 15.0 8.0 14.0 9.0 14.0
1286 9.0 15.0 10.0 15.0 9.0 14.0 10.0 14.0
1287 10.0 15.0 11.0 15.0 10.0 14.0 11.0 14.0
1288 11.0 15.0 12.0 15.0 11.0 14.0 12.0 14.0
1289 12.0 15.0 13.0 15.0 12.0 14.0 13.0 14.0
1290 13.0 15.0 14.0 15.0 13.0 14.0 14.0 14.0
1291 14.0 15.0 15.0 15.0 14.0 14.0 15.0 14.0
1292 15.0 15.0 16.0 15.0 15.0 14.0 16.0 14.0
1293 16.0 15.0 17.0 15.0 16.0 14.0 17.0 14.0
1294 17.0 15.0 18.0 15.0 17.0 14.0 18.0 14.0
1295 18.0 15.0 19.0 15.0 18.0 14.0 19.0 14.0
1296 19.0 15.0 20.0 15.0 19.0 14.0 20.0 14.0
1297 20.0 15.0 21.0 15.0 20.0 14.0 21.0 14.0
1298 21.0 15.0 22.0 15.0 21.0 14.0 22.0 14.0
1299 22.0 15.0 23.0 15.0 22.0 14.0 23.0 14.0
1300 23.0 15.0 24.0 15.0 23.0 14.0 24.0 14.0
1301 24.0 15.0 25.0 15.0 24.0 14.0 25.0 14.0
1302 25.0 15.0 26.0 15.0 25.0 14.0 26.0 14.0
1303 26.0 15.0 27.0 15.0 26.0 14.0 27.0 14.0
1304 27.0 15.0 28.0 15.0 27.0 14.0 28.0 14.0
1305 28.0 15.0 29.0 15.0 28.0 14.0 29.0 14.0
1306 29.0 15.0 30.0 15.0 29.0 14.0 30.0 14.0
1307 30.0 15.0 31.0 15.0 30.0 14.0 31.0 14.0
1308 31.0 15.0 32.0 15.0 31.0 14.0 32.0 14.0
1309 32.0 15.0 33.0 15.0 32.0 14.0 33.0 14.0
1310 33.0 15.0 34.0 15.0 33.0 14.0 34.0 14.0
1311 34.0 15.0 35.0 15.0 34.0 14.0 35.0 14.0
1312 35.0 15.0 36.0 15.0 35.0 14.0 36.0 14.0
1313 36.0 15.0 37.0 15.0 36.0 14.0 37.0 14.0
1314 37.0 15.0 38.0 15.0 37.0 14.0 38.0 14.0
1315 38.0 15.0 39.0 15.0 38.0 14.0 39.0 14.0
1316 39.0 15.0 40.0 15.0 39.0 14.0 40.0 14.0
1317 40.0 15.0 41.0 15.0 40.0 14.0 41.0 14.0
1318 41.0 15.0 42.0 15.0 41.0 14.0 42.0 14.0
1319 42.0 15.0 43.0 15.0 42.0 14.0 43.0 14.0
1320 43.0 15.0 44.0 15.0 43.0 14.0 44.0 14.0
1321 0.0 14.0 1.0 14.0 0.0 13.0 1.0 13.0
1322 1.0 14.0 2.0 14.0 1.0 13.0 2.0 13.0
1323 2.0 14.0 3.0 14.0 2.0 13.0 3.0 13.0
1324 3.0 14.0 4.0 14.0 3.0 13.0 4.0 13.0
1325 4.0 14.0 5.0 14.0 4.0 13.0 5.0 13.0
1326 5.0 14.0 6.0 14.0 5.0 13.0 6.0 13.0
1327 6.0 14.0 7.0 14.0 6.0 13.0 7.0 13.0
1328 7.0 14.0 8.0 14.0 7.0 13.0 8.0 13.0
1329 8.0 14.0 9.0 14.0 8.0 13.0 9.0 13.0
1330 9.0 14.0 10.0 14.0 9.0 13.0 10.0 13.0
1331 10.0 14.0 11.0 14.0 10.0 13.0 11.0 13.0
1332 11.0 14.0 12.0 14.0 11.0 13.0 12.0 13.0
1333 12.0 14.0 13.0 14.0 12.0 13.0 13.0 13.0
1334 13.0 14.0 14.0 14.0 13.0 13.0 14.0 13.0
1335 14.0 14.0 15.0 14.0 14.0 13.0 15.0 13.0
1336 15.0 14.0 16.0 14.0 15.0 13.0 16.0 13.0
1337 16.0 14.0 17.0 14.0 16.0 13.0 17.0 13.0
1338 17.0 14.0 18.0 14.0 17.0 13.0 18.0 13.0
1339 18.0 14.0 19.0 14.0 18.0 13.0 19.0 13.0
1340 19.0 14.0 20.0 14.0 19.0 13.0 20.0 13.0
1341 20.0 14.0 21.0 14.0 20.0 13.0 21.0 13.0
1342 21.0 14.0 22.0 14.0 21.0 13.0 22.0 13.0
1343 22.0 14.0 23.0 14.0 22.0 13.0 23.0 13.0
1344 23.0 14.0 24.0 14.0 23.0 13.0 24.0 13.0
1345 24.0 14.0 25.0 14.0 24.0 13.0 25.0 13.0
1346 25.0 14.0 26.0 14.0 25.0 13.0 26.0 13.0
1347 26.0 14.0 27.0 14.0 26.0 13.0 27.0 13.0
1348 27.0 14.0 28.0 14.0 27.0 13.0 28.0 13.0
1349 28.0 14.0 29.0 14.0 28.0 13.0 29.0 13.0
1350 29.0 14.0 30.0 14.0 29.0 13.0 30.0 13.0
1351 30.0 14.0 31.0 14.0 30.0 13.0 31.0 13.0
1352 31.0 14.0 32.0 14.0 31.0 13.0 32.0 13.0
1353 32.0 14.0 33.0 14.0 32.0 13.0 33.0 13.0
1354 33.0 14.0 34.0 14.0 33.0 13.0 34.0 13.0
1355 34.0 14.0 35.0 14.0 34.0 13.0 35.0 13.0
1356 35.0 14.0 36.0 14.0 35.0 13.0 36.0 13.0
1357 36.0 14.0 37.0 14.0 36.0 13.0 37.0 13.0
1358 37.0 14.0 38.0 14.0 37.0 13.0 38.0 13.0
1359 38.0 14.0 39.0 14.0 38.0 13.0 39.0 13.0
1360 39.0 14.0 40.0 14.0 39.0 13.0 40.0 13.0
1361 40.0 14.0 41.0 14.0 40.0 13.0 41.0 13.0
1362 41.0 14.0 42.0 14.0 41.0 13.0 42.0 13.0
1363 42.0 14.0 43.0 14.0 42.0 13.0 43.0 13.0
1364 43.0 14.0 44.0 14.0 43.0 13.0 44.0 13.0
1365 0.0 13.0 1.0 13.0 0.0 12.0 1.0 12.0
1366 1.0 13.0 2.0 13.0 1.0 12.0 2.0 12.0
1367 2.0 13.0 3.0 13.0 2.0 12.0 3.0 12.0
1368 3.0 13.0 4.0 13.0 3.0 12.0 4.0 12.0
1369 4.0 13.0 5.0 13.0 4.0 12.0 5.0 12.0
1370 5.0 13.0 6.0 13.0 5.0 12.0 6.0 12.0
1371 6.0 13.0 7.0 13.0 6.0 12.0 7.0 12.0
1372 7.0 13.0 8.0 13.0 7.0 12.0 8.0 12.0
1373 8.0 13.0 9.0 13.0 8.0 12.0 9.0 12.0
1374 9.0 13.0 10.0 13.0 9.0 12.0 10.0 12.0
1375 10.0 13.0 11.0 13.0 10.0 12.0 11.0 12.0
1376 11.0 13.0 12.0 13.0 11.0 12.0 12.0 12.0
1377 12.0 13.0 13.0 13.0 12.0 12.0 13.0 12.0
1378 13.0 13.0 14.0 13.0 13.0 12.0 14.0 12.0
1379 14.0 13.0 15.0 13.0 14.0 12.0 15.0 12.0
1380 15.0 13.0 16.0 13.0 15.0 12.0 16.0 12.0
1381 16.0 13.0 17.0 13.0 16.0 12.0 17.0 12.0
1382 17.0 13.0 18.0 13.0 17.0 12.0 18.0 12.0
1383 18.0 13.0 19.0 13.0 18.0 12.0 19.0 12.0
1384 19.0 13.0 20.0 13.0 19.0 12.0 20.0 12.0
1385 20.0 13.0 21.0 13.0 20.0 12.0 21.0 12.0
1386 21.0 13.0 22.0 13.0 21.0 12.0 22.0 12.0
1387 22.0 13.0 23.0 13.0 22.0 12.0 23.0 12.0
1388 23.0 13.0 24.0 13.0 23.0 12.0 24.0 12.0
1389 24.0 13.0 25.0 13.0 24.0 12.0 25.0 12.0
1390 25.0 13.0 26.0 13.0 25.0 12.0 26.0 12.0
1391 26.0 13.0 27.0 13.0 26.0 12.0 27.0 12.0
1392 27.0 13.0 28.0 13.0 27.0 12.0 28.0 12.0
1393 28.0 13.0 29.0 13.0 28.0 12.0 29.0 12.0
1394 29.0 13.0 30.0 13.0 29.0 12.0 30.0 12.0
1395 30.0 13.0 31.0 13.0 30.0 12.0 31.0 12.0
1396 31.0 13.0 32.0 13.0 31.0 12.0 32.0 12.0
1397 32.0 13.0 33.0 13.0 32.0 12.0 33.0 12.0
1398 33.0 13.0 34.0 13.0 33.0 12.0 34.0 12.0
1399 34.0 13.0 35.0 13.0 34.0 12.0 35.0 12.0
1400 35.0 13.0 36.0 13.0 35.0 12.0 36.0 12.0
1401 36.0 13.0 37.0 13.0 36.0 12.0 37.0 12.0
1402 37.0 13.0 38.0 13.0 37.0 12.0 38.0 12.0
1403 38.0 13.0 39.0 13.0 38.0 12.0 39.0 12.0
1404 39.0 13.0 40.0 13.0 39.0 12.0 40.0 12.0
1405 40.0 13.0 41.0 13.0 40.0 12.0 41.0 12.0
1406 41.0 13.0 42.0 13.0 41.0 12.0 42.0 12.0
1407 42.0 13.0 43.0 13.0 42.0 12.0 43.0 12.0
1408 43.0 13.0 44.0 13.0 43.0 12.0 44.0 12.0
1409 0.0 12.0 1.0 12.0 0.0 11.0 1.0 11.0
1410 1.0 12.0 2.0 12.0 1.0 11.0 2.0 11.0
1411 2.0 12.0 3.0 12.0 2.0 11.0 3.0 11.0
1412 3.0 12.0 4.0 12.0 3.0 11.0 4.0 11.0
1413 4.0 12.0 5.0 12.0 4.0 11.0 5.0 11.0
1414 5.0 12.0 6.0 12.0 5.0 11.0 6.0 11.0
1415 6.0 12.0 7.0 12.0 6.0 11.0 7.0 11.0
1416 7.0 12.0 8.0 12.0 7.0 11.0 8.0 11.0
1417 8.0 12.0 9.0 12.0 8.0 11.0 9.0 11.0
1418 9.0 12.0 10.0 12.0 9.0 11.0 10.0 11.0
1419 10.0 12.0 11.0 12.0 10.0 11.0 11.0 11.0
1420 11.0 12.0 12.0 12.0 11.0 11.0 12.0 11.0
1421 12.0 12.0 13.0 12.0 12.0 11.0 13.0 11.0
1422 13.0 12.0 14.0 12.0 13.0 11.0 14.0 11.0
1423 14.0 12.0 15.0 12.0 14.0 11.0 15.0 11.0
1424 15.0 12.0 16.0 12.0 15.0 11.0 16.0 11.0
1425 16.0 12.0 17.0 12.0 16.0 11.0 17.0 11.0
1426 17.0 12.0 18.0 12.0 17.0 11.0 18.0 11.0
1427 18.0 12.0 19.0 12.0 18.0 11.0 19.0 11.0
1428 19.0 12.0 20.0 12.0 19.0 11.0 20.0 11.0
1429 20.0 12.0 21.0 12.0 20.0 11.0 21.0 11.0
1430 21.0 12.0 22.0 12.0 21.0 11.0 22.0 11.0
1431 22.0 12.0 23.0 12.0 22.0 11.0 23.0 11.0
1432 23.0 12.0 24.0 12.0 23.0 11.0 24.0 11.0
1433 24.0 12.0 25.0 12.0 24.0 11.0 25.0 11.0
1434 25.0 12.0 26.0 12.0 25.0 11.0 26.0 11.0
1435 26.0 12.0 27.0 12.0 26.0 11.0 27.0 11.0
1436 27.0 12.0 28.0 12.0 27.0 11.0 28.0 11.0
1437 28.0 12.0 29.0 12.0 28.0 11.0 29.0 11.0
1438 29.0 12.0 30.0 12.0 29.0 11.0 30.0 11.0
1439 30.0 12.0 31.0 12.0 30.0 11.0 31.0 11.0
1440 31.0 12.0 32.0 12.0 31.0 11.0 32.0 11.0
1441 32.0 12.0 33.0 12.0 32.0 11.0 33.0 11.0
1442 33.0 12.0 34.0 12.0 33.0 11.0 34.0 11.0
1443 34.0 12.0 35.0 12.0 34.0 11.0 35.0 11.0
1444 35.0 12.0 36.0 12.0 35.0 11.0 36.0 11.0
1445 36.0 12.0 37.0 12.0 36.0 11.0 37.0 11.0
1446 37.0 12.0 38.0 12.0 37.0 11.0 38.0 11.0
1447 38.0 12.0 39.0 12.0 38.0 11.0 39.0 11.0
1448 39.0 12.0 40.0 12.0 39.0 11.0 40.0 11.0
1449 40.0 12.0 41.0 12.0 40.0 11.0 41.0 11.0
1450 41.0 12.0 42.0 12.0 41.0 11.0 42.0 11.0
1451 42.0 12.0 43.0 12.0 42.0 11.0 43.0 11.0
1452 43.0 12.0 44.0 12.0 43.0 11.0 44.0 11.0
1453 0.0 11.0 1.0 11.0 0.0 10.0 1.0 10.0
1454 1.0 11.0 2.0 11.0 1.0 10.0 2.0 10.0
1455 2.0 11.0 3.0 11.0 2.0 10.0 3.0 10.0
1456 3.0 11.0 4.0 11.0 3.0 10.0 4.0 10.0
1457 4.0 11.0 5.0 11.0 4.0 10.0 5.0 10.0
1458 5.0 11.0 6.0 11.0 5.0 10.0 6.0 10.0
1459 6.0 11.0 7.0 11.0 6.0 10.0 7.0 10.0
1460 7.0 11.0 8.0 11.0 7.0 10.0 8.0 10.0
1461 8.0 11.0 9.0 11.0 8.0 10.0 9.0 10.0
1462 9.0 11.0 10.0 11.0 9.0 10.0 10.0 10.0
1463 10.0 11.0 11.0 11.0 10.0 10.0 11.0 10.0
1464 11.0 11.0 12.0 11.0 11.0 10.0 12.0 10.0
1465 12.0 11.0 13.0 11.0 12.0 10.0 13.0 10.0
1466 13.0 11.0 14.0 11.0 13.0 10.0 14.0 10.0
1467 14.0 11.0 15.0 11.0 14.0 10.0 15.0 10.0
1468 15.0 11.0 16.0 11.0 15.0 10.0 16.0 10.0
1469 16.0 11.0 17.0 11.0 16.0 10.0 17.0 10.0
1470 17.0 11.0 18.0 11.0 17.0 10.0 18.0 10.0
1471 18.0 11.0 19.0 11.0 18.0 10.0 19.0 10.0
1472 19.0 11.0 20.0 11.0 19.0 10.0 20.0 10.0
1473 20.0 11.0 21.0 11.0 20.0 10.0 21.0 10.0
1474 21.0 11.0 22.0 11.0 21.0 10.0 22.0 10.0
1475 22.0 11.0 23.0 11.0 22.0 10.0 23.0 10.0
1476 23.0 11.0 24.0 11.0 23.0 10.0 24.0 10.0
1477 24.0 11.0 25.0 11.0 24.0 10.0 25.0 10.0
1478 25.0 11.0 26.0 11.0 25.0 10.0 26.0 10.0
1479 26.0 11.0 27.0 11.0 26.0 10.0 27.0 10.0
1480 27.0 11.0 28.0 11.0 27.0 10.0 28.0 10.0
1481 28.0 11.0 29.0 11.0 28.0 10.0 29.0 10.0
1482 29.0 11.0 30.0 11.0 29.0 10.0 30.0 10.0
1483 30.0 11.0 31.0 11.0 30.0 10.0 31.0 10.0
1484 31.0 11.0 32.0 11.0 31.0 10.0 32.0 10.0
1485 32.0 11.0 33.0 11.0 32.0 10.0 33.0 10.0
1486 33.0 11.0 34.0 11.0 33.0 10.0 34.0 10.0
1487 34.0 11.0 35.0 11.0 34.0 10.0 35.0 10.0
1488 35.0 11.0 36.0 11.0 35.0 10.0 36.0 10.0
1489 36.0 11.0 37.0 11.0 36.0 10.0 37.0 10.0
1490 37.0 11.0 38.0 11.0 37.0 10.0 38.0 10.0
1491 38.0 11.0 39.0 11.0 38.0 10.0 39.0 10.0
1492 39.0 11.0 40.0 11.0 39.0 10.0 40.0 10.0
1493 40.0 11.0 41.0 11.0 40.0 10.0 41.0 10.0
1494 41.0 11.0 42.0 11.0 41.0 10.0 42.0 10.0
1495 42.0 11.0 43.0 11.0 42.0 10.0 43.0 10.0
1496 43.0 11.0 44.0 11.0 43.0 10.0 44.0 10.0
1497 0.0 10.0 1.0 10.0 0.0 9.0 1.0 9.0
1498 1.0 10.0 2.0 10.0 1.0 9.0 2.0 9.0
1499 2.0 10.0 3.0 10.0 2.0 9.0 3.0 9.0
1500 3.0 10.0 4.0 10.0 3.0 9.0 4.0 9.0
1501 4.0 10.0 5.0 10.0 4.0 9.0 5.0 9.0
1502 5.0 10.0 6.0 10.0 5.0 9.0 6.0 9.0
1503 6.0 10.0 7.0 10.0 6.0 9.0 7.0 9.0
1504 7.0 10.0 8.0 10.0 7.0 9.0 8.0 9.0
1505 8.0 10.0 9.0 10.0 8.0 9.0 9.0 9.0
1506 9.0 10.0 10.0 10.0 9.0 9.0 10.0 9.0
1507 10.0 10.0 11.0 10.0 10.0 9.0 11.0 9.0
1508 11.0 10.0 12.0 10.0 11.0 9.0 12.0 9.0
1509 12.0 10.0 13.0 10.0 12.0 9.0 13.0 9.0
1510 13.0 10.0 14.0 10.0 13.0 9.0 14.0 9.0
1511 14.0 10.0 15.0 10.0 14.0 9.0 15.0 9.0
1512 15.0 10.0 16.0 10.0 15.0 9.0 16.0 9.0
1513 16.0 10.0 17.0 10.0 16.0 9.0 17.0 9.0
1514 17.0 10.0 18.0 10.0 17.0 9.0 18.0 9.0
1515 18.0 10.0 19.0 10.0 18.0 9.0 19.0 9.0
1516 19.0 10.0 20.0 10.0 19.0 9.0 20.0 9.0
1517 20.0 10.0 21.0 10.0 20.0 9.0 21.0 9.0
1518 21.0 10.0 22.0 10.0 21.0 9.0 22.0 9.0
1519 22.0 10.0 23.0 10.0 22.0 9.0 23.0 9.0
1520 23.0 10.0 24.0 10.0 23.0 9.0 24.0 9.0
1521 24.0 10.0 25.0 10.0 24.0 9.0 25.0 9.0
1522 25.0 10.0 26.0 10.0 25.0 9.0 26.0 9.0
1523 26.0 10.0 27.0 10.0 26.0 9.0 27.0 9.0
1524 27.0 10.0 28.0 10.0 27.0 9.0 28.0 9.0
1525 28.0 10.0 29.0 10.0 28.0 9.0 29.0 9.0
1526 29.0 10.0 30.0 10.0 29.0 9.0 30.0 9.0
1527 30.0 10.0 31.0 10.0 30.0 9.0 31.0 9.0
1528 31.0 10.0 32.0 10.0 31.0 9.0 32.0 9.0
1529 32.0 10.0 33.0 10.0 32.0 9.0 33.0 9.0
1530 33.0 10.0 34.0 10.0 33.0 9.0 34.0 9.0
1531 34.0 10.0 35.0 10.0 34.0 9.0 35.0 9.0
1532 35.0 10.0 36.0 10.0 35.0 9.0 36.0 9.0
1533 36.0 10.0 37.0 10.0 36.0 9.0 37.0 9.0
1534 37.0 10.0 38.0 10.0 37.0 9.0 38.0 9.0
1535 38.0 10.0 39.0 10.0 38.0 9.0 39.0 9.0
1536 39.0 10.0 40.0 10.0 39.0 9.0 40.0 9.0
1537 40.0 10.0 41.0 10.0 40.0 9.0 41.0 9.0
1538 41.0 10.0 42.0 10.0 41.0 9.0 42.0 9.0
1539 42.0 10.0 43.0 10.0 42.0 9.0 43.0 9.0
1540 43.0 10.0 44.0 10.0 43.0 9.0 44.0 9.0
1541 0.0 9.0 1.0 9.0 0.0 8.0 1.0 8.0
1542 1.0 9.0 2.0 9.0 1.0 8.0 2.0 8.0
1543 2.0 9.0 3.0 9.0 2.0 8.0 3.0 8.0
1544 3.0 9.0 4.0 9.0 3.0 8.0 4.0 8.0
1545 4.0 9.0 5.0 9.0 4.0 8.0 5.0 8.0
1546 5.0 9.0 6.0 9.0 5.0 8.0 6.0 8.0
1547 6.0 9.0 7.0 9.0 6.0 8.0 7.0 8.0
1548 7.0 9.0 8.0 9.0 7.0 8.0 8.0 8.0
1549 8.0 9.0 9.0 9.0 8.0 8.0 9.0 8.0
1550 9.0 9.0 10.0 9.0 9.0 8.0 10.0 8.0
1551 10.0 9.0 11.0 9.0 10.0 8.0 11.0 8.0
1552 11.0 9.0 12.0 9.0 11.0 8.0 12.0 8.0
1553 12.0 9.0 13.0 9.0 12.0 8.0 13.0 8.0
1554 13.0 9.0 14.0 9.0 13.0 8.0 14.0 8.0
1555 14.0 9.0 15.0 9.0 14.0 8.0 15.0 8.0
1556 15.0 9.0 16.0 9.0 15.0 8.0 16.0 8.0
1557 16.0 9.0 17.0 9.0 16.0 8.0 17.0 8.0
1558 17.0 9.0 18.0 9.0 17.0 8.0 18.0 8.0
1559 18.0 9.0 19.0 9.0 18.0 8.0 19.0 8.0
1560 19.0 9.0 20.0 9.0 19.0 8.0 20.0 8.0
1561 20.0 9.0 21.0 9.0 20.0 8.0 21.0 8.0
1562 21.0 9.0 22.0 9.0 21.0 8.0 22.0 8.0
1563 22.0 9.0 23.0 9.0 22.0 8.0 23.0 8.0
1564 23.0 9.0 24.0 9.0 23.0 8.0 24.0 8.0
1565 24.0 9.0 25.0 9.0 24.0 8.0 25.0 8.0
1566 25.0 9.0 26.0 9.0 25.0 8.0 26.0 8.0
1567 26.0 9.0 27.0 9.0 26.0 8.0 27.0 8.0
1568 27.0 9.0 28.0 9.0 27.0 8.0 28.0 8.0
1569 28.0 9.0 29.0 9.0 28.0 8.0 29.0 8.0
1570 29.0 9.0 30.0 9.0 29.0 8.0 30.0 8.0
1571 30.0 9.0 31.0 9.0 30.0 8.0 31.0 8.0
1572 31.0 9.0 32.0 9.0 31.0 8.0 32.0 8.0
1573 32.0 9.0 33.0 9.0 32.0 8.0 33.0 8.0
1574 33.0 9.0 34.0 9.0 33.0 8.0 34.0 8.0
1575 34.0 9.0 35.0 9.0 34.0 8.0 35.0 8.0
1576 35.0 9.0 36.0 9.0 35.0 8.0 36.0 8.0
1577 36.0 9.0 37.0 9.0 36.0 8.0 37.0 8.0
1578 37.0 9.0 38.0 9.0 37.0 8.0 38.0 8.0
1579 38.0 9.0 39.0 9.0 38.0 8.0 39.0 8.0
1580 39.0 9.0 40.0 9.0 39.0 8.0 40.0 8.0
1581 40.0 9.0 41.0 9.0 40.0 8.0 41.0 8.0
1582 41.0 9.0 42.0 9.0 41.0 8.0 42.0 8.0
1583 42.0 9.0 43.0 9.0 42.0 8.0 43.0 8.0
1584 43.0 9.0 44.0 9.0 43.0 8.0 44.0 8.0
1585 0.0 8.0 1.0 8.0 0.0 7.0 1.0 7.0
1586 1.0 8.0 2.0 8.0 1.0 7.0 2.0 7.0
1587 2.0 8.0 3.0 8.0 2.0 7.0 3.0 7.0
1588 3.0 8.0 4.0 8.0 3.0 7.0 4.0 7.0
1589 4.0 8.0 5.0 8.0 4.0 7.0 5.0 7.0
1590 5.0 8.0 6.0 8.0 5.0 7.0 6.0 7.0
1591 6.0 8.0 7.0 8.0 6.0 7.0 7.0 7.0
1592 7.0 8.0 8.0 8.0 7.0 7.0 8.0 7.0
1593 8.0 8.0 9.0 8.0 8.0 7.0 9.0 7.0
1594 9.0 8.0 10.0 8.0 9.0 7.0 10.0 7.0
1595 10.0 8.0 11.0 8.0 10.0 7.0 11.0 7.0
1596 11.0 8.0 12.0 8.0 11.0 7.0 12.0 7.0
1597 12.0 8.0 13.0 8.0 12.0 7.0 13.0 7.0
1598 13.0 8.0 14.0 8.0 13.0 7.0 14.0 7.0
1599 14.0 8.0 15.0 8.0 14.0 7.0 15.0 7.0
1600 15.0 8.0 16.0 8.0 15.0 7.0 16.0 7.0
1601 16.0 8.0 17.0 8.0 16.0 7.0 17.0 7.0
1602 17.0 8.0 18.0 8.0 17.0 7.0 18.0 7.0
1603 18.0 8.0 19.0 8.0 18.0 7.0 19.0 7.0
1604 19.0 8.0 20.0 8.0 19.0 7.0 20.0 7.0
1605 20.0 8.0 21.0 8.0 20.0 7.0 21.0 7.0
1606 21.0 8.0 22.0 8.0 21.0 7.0 22.0 7.0
1607 22.0 8.0 23.0 8.0 22.0 7.0 23.0 7.0
1608 23.0 8.0 24.0 8.0 23.0 7.0 24.0 7.0
1609 24.0 8.0 25.0 8.0 24.0 7.0 25.0 7.0
1610 25.0 8.0 26.0 8.0 25.0 7.0 26.0 7.0
1611 26.0 8.0 27.0 8.0 26.0 7.0 27.0 7.0
1612 27.0 8.0 28.0 8.0 27.0 7.0 28.0 7.0
1613 28.0 8.0 29.0 8.0 28.0 7.0 29.0 7.0
1614 29.0 8.0 30.0 8.0 29.0 7.0 30.0 7.0
1615 30.0 8.0 31.0 8.0 30.0 7.0 31.0 7.0
1616 31.0 8.0 32.0 8.0 31.0 7.0 32.0 7.0
1617 32.0 8.0 33.0 8.0 32.0 7.0 33.0 7.0
1618 33.0 8.0 34.0 8.0 33.0 7.0 34.0 7.0
1619 34.0 8.0 35.0 8.0 34.0 7.0 35.0 7.0
1620 35.0 8.0 36.0 8.0 35.0 7.0 36.0 7.0
1621 36.0 8.0 37.0 8.0 36.0 7.0 37.0 7.0
1622 37.0 8.0 38.0 8.0 37.0 7.0 38.0 7.0
1623 38.0 8.0 39.0 8.0 38.0 7.0 39.0 7.0
1624 39.0 8.0 40.0 8.0 39.0 7.0 40.0 7.0
1625 40.0 8.0 41.0 8.0 40.0 7.0 41.0 7.0
1626 41.0 8.0 42.0 8.0 41.0 7.0 42.0 7.0
1627 42.0 8.0 43.0 8.0 42.0 7.0 43.0 7.0
1628 43.0 8.0 44.0 8.0 43.0 7.0 44.0 7.0
1629 0.0 7.0 1.0 7.0 0.0 6.0 1.0 6.0
1630 1.0 7.0 2.0 7.0 1.0 6.0 2.0 6.0
1631 2.0 7.0 3.0 7.0 2.0 6.0 3.0 6.0
1632 3.0 7.0 4.0 7.0 3.0 6.0 4.0 6.0
1633 4.0 7.0 5.0 7.0 4.0 6.0 5.0 6.0
1634 5.0 7.0 6.0 7.0 5.0 6.0 6.0 6.0
1635 6.0 7.0 7.0 7.0 6.0 6.0 7.0 6.0
1636 7.0 7.0 8.0 7.0 7.0 6.0 8.0 6.0
1637 8.0 7.0 9.0 7.0 8.0 6.0 9.0 6.0
1638 9.0 7.0 10.0 7.0 9.0 6.0 10.0 6.0
1639 10.0 7.0 11.0 7.0 10.0 6.0 11.0 6.0
1640 11.0 7.0 12.0 7.0 11.0 6.0 12.0 6.0
1641 12.0 7.0 13.0 7.0 12.0 6.0 13.0 6.0
1642 13.0 7.0 14.0 7.0 13.0 6.0 14.0 6.0
1643 14.0 7.0 15.0 7.0 14.0 6.0 15.0 6.0
1644 15.0 7.0 16.0 7.0 15.0 6.0 16.0 6.0
1645 16.0 7.0 17.0 7.0 16.0 6.0 17.0 6.0
1646 17.0 7.0 18.0 7.0 17.0 6.0 18.0 6.0
1647 18.0 7.0 19.0 7.0 18.0 6.0 19.0 6.0
1648 19.0 7.0 20.0 7.0 19.0 6.0 20.0 6.0
1649 20.0 7.0 21.0 7.0 20.0 6.0 21.0 6.0
1650 21.0 7.0 22.0 7.0 21.0 6.0 22.0 6.0
1651 22.0 7.0 23.0 7.0 22.0 6.0 23.0 6.0
1652 23.0 7.0 24.0 7.0 23.0 6.0 24.0 6.0
1653 24.0 7.0 25.0 7.0 24.0 6.0 25.0 6.0
1654 25.0 7.0 26.0 7.0 25.0 6.0 26.0 6.0
1655 26.0 7.0 27.0 7.0 26.0 6.0 27.0 6.0
1656 27.0 7.0 28.0 7.0 27.0 6.0 28.0 6.0
1657 28.0 7.0 29.0 7.0 28.0 6.0 29.0 6.0
1658 29.0 7.0 30.0 7.0 29.0 6.0 30.0 6.0
1659 30.0 7.0 31.0 7.0 30.0 6.0 31.0 6.0
1660 31.0 7.0 32.0 7.0 31.0 6.0 32.0 6.0
1661 32.0 7.0 33.0 7.0 32.0 6.0 33.0 6.0
1662 33.0 7.0 34.0 7.0 33.0 6.0 34.0 6.0
1663 34.0 7.0 35.0 7.0 34.0 6.0 35.0 6.0
1664 35.0 7.0 36.0 7.0 35.0 6.0 36.0 6.0
1665 36.0 7.0 37.0 7.0 36.0 6.0 37.0 6.0
1666 37.0 7.0 38.0 7.0 37.0 6.0 38.0 6.0
1667 38.0 7.0 39.0 7.0 38.0 6.0 39.0 6.0
1668 39.0 7.0 40.0 7.0 39.0 6.0 40.0 6.0
1669 40.0 7.0 41.0 7.0 40.0 6.0 41.0 6.0
1670 41.0 7.0 42.0 7.0 41.0 6.0 42.0 6.0
1671 42.0 7.0 43.0 7.0 42.0 6.0 43.0 6.0
1672 43.0 7.0 44.0 7.0 43.0 6.0 44.0 6.0
1673 0.0 6.0 1.0 6.0 0.0 5.0 1.0 5.0
1674 1.0 6.0 2.0 6.0 1.0 5.0 2.0 5.0
1675 2.0 6.0 3.0 6.0 2.0 5.0 3.0 5.0
1676 3.0 6.0 4.0 6.0 3.0 5.0 4.0 5.0
1677 4.0 6.0 5.0 6.0 4.0 5.0 5.0 5.0
1678 5.0 6.0 6.0 6.0 5.0 5.0 6.0 5.0
1679 6.0 6.0 7.0 6.0 6.0 5.0 7.0 5.0
1680 7.0 6.0 8.0 6.0 7.0 5.0 8.0 5.0
1681 8.0 6.0 9.0 6.0 8.0 5.0 9.0 5.0
1682 9.0 6.0 10.0 6.0 9.0 5.0 10.0 5.0
1683 10.0 6.0 11.0 6.0 10.0 5.0 11.0 5.0
1684 11.0 6.0 12.0 6.0 11.0 5.0 12.0 5.0
1685 12.0 6.0 13.0 6.0 12.0 5.0 13.0 5.0
1686 13.0 6.0 14.0 6.0 13.0 5.0 14.0 5.0
1687 14.0 6.0 15.0 6.0 14.0 5.0 15.0 5.0
1688 15.0 6.0 16.0 6.0 15.0 5.0 16.0 5.0
1689 16.0 6.0 17.0 6.0 16.0 5.0 17.0 5.0
1690 17.0 6.0 18.0 6.0 17.0 5.0 18.0 5.0
1691 18.0 6.0 19.0 6.0 18.0 5.0 19.0 5.0
1692 19.0 6.0 20.0 6.0 19.0 5.0 20.0 5.0
1693 20.0 6.0 21.0 6.0 20.0 5.0 21.0 5.0
1694 21.0 6.0 22.0 6.0 21.0 5.0 22.0 5.0
1695 22.0 6.0 23.0 6.0 22.0 5.0 23.0 5.0
1696 23.0 6.0 24.0 6.0 23.0 5.0 24.0 5.0
1697 24.0 6.0 25.0 6.0 24.0 5.0 25.0 5.0
1698 25.0 6.0 26.0 6.0 25.0 5.0 26.0 5.0
1699 26.0 6.0 27.0 6.0 26.0 5.0 27.0 5.0
1700 27.0 6.0 28.0 6.0 27.0 5.0 28.0 5.0
1701 28.0 6.0 29.0 6.0 28.0 5.0 29.0 5.0
1702 29.0 6.0 30.0 6.0 29.0 5.0 30.0 5.0
1703 30.0 6.0 31.0 6.0 30.0 5.0 31.0 5.0
1704 31.0 6.0 32.0 6.0 31.0 5.0 32.0 5.0
1705 32.0 6.0 33.0 6.0 32.0 5.0 33.0 5.0
1706 33.0 6.0 34.0 6.0 33.0 5.0 34.0 5.0
1707 34.0 6.0 35.0 6.0 34.0 5.0 35.0 5.0
1708 35.0 6.0 36.0 6.0 35.0 5.0 36.0 5.0
1709 36.0 6.0 37.0 6.0 36.0 5.0 37.0 5.0
1710 37.0 6.0 38.0 6.0 37.0 5.0 38.0 5.0
1711 38.0 6.0 39.0 6.0 38.0 5.0 39.0 5.0
1712 39.0 6.0 40.0 6.0 39.0 5.0 40.0 5.0
1713 40.0 6.0 41.0 6.0 40.0 5.0 41.0 5.0
1714 41.0 6.0 42.0 6.0 41.0 5.0 42.0 5.0
1715 42.0 6.0 43.0 6.0 42.0 5.0 43.0 5.0
1716 43.0 6.0 44.0 6.0 43.0 5.0 44.0 5.0
1717 0.0 5.0 1.0 5.0 0.0 4.0 1.0 4.0
1718 1.0 5.0 2.0 5.0 1.0 4.0 2.0 4.0
1719 2.0 5.0 3.0 5.0 2.0 4.0 3.0 4.0
1720 3.0 5.0 4.0 5.0 3.0 4.0 4.0 4.0
1721 4.0 5.0 5.0 5.0 4.0 4.0 5.0 4.0
1722 5.0 5.0 6.0 5.0 5.0 4.0 6.0 4.0
1723 6.0 5.0 7.0 5.0 6.0 4.0 7.0 4.0
1724 7.0 5.0 8.0 5.0 7.0 4.0 8.0 4.0
1725 8.0 5.0 9.0 5.0 8.0 4.0 9.0 4.0
1726 9.0 5.0 10.0 5.0 9.0 4.0 10.0 4.0
1727 10.0 5.0 11.0 5.0 10.0 4.0 11.0 4.0
1728 11.0 5.0 12.0 5.0 11.0 4.0 12.0 4.0
1729 12.0 5.0 13.0 5.0 12.0 4.0 13.0 4.0
1730 13.0 5.0 14.0 5.0 13.0 4.0 14.0 4.0
1731 14.0 5.0 15.0 5.0 14.0 4.0 15.0 4.0
1732 15.0 5.0 16.0 5.0 15.0 4.0 16.0 4.0
1733 16.0 5.0 17.0 5.0 16.0 4.0 17.0 4.0
1734 17.0 5.0 18.0 5.0 17.0 4.0 18.0 4.0
1735 18.0 5.0 19.0 5.0 18.0 4.0 19.0 4.0
1736 19.0 5.0 20.0 5.0 19.0 4.0 20.0 4.0
1737 20.0 5.0 21.0 5.0 20.0 4.0 21.0 4.0
1738 21.0 5.0 22.0 5.0 21.0 4.0 22.0 4.0
1739 22.0 5.0 23.0 5.0 22.0 4.0 23.0 4.0
1740 23.0 5.0 24.0 5.0 23.0 4.0 24.0 4.0
1741 24.0 5.0 25.0 5.0 24.0 4.0 25.0 4.0
1742 25.0 5.0 26.0 5.0 25.0 4.0 26.0 4.0
1743 26.0 5.0 27.0 5.0 26.0 4.0 27.0 4.0
1744 27.0 5.0 28.0 5.0 27.0 4.0 28.0 4.0
1745 28.0 5.0 29.0 5.0 28.0 4.0 29.0 4.0
1746 29.0 5.0 30.0 5.0 29.0 4.0 30.0 4.0
1747 30.0 5.0 31.0 5.0 30.0 4.0 31.0 4.0
1748 31.0 5.0 32.0 5.0 31.0 4.0 32.0 4.0
1749 32.0 5.0 33.0 5.0 32.0 4.0 33.0 4.0
1750 33.0 5.0 34.0 5.0 33.0 4.0 34.0 4.0
1751 34.0 5.0 35.0 5.0 34.0 4.0 35.0 4.0
1752 35.0 5.0 36.0 5.0 35.0 4.0 36.0 4.0
1753 36.0 5.0 37.0 5.0 36.0 4.0 37.0 4.0
1754 37.0 5.0 38.0 5.0 37.0 4.0 38.0 4.0
1755 38.0 5.0 39.0 5.0 38.0 4.0 39.0 4.0
1756 39.0 5.0 40.0 5.0 39.0 4.0 40.0 4.0
1757 40.0 5.0 41.0 5.0 40.0 4.0 41.0 4.0
1758 41.0 5.0 42.0 5.0 41.0 4.0 42.0 4.0
1759 42.0 5.0 43.0 5.0 42.0 4.0 43.0 4.0
1760 43.0 5.0 44.0 5.0 43.0 4.0 44.0 4.0
1761 0.0 4.0 1.0 4.0 0.0 3.0 1.0 3.0
1762 1.0 4.0 2.0 4.0 1.0 3.0 2.0 3.0
1763 2.0 4.0 3.0 4.0 2.0 3.0 3.0 3.0
1764 3.0 4.0 4.0 4.0 3.0 3.0 4.0 3.0
1765 4.0 4.0 5.0 4.0 4.0 3.0 5.0 3.0
1766 5.0 4.0 6.0 4.0 5.0 3.0 6.0 3.0
1767 6.0 4.0 7.0 4.0 6.0 3.0 7.0 3.0
1768 7.0 4.0 8.0 4.0 7.0 3.0 8.0 3.0
1769 8.0 4.0 9.0 4.0 8.0 3.0 9.0 3.0
1770 9.0 4.0 10.0 4.0 9.0 3.0 10.0 3.0
1771 10.0 4.0 11.0 4.0 10.0 3.0 11.0 3.0
1772 11.0 4.0 12.0 4.0 11.0 3.0 12.0 3.0
1773 12.0 4.0 13.0 4.0 12.0 3.0 13.0 3.0
1774 13.0 4.0 14.0 4.0 13.0 3.0 14.0 3.0
1775 14.0 4.0 15.0 4.0 14.0 3.0 15.0 3.0
1776 15.0 4.0 16.0 4.0 15.0 3.0 16.0 3.0
1777 16.0 4.0 17.0 4.0 16.0 3.0 17.0 3.0
1778 17.0 4.0 18.0 4.0 17.0 3.0 18.0 3.0
1779 18.0 4.0 19.0 4.0 18.0 3.0 19.0 3.0
1780 19.0 4.0 20.0 4.0 19.0 3.0 20.0 3.0
1781 20.0 4.0 21.0 4.0 20.0 3.0 21.0 3.0
1782 21.0 4.0 22.0 4.0 21.0 3.0 22.0 3.0
1783 22.0 4.0 23.0 4.0 22.0 3.0 23.0 3.0
1784 23.0 4.0 24.0 4.0 23.0 3.0 24.0 3.0
1785 24.0 4.0 25.0 4.0 24.0 3.0 25.0 3.0
1786 25.0 4.0 26.0 4.0 25.0 3.0 26.0 3.0
1787 26.0 4.0 27.0 4.0 26.0 3.0 27.0 3.0
1788 27.0 4.0 28.0 4.0 27.0 3.0 28.0 3.0
1789 28.0 4.0 29.0 4.0 28.0 3.0 29.0 3.0
1790 29.0 4.0 30.0 4.0 29.0 3.0 30.0 3.0
1791 30.0 4.0 31.0 4.0 30.0 3.0 31.0 3.0
1792 31.0 4.0 32.0 4.0 31.0 3.0 32.0 3.0
1793 32.0 4.0 33.0 4.0 32.0 3.0 33.0 3.0
1794 33.0 4.0 34.0 4.0 33.0 3.0 34.0 3.0
1795 34.0 4.0 35.0 4.0 34.0 3.0 35.0 3.0
1796 35.0 4.0 36.0 4.0 35.0 3.0 36.0 3.0
1797 36.0 4.0 37.0 4.0 36.0 3.0 37.0 3.0
1798 37.0 4.0 38.0 4.0 37.0 3.0 38.0 3.0
1799 38.0 4.0 39.0 4.0 38.0 3.0 39.0 3.0
1800 39.0 4.0 40.0 4.0 39.0 3.0 40.0 3.0
1801 40.0 4.0 41.0 4.0 40.0 3.0 41.0 3.0
1802 41.0 4.0 42.0 4.0 41.0 3.0 42.0 3.0
1803 42.0 4.0 43.0 4.0 42.0 3.0 43.0 3.0
1804 43.0 4.0 44.0 4.0 43.0 3.0 44.0 3.0
1805 0.0 3.0 1.0 3.0 0.0 2.0 1.0 2.0
1806 1.0 3.0 2.0 3.0 1.0 2.0 2.0 2.0
1807 2.0 3.0 3.0 3.0 2.0 2.0 3.0 2.0
1808 3.0 3.0 4.0 3.0 3.0 2.0 4.0 2.0
1809 4.0 3.0 5.0 3.0 4.0 2.0 5.0 2.0
1810 5.0 3.0 6.0 3.0 5.0 2.0 6.0 2.0
1811 6.0 3.0 7.0 3.0 6.0 2.0 7.0 2.0
1812 7.0 3.0 8.0 3.0 7.0 2.0 8.0 2.0
1813 8.0 3.0 9.0 3.0 8.0 2.0 9.0 2.0
1814 9.0 3.0 10.0 3.0 9.0 2.0 10.0 2.0
1815 10.0 3.0 11.0 3.0 10.0 2.0 11.0 2.0
1816 11.0 3.0 12.0 3.0 11.0 2.0 12.0 2.0
1817 12.0 3.0 13.0 3.0 12.0 2.0 13.0 2.0
1818 13.0 3.0 14.0 3.0 13.0 2.0 14.0 2.0
1819 14.0 3.0 15.0 3.0 14.0 2.0 15.0 2.0
1820 15.0 3.0 16.0 3.0 15.0 2.0 16.0 2.0
1821 16.0 3.0 17.0 3.0 16.0 2.0 17.0 2.0
1822 17.0 3.0 18.0 3.0 17.0 2.0 18.0 2.0
1823 18.0 3.0 19.0 3.0 18.0 2.0 19.0 2.0
1824 19.0 3.0 20.0 3.0 19.0 2.0 20.0 2.0
1825 20.0 3.0 21.0 3.0 20.0 2.0 21.0 2.0
1826 21.0 3.0 22.0 3.0 21.0 2.0 22.0 2.0
1827 22.0 3.0 23.0 3.0 22.0 2.0 23.0 2.0
1828 23.0 3.0 24.0 3.0 23.0 2.0 24.0 2.0
1829 24.0 3.0 25.0 3.0 24.0 2.0 25.0 2.0
1830 25.0 3.0 26.0 3.0 25.0 2.0 26.0 2.0
1831 26.0 3.0 27.0 3.0 26.0 2.0 27.0 2.0
1832 27.0 3.0 28.0 3.0 27.0 2.0 28.0 2.0
1833 28.0 3.0 29.0 3.0 28.0 2.0 29.0 2.0
1834 29.0 3.0 30.0 3.0 29.0 2.0 30.0 2.0
1835 30.0 3.0 31.0 3.0 30.0 2.0 31.0 2.0
1836 31.0 3.0 32.0 3.0 31.0 2.0 32.0 2.0
1837 32.0 3.0 33.0 3.0 32.0 2.0 33.0 2.0
1838 33.0 3.0 34.0 3.0 33.0 2.0 34.0 2.0
1839 34.0 3.0 35.0 3.0 34.0 2.0 35.0 2.0
1840 35.0 3.0 36.0 3.0 35.0 2.0 36.0 2.0
1841 36.0 3.0 37.0 3.0 36.0 2.0 37.0 2.0
1842 37.0 3.0 38.0 3.0 37.0 2.0 38.0 2.0
1843 38.0 3.0 39.0 3.0 38.0 2.0 39.0 2.0
1844 39.0 3.0 40.0 3.0 39.0 2.0 40.0 2.0
1845 40.0 3.0 41.0 3.0 40.0 2.0 41.0 2.0
1846 41.0 3.0 42.0 3.0 41.0 2.0 42.0 2.0
1847 42.0 3.0 43.0 3.0 42.0 2.0 43.0 2.0
1848 43.0 3.0 44.0 3.0 43.0 2.0 44.0 2.0
1849 0.0 2.0 1.0 2.0 0.0 1.0 1.0 1.0
1850 1.0 2.0 2.0 2.0 1.0 1.0 2.0 1.0
1851 2.0 2.0 3.0 2.0 2.0 1.0 3.0 1.0
1852 3.0 2.0 4.0 2.0 3.0 1.0 4.0 1.0
1853 4.0 2.0 5.0 2.0 4.0 1.0 5.0 1.0
1854 5.0 2.0 6.0 2.0 5.0 1.0 6.0 1.0
1855 6.0 2.0 7.0 2.0 6.0 1.0 7.0 1.0
1856 7.0 2.0 8.0 2.0 7.0 1.0 8.0 1.0
1857 8.0 2.0 9.0 2.0 8.0 1.0 9.0 1.0
1858 9.0 2.0 10.0 2.0 9.0 1.0 10.0 1.0
1859 10.0 2.0 11.0 2.0 10.0 1.0 11.0 1.0
1860 11.0 2.0 12.0 2.0 11.0 1.0 12.0 1.0
1861 12.0 2.0 13.0 2.0 12.0 1.0 13.0 1.0
1862 13.0 2.0 14.0 2.0 13.0 1.0 14.0 1.0
1863 14.0 2.0 15.0 2.0 14.0 1.0 15.0 1.0
1864 15.0 2.0 16.0 2.0 15.0 1.0 16.0 1.0
1865 16.0 2.0 17.0 2.0 16.0 1.0 17.0 1.0
1866 17.0 2.0 18.0 2.0 17.0 1.0 18.0 1.0
1867 18.0 2.0 19.0 2.0 18.0 1.0 19.0 1.0
1868 19.0 2.0 20.0 2.0 19.0 1.0 20.0 1.0
1869 20.0 2.0 21.0 2.0 20.0 1.0 21.0 1.0
1870 21.0 2.0 22.0 2.0 21.0 1.0 22.0 1.0
1871 22.0 2.0 23.0 2.0 22.0 1.0 23.0 1.0
1872 23.0 2.0 24.0 2.0 23.0 1.0 24.0 1.0
1873 24.0 2.0 25.0 2.0 24.0 1.0 25.0 1.0
1874 25.0 2.0 26.0 2.0 25.0 1.0 26.0 1.0
1875 26.0 2.0 27.0 2.0 26.0 1.0 27.0 1.0
1876 27.0 2.0 28.0 2.0 27.0 1.0 28.0 1.0
1877 28.0 2.0 29.0 2.0 28.0 1.0 29.0 1.0
1878 29.0 2.0 30.0 2.0 29.0 1.0 30.0 1.0
1879 30.0 2.0 31.0 2.0 30.0 1.0 31.0 1.0
1880 31.0 2.0 32.0 2.0 31.0 1.0 32.0 1.0
1881 32.0 2.0 33.0 2.0 32.0 1.0 33.0 1.0
1882 33.0 2.0 34.0 2.0 33.0 1.0 34.0 1.0
1883 34.0 2.0 35.0 2.0 34.0 1.0 35.0 1.0
1884 35.0 2.0 36.0 2.0 35.0 1.0 36.0 1.0
1885 36.0 2.0 37.0 2.0 36.0 1.0 37.0 1.0
1886 37.0 2.0 38.0 2.0 37.0 1.0 38.0 1.0
1887 38.0 2.0 39.0 2.0 38.0 1.0 39.0 1.0
1888 39.0 2.0 40.0 2.0 39.0 1.0 40.0 1.0
1889 40.0 2.0 41.0 2.0 40.0 1.0 41.0 1.0
1890 41.0 2.0 42.0 2.0 41.0 1.0 42.0 1.0
1891 42.0 2.0 43.0 2.0 42.0 1.0 43.0 1.0
1892 43.0 2.0 44.0 2.0 43.0 1.0 44.0 1.0
1893 0.0 1.0 1.0 1.0 0.0 0.0 1.0 0.0
1894 1.0 1.0 2.0 1.0 1.0 0.0 2.0 0.0
1895 2.0 1.0 3.0 1.0 2.0 0.0 3.0 0.0
1896 3.0 1.0 4.0 1.0 3.0 0.0 4.0 0.0
1897 4.0 1.0 5.0 1.0 4.0 0.0 5.0 0.0
1898 5.0 1.0 6.0 1.0 5.0 0.0 6.0 0.0
1899 6.0 1.0 7.0 1.0 6.0 0.0 7.0 0.0
1900 7.0 1.0 8.0 1.0 7.0 0.0 8.0 0.0
1901 8.0 1.0 9.0 1.0 8.0 0.0 9.0 0.0
1902 9.0 1.0 10.0 1.0 9.0 0.0 10.0 0.0
1903 10.0 1.0 11.0 1.0 10.0 0.0 11.0 0.0
1904 11.0 1.0 12.0 1.0 11.0 0.0 12.0 0.0
1905 12.0 1.0 13.0 1.0 12.0 0.0 13.0 0.0
1906 13.0 1.0 14.0 1.0 13.0 0.0 14.0 0.0
1907 14.0 1.0 15.0 1.0 14.0 0.0 15.0 0.0
1908 15.0 1.0 16.0 1.0 15.0 0.0 16.0 0.0
1909 16.0 1.0 17.0 1.0 16.0 0.0 17.0 0.0
1910 17.0 1.0 18.0 1.0 17.0 0.0 18.0 0.0
1911 18.0 1.0 19.0 1.0 18.0 0.0 19.0 0.0
1912 19.0 1.0 20.0 1.0 19.0 0.0 20.0 0.0
1913 20.0 1.0 21.0 1.0 20.0 0.0 21.0 0.0
1914 21.0 1.0 22.0 1.0 21.0 0.0 22.0 0.0
1915 22.0 1.0 23.0 1.0 22.0 0.0 23.0 0.0
1916 23.0 1.0 24.0 1.0 23.0 0.0 24.0 0.0
1917 24.0 1.0 25.0 1.0 24.0 0.0 25.0 0.0
1918 25.0 1.0 26.0 1.0 25.0 0.0 26.0 0.0
1919 26.0 1.0 27.0 1.0 26.0 0.0 27.0 0.0
1920 27.0 1.0 28.0 1.0 27.0 0.0 28.0 0.0
1921 28.0 1.0 29.0 1.0 28.0 0.0 29.0 0.0
1922 29.0 1.0 30.0 1.0 29.0 0.0 30.0 0.0
1923 30.0 1.0 31.0 1.0 30.0 0.0 31.0 0.0
1924 31.0 1.0 32.0 1.0 31.0 0.0 32.0 0.0
1925 32.0 1.0 33.0 1.0 32.0 0.0 33.0 0.0
1926 33.0 1.0 34.0 1.0 33.0 0.0 34.0 0.0
1927 34.0 1.0 35.0 1.0 34.0 0.0 35.0 0.0
1928 35.0 1.0 36.0 1.0 35.0 0.0 36.0 0.0
1929 36.0 1.0 37.0 1.0 36.0 0.0 37.0 0.0
1930 37.0 1.0 38.0 1.0 37.0 0.0 38.0 0.0
1931 38.0 1.0 39.0 1.0 38.0 0.0 39.0 0.0
1932 39.0 1.0 40.0 1.0 39.0 0.0 40.0 0.0
1933 40.0 1.0 41.0 1.0 40.0 0.0 41.0 0.0
1934 41.0 1.0 42.0 1.0 41.0 0.0 42.0 0.0
1935 42.0 1.0 43.0 1.0 42.0 0.0 43.0 0.0
1936 43.0 1.0 44.0 1.0 43.0 0.0 44.0 0.0
