location capacity Xf Yf
1 28.219 9.163 42.638
2 28.111 38.663 23.044
3 11.682 20.72 4.19
4 16.344 13.19 22.424
5 18.079 34.489 3.171
6 30.96 21.475 36.159
7 19.523 40.163 10.814
8 32.761 34.086 7.767
9 16.291 40.095 36.303
10 16.183 34.979 33.704
11 25.909 3.158 10.211
12 28.355 24.86 42.94
13 33.13 5.544 32.026
14 37.442 35.273 3.555
15 15.239 0.253 35.773
16 31.574 34.012 40.052
17 11.985 9.991 25.946
18 40.307 34.992 5.817
19 36.345 42.152 13.639
20 38.793 22.374 3.968
21 25.94 19.036 22.651
22 10.126 21.022 17.548
23 23.668 40.545 37.873
24 17.907 29.501 15.63
25 19.906 27.986 13.901
26 18.27 3.476 16.218
27 23.647 21.703 2.882
28 19.943 40.499 17.811
29 24.499 40.145 15.188
30 25.341 13.755 29.548
31 17.731 15.063 33.505
32 39.051 11.725 25.208
33 33.651 28.787 0.409
34 33.272 36.374 18.265
35 36.482 26.067 6.488
36 34.349 8.857 33.146
37 20.879 20.176 17.648
38 19.638 13.076 29.02
39 11.631 13.722 39.516
40 14.906 10.017 37.183
41 39.444 21.844 34.952
42 18.613 30.444 6.428
43 40.225 5.18 41.533
44 15.393 40.799 23.756
45 21.731 4.964 21.458
46 14.482 20.849 38.694
47 18.277 11.702 25.6
48 39.645 3.647 10.655
49 14.495 33.452 24.932
50 33.158 41.862 10.869
51 39.891 19.334 15.102
52 25.733 16.368 25.344
53 13.503 37.055 2.421
54 35.312 13.281 15.005
55 15.173 26.019 36.769
56 26.382 12.714 13.05
57 21.384 16.222 22.567
58 28.917 17.033 15.824
59 11.004 23.663 2.613
60 9.755 30.032 3.307
61 11.391 5.881 34.379
62 32.509 1.659 2.606
63 21.008 30.345 6.531
64 39.14 13.823 1.921
65 17.973 10.032 19.965
66 40.635 39.3 25.837
67 31.047 4.021 38.93
68 11.979 16.555 8.771
69 28.922 39.859 14.57
70 21.503 24.392 14.762
71 24.53 38.167 8.629
72 37.162 28.257 30.959
73 23.75 43.591 30.249
74 12.534 36.989 4.941
75 20.41 15.322 10.992
76 28.718 19.196 40.401
77 35.126 2.903 31.886
78 38.503 5.021 6.21
79 9.485 13.404 39.168
80 16.796 24.139 22.819
81 13.508 22.187 11.48
82 27.747 43.594 25.849
83 10.087 10.154 22.762
84 21.117 28.542 30.941
85 20.87 19.805 32.753
86 38.033 19.688 22.297
87 12.402 15.785 32.733
88 25.009 12.391 5.411
89 41.229 37.715 32.641
90 37.194 5.671 27.903
91 37.799 2.323 25.217
92 16.224 18.505 19.372
93 21.732 39.045 14.119
94 37.433 40.385 13.43
95 8.989 12.789 33.415
96 22.613 38.219 21.77
97 15.321 11.487 36.929
98 13.083 4.374 25.474
99 33.05 18.074 38.639
100 24.07 2.768 18.34
101 21.662 20.941 37.051
102 30.169 40.038 1.65
103 19.444 1.799 28.02
104 20.603 43.225 7.326
105 41.448 37.301 31.047
106 13.713 42.093 10.002
107 17.451 41.108 34.182
108 20.319 1.937 21.467
109 12.155 19.555 37.144
110 15.568 8.119 40.277
111 10.348 37.743 31.285
112 18.852 0.881 29.669
113 38.893 12.425 37.692
114 27.698 0.264 40.078
115 20.609 26.382 25.668
116 26.203 41.466 8.565
117 21.296 38.748 9.712
118 35.504 32.32 20.294
119 36.639 1.735 7.166
120 10.966 34.729 25.403
121 25.661 30.182 10.833
122 40.702 31.588 22.202
123 28.932 43.316 40.998
124 31.578 24.275 25.169
125 31.905 34.871 17.67
126 14.771 11.643 18.615
127 16.598 18.678 31.137
128 21.794 33.834 34.511
129 21.495 24.472 14.944
130 31.919 32.048 26.244
131 27.317 41.673 42.812
132 13.879 6.276 12.074
133 20.585 33.182 10.917
134 35.519 38.206 15.024
135 15.171 15.654 4.132
136 28.903 33.518 22.096
137 30.458 2.402 26.145
138 39.139 11.301 27.987
139 19.491 1.655 27.125
140 16.554 8.088 20.504
141 16.149 36.223 8.287
142 36.801 0.623 28.251
143 37.22 6.675 40.608
144 34.948 25.077 26.141
145 15.664 39.483 27.736
146 38.571 8.338 12.82
147 34.102 36.858 35.685
148 17.41 8.671 24.772
149 27.136 29.271 36.381
150 24.143 5.65 10.255
151 28.694 33.857 13.243
152 33.797 39.956 34.765
153 29.24 0.408 41.145
154 11.877 43.108 13.927
155 11.673 4.59 22.11
156 36.514 39.887 27.557
157 30.684 12.798 40.366
158 31.824 5.951 29.198
159 21.593 33.87 25.547
160 12.363 26.566 0.344
161 11.959 30.104 27.035
162 35.513 29.676 36.53
163 12.386 36.356 36.594
164 13.751 17.456 3.698
165 22.062 12.753 33.05
166 38.977 32.038 26.466
167 24.519 31.037 4.575
168 20.958 32.755 9.808
169 28.257 10.64 39.398
170 30.723 20.851 13.693
171 25.824 37.292 8.104
172 28.994 23.252 1.227
173 10.916 4.708 10.583
174 25.143 25.317 15.303
175 26.249 18.612 9.715
176 15.832 38.146 18.583
177 28.759 18.697 40.562
178 41.448 33.96 27.524
179 29.436 4.57 12.194
180 26.947 25.833 36.153
181 25.695 28.325 39.706
182 26.025 37.844 18.132
183 22.553 26.874 37.81
184 17.243 4.162 14.635
185 36.45 12.064 15.717
186 24.926 10.056 21.016
187 25.868 5.997 29.892
188 36.749 26.353 41.041
189 40.35 25.762 40.487
190 19.941 4.337 42.014
191 36.812 33.49 17.361
192 23.953 8.577 16.273
193 31.077 27.286 35.856
194 25.927 8.681 16.169
195 11.594 7.329 33.587
196 38.469 27.218 5.132
197 10.294 13.461 22.403
198 19.568 7.226 26.655
199 17.633 22.573 36.783
200 13.77 5.266 35.162
201 28.096 35.824 5.274
202 30.469 1.627 30.657
203 27.541 31.316 29.483
204 23.181 1.484 8.933
205 37.75 14.091 6.363
206 16.643 23.189 10.041
207 38.309 35.301 5.392
208 41.943 36.689 18.562
209 32.882 22.538 30.725
210 39.113 29.351 37.216
211 18.033 27.306 36.413
212 27.226 38.26 3.35
213 38.178 36.991 18.546
214 36.118 39.742 4.513
215 40.404 12.463 8.011
216 26.329 3.527 2.163
217 10.451 27.639 10.413
218 26.832 33.271 7.391
219 27.526 3.409 2.547
220 26.756 20.422 26.584
221 39.929 36.149 23.811
222 37.97 28.818 35.456
223 11.205 42.285 15.983
224 9.412 41.127 26.383
225 28.56 22.341 12.376
226 39.762 18.425 19.939
227 11.571 22.444 28.399
228 22.143 5.002 26.287
229 37.432 26.884 30.979
230 20.249 12.056 20.798
231 26.673 25.802 33.322
232 8.773 41.938 21.43
233 11.29 37.82 37.159
234 30.222 29.224 31.052
235 15.026 2.926 18.136
236 36.451 18.789 39.637
237 31.116 40.6 8.336
238 37.449 38.726 40.599
239 39.115 17.54 38.456
240 37.66 35.525 32.213
241 31.914 27.763 17.374
242 27.496 25.144 40.396
243 11.835 3.292 34.261
244 37.874 19.713 26.899
245 27.499 15.199 19.955
246 25.715 40.296 40.656
247 31.193 24.593 19.146
248 33.699 29.159 26.675
249 24.101 4.204 4.553
250 38.16 2.431 1.14
251 17.231 16.787 40.468
252 39.4 18.426 36.123
253 22.128 27.086 31.914
254 27.746 37.209 13.164
255 34.411 9.82 33.434
256 19.973 6.741 39.025
257 9.803 31.375 42.123
258 40.411 21.328 13.027
259 9.574 31.383 23.339
260 28.482 13.104 14.576
261 12.334 6.16 30.677
262 12.876 17.852 17.717
263 27.659 36.275 20.147
264 36.866 29.735 35.501
265 31.247 11.507 33.671
266 30.219 37.012 37.248
267 13.509 10.471 42.652
268 14.762 25.911 23.2
269 14.639 14.182 24.611
270 23.613 34.805 25.942
271 26.919 34.846 2.85
272 11.138 25.602 21.245
273 34.791 24.263 13.724
274 9.619 39.014 9.663
275 40.254 7.177 6.679
276 25.49 43.055 32.123
277 19.547 27.789 16.452
278 26.564 32.856 5.768
279 24.567 2.928 0.5
280 37.201 37.541 32.31
281 25.6 7.709 10.355
282 15.09 41.296 6.609
283 19.951 33.797 32.26
284 24.448 36.127 1.267
285 12.756 8.509 4.154
286 8.417 41.634 39.799
287 40.833 7.659 36.686
288 38.781 38.927 5.139
289 38.594 10.275 35.186
290 40.384 1.949 21.45
291 9.875 18.474 39.483
292 20.985 24.786 37.903
293 33.613 24.847 10.754
294 32.762 17.272 8.754
295 34.145 30.982 15.687
296 40.737 7.824 0.302
297 26.5 25.378 43.308
298 10.819 13.893 21.573
299 31.326 16.065 34.585
300 27.128 21.764 11.91
301 12.709 21.634 31.392
302 37.572 6.232 2.642
303 13.988 4.016 19.612
304 15.819 36.743 38.341
305 9.831 14.304 4.626
306 23.462 7.697 11.182
307 10.924 6.449 12.491
308 31.402 43.42 13.624
309 30.813 42.072 4.284
310 35.267 2.93 0.969
311 23.191 13.181 15.272
312 14.214 6.053 22.537
313 20.858 35.111 28.646
314 39.881 29.356 6.462
315 26.852 34.363 29.328
316 13.145 42.5 6.984
317 37.856 10.259 41.701
318 16.854 0.566 23.694
319 39.764 30.844 27.695
320 33.711 24.254 19.105
321 27.507 20.087 40.156
322 30.199 22.553 23.377
323 29.761 27.805 34.691
324 30.061 41.672 22.49
325 39.235 26.298 25.297
326 34.462 4.035 30.28
327 14.892 15.02 10.542
328 24.951 26.38 27.001
329 38.42 16.626 37.565
330 28.965 4.127 21.217
331 16.099 14.633 22.962
332 16.711 27.733 28.069
333 22.616 32.903 17.891
334 17.444 34.212 3.492
335 19.259 34.925 12.696
336 18.556 3.33 39.899
337 30.767 7.187 7.643
338 23.116 23.267 29.557
339 14.146 1.098 13.831
340 40.932 18.436 16.879
341 20.27 31.265 34.313
342 30.914 2.793 4.519
343 9.972 27.764 4.74
344 29.24 19.676 20.241
345 9.637 6.206 8.705
346 36.554 4.729 6.678
347 12.949 13.176 41.986
348 28.639 26.719 4.608
349 22.63 6.963 3.827
350 17.962 4.648 8.356
351 28.853 16.088 28.782
352 39.357 23.401 3.787
353 38.619 17.702 17.023
354 12.201 32.378 13.763
355 16.377 37.52 3.835
356 28.178 25.501 10.501
357 10.741 38.408 39.271
358 29.31 13.41 9.278
359 30.156 30.318 23.287
360 28.122 1.407 43.263
361 15.822 33.509 19.385
362 25.419 12.256 18.331
363 18.018 23.033 7.684
364 21.057 19.345 13.151
365 35.5 12.121 7.74
366 32.145 3.265 11.721
367 18.381 29.66 11.605
368 25.805 10.989 43.779
369 21.953 15.083 28.613
370 13.466 27.438 30.237
371 11.665 0.361 3.329
372 19.047 22.746 5.642
373 26.065 37.826 34.54
374 32.026 9.279 35.851
375 31.783 9.536 8.834
376 39.746 13.056 5.604
377 38.885 6.233 26.925
378 39.808 26.904 39.735
379 19.672 42.024 12.332
380 37.892 19.757 29.721
381 33.315 22.866 17.092
382 33.507 22.7 32.574
383 29.416 15.044 13.513
384 14.158 15.487 31.495
385 26.973 34.643 25.896
386 35.411 13.233 22.442
387 20.209 31.54 6.299
388 30.369 28.608 34.802
389 15.986 40.336 21.751
390 33.678 35.128 0.469
391 26.126 9.839 36.929
392 11.115 6.239 7.516
393 12.498 13.394 34.643
394 22.513 19.754 33.335
395 27.583 13.711 5.713
396 19.488 41.962 41.165
397 18.045 3.766 23.26
398 36.16 10.207 8.407
399 23.571 5.433 23.754
400 12.221 17.695 14.273
401 13.17 8.594 5.7
402 41.555 11.756 21.329
403 37.047 1.696 8.952
404 35.748 13.853 10.96
405 10.448 8.073 28.122
406 30.406 1.461 13.773
407 10.648 28.2 14.13
408 14.526 8.967 4.801
409 9.326 6.412 25.802
410 20.28 2.048 15.531
411 10.594 35.068 18.776
412 21.65 4.767 19.913
413 18.45 37.373 12.336
414 22.423 18.472 13.229
415 12.67 36.268 25.272
416 20.294 37.231 30.231
417 37.156 42.217 5.438
418 22.691 12.971 12.176
419 28.955 33.738 8.605
420 30.978 27.888 5.539
421 36.323 12.27 11.079
422 20.308 19.666 25.961
423 28.756 18.832 38.579
424 39.17 22.347 33.901
425 34.977 11.408 41.755
426 9.576 39.579 20.798
427 30.809 21.116 38.439
428 31.71 20.423 34.813
429 36.671 5.996 15.449
430 23.715 21.946 12.823
431 38.301 42.911 29.286
432 15.144 1.432 14.328
433 9.535 26.065 23.632
434 27.941 43.35 25.217
435 10.3 31.917 22.585
436 38.919 25.979 16.33
437 25.019 2.03 38.601
438 31.187 30.433 25.608
439 23.292 29.542 20.48
440 40.844 27.194 10.597
441 9.961 11.368 26.838
442 12.352 21.654 5.982
443 34.451 24.147 13.088
444 19.507 31.673 41.213
445 10.971 33.919 5.597
446 24.93 38.041 15.074
447 37.03 10.698 23.385
448 36.34 16.192 39.855
449 40.063 40.357 5.257
450 10.821 5.629 27.724
451 14.617 9.495 20.898
452 28.993 8.994 28.57
453 24.881 13.347 12.65
454 33.362 23.107 0.972
455 36.939 12.471 38.978
456 35.586 26.99 39.611
457 31.108 43.611 8.806
458 38.337 3.589 18.605
459 9.037 34.65 3.723
460 22.72 30.568 15.957
461 8.57 43.702 33.671
462 28.364 6.491 18.4
463 22.655 14.284 42.851
464 34.324 20.833 26.879
465 24.963 19.837 21.286
466 39.008 30.851 1.235
467 38.023 20.642 24.765
468 41.913 28.989 9.397
469 24.529 26.271 14.081
470 18.87 43.033 8.196
471 20.817 1.408 25.009
472 33.997 35.038 37.347
473 31.458 41.593 10.478
474 29.548 22.706 37.931
475 22.238 40.866 23.424
476 19.145 30.075 41.226
477 32.616 17.78 39.519
478 32.467 10.647 0.549
479 9.992 20.744 17.044
480 23.734 31.814 0.612
481 31.931 29.162 28.359
482 34.21 24.344 42.818
483 40.389 39.488 3.772
484 32.018 11.087 41.629
485 22.7 33.548 4.514
486 31.176 41.033 40.613
487 30.423 26.128 39.622
488 10.071 28.159 39.891
489 17.327 8.418 13.685
490 16.709 1.851 4.419
491 11.428 18.111 11.782
492 21.543 41.245 9.984
493 38.029 28.925 19.881
494 15.314 33.17 40.375
495 12.944 27.612 35.379
496 20.512 35.821 12.484
497 13.98 10.219 17.823
498 31.427 38.634 28.506
499 13.8 20.525 10.724
500 12.645 18.603 40.932
501 38.308 0.949 16.634
502 24.684 35.242 31.143
503 33.528 37.266 43.19
504 41.53 25.015 29.624
505 32.49 29.808 36.595
506 27.574 13.982 10.075
507 11.532 19.77 5.235
508 21.296 11.954 25.923
509 41.966 3.895 11.28
510 34.579 29.925 24.93
511 9.044 39.59 15.266
512 33.341 33.714 7.336
513 18.564 19.191 23.691
514 10.763 36.826 4.808
515 13.071 30.845 41.248
516 35.618 33.794 19.155
517 16.925 24.48 28.843
518 32.724 12.579 37.154
519 31.339 7.624 43.178
520 13.7 33.333 14.938
521 31.836 10.834 34.518
522 31.039 8.748 7.175
523 36.795 0.558 9.505
524 37.293 22.49 39.423
525 14.152 9.393 4.085
526 24.959 0.707 36.99
527 35.669 18.842 39.097
528 27.662 41.051 11.63
529 34.104 12.128 42.46
530 8.497 25.624 32.226
531 26.51 19.704 28.321
532 9.421 21.896 11.337
533 26.128 31.573 28.195
534 32.883 2.099 3.975
535 30.184 2.483 20.734
536 38.406 36.818 0.952
537 16.167 26.065 30.235
538 31.29 42.419 42.487
539 27.289 1.366 18.73
540 28.318 3.264 22.881
541 12.754 3.64 15.384
542 32.816 21.091 36.801
543 15.04 13.743 20.858
544 39.243 6.179 37.741
545 14.91 4.905 6.462
546 24.604 18.233 8.456
547 9.284 24.586 22.854
548 17.631 34.3 20.373
549 27.949 37.996 31.139
550 10.323 38.54 26.164
551 10.772 1.095 13.569
552 16.027 20.218 16.616
553 19.879 35.991 28.116
554 15.289 25.603 43.126
555 25.992 33.187 36.196
556 41.812 26.114 31.15
557 37.429 39.33 28.649
558 41.635 31.807 14.938
559 33.764 33.788 21.146
560 15.571 36.819 18.744
561 26.224 39.626 28.049
562 25.598 12.395 11.969
563 11.301 35.534 31.192
564 25.676 25.488 14.238
565 36.893 9.492 18.753
566 20.468 12.347 2.405
567 24.362 8.638 20.595
568 38.567 27.378 42.141
569 41.874 19.71 15.363
570 28.998 3.834 38.306
571 13.269 14.455 30.05
572 35.14 9.113 5.336
573 16.993 0.775 0.47
574 26.28 32.062 37.986
575 20.816 21.811 1.109
576 36.537 38.824 23.622
577 12.581 35.632 22.519
578 40.661 10.413 4.582
579 10.919 16.144 39.576
580 33.485 19.108 12.3
581 33.646 28.829 27.816
582 35.786 36.915 41.483
583 12.978 5.151 43.282
584 29.049 31.552 8.831
585 10.909 29.86 15.087
586 31.015 11.674 14.354
587 32.179 11.268 8.016
588 35.228 36.877 29.965
589 32.746 40.467 39.238
590 25.788 21.622 5.72
591 13.617 3.034 20.062
592 25.859 8.518 19.108
593 13.577 41.482 36.576
594 38.695 13.391 14.477
595 24.919 7.332 29.15
596 12.449 36.159 36.922
597 34.18 9.006 42.775
598 27.307 10.514 7.678
599 30.131 18.035 3.81
600 25.929 39.418 31.427
601 28.564 25.094 17.383
602 33.411 5.157 25.639
603 34.719 19.409 14.809
604 12.373 42.241 30.814
605 13.655 24.564 42.491
606 20.43 23.035 3.383
607 40.075 32.679 42.528
608 17.79 6.379 2.059
609 17.907 13.152 30.7
610 23.794 3.114 41.319
611 17.735 9.365 12.933
612 22.46 13.263 42.825
613 28.673 19.299 11.391
614 36.284 20.721 5.932
615 24.163 7.127 4.999
616 37.105 12.629 35.038
617 21.354 22.268 4.844
618 29.58 3.485 3.886
619 28.175 29.199 0.935
620 30.908 17.474 32.481
621 9.734 24.081 7.695
622 21.534 9.765 4.798
623 41.448 43.41 12.011
624 28.543 4.128 27.174
625 13.917 41.862 22.783
626 34.728 8.898 6.352
627 33.132 41.6 40.839
628 17.25 40.444 42.593
629 27.249 27.037 23.281
630 31.276 5.224 38.259
631 31.425 11.327 11.038
632 38.597 19.703 13.936
633 11.542 16.803 2.125
634 29.316 26.22 4.076
635 27.192 15.74 12.267
636 16.654 38.666 32.968
637 19.309 9.203 13.367
638 18.851 5.62 37.313
639 36.303 31.933 6.943
640 31.627 21.636 22.481
641 30.892 19.781 29.474
642 18.312 20.089 39.281
643 41.206 43.494 31.563
644 16.584 1.682 11.122
645 25.857 21.207 24.555
646 35.156 20.952 20.448
647 41.911 6.13 4.518
648 26.265 37.373 29.517
649 8.884 34.158 5.597
650 36.44 11.648 13.704
651 21.259 18.702 11.25
652 37.798 0.495 7.203
653 14.745 13.273 14.616
654 24.424 17.444 1.86
655 36.108 41.814 34.005
656 8.763 21.448 15.315
657 23.215 19.034 7.995
658 10.527 10.958 11.118
659 18.776 4.655 20.66
660 16.257 26.11 12.088
661 10.587 17.753 36.668
662 17.722 7.848 5.239
663 33.11 36.576 25.332
664 37.7 25.123 10.233
665 38.323 33.783 6.902
666 31.48 4.084 33.892
667 20.252 28.116 23.23
668 14.801 7.039 15.118
669 38.423 1.539 37.429
670 25.122 16.002 36.073
671 9.166 43.109 41.775
672 22.779 18.468 39.852
673 25.446 3.366 37.88
674 18.965 20.378 6.783
675 36.217 26.871 17.353
676 15.849 24.825 18.987
677 17.503 19.372 14.079
678 31.603 24.903 31.041
679 41.834 27.688 6.959
680 17.465 10.322 29.025
681 36.865 5.799 6.973
682 25.784 12.15 38.18
683 13.732 4.295 8.591
684 25.577 28.954 26.904
685 13.12 6.248 30.894
686 24.828 15.81 14.528
687 21.052 12.949 34.106
688 18.583 9.829 18.66
689 39.682 16.292 30.341
690 10.341 26.708 14.271
691 33.48 37.132 28.312
692 32.497 33.662 11.47
693 19.721 4.9 2.434
694 32.811 43.687 18.346
695 28.185 6.506 42.805
696 37.628 34.747 35.842
697 10.16 13.802 18.184
698 15.09 5.404 34.65
699 22.162 40.548 35.609
700 41.431 13.97 29.446
701 35.365 19.223 4.195
702 32.199 43.211 12.933
703 13.33 13.151 34.882
704 8.765 9.451 17.0
705 12.461 37.406 16.333
706 9.522 25.63 28.309
707 26.329 21.24 16.59
708 39.157 13.644 30.484
709 27.694 37.595 14.218
710 30.059 9.258 1.173
711 39.028 23.414 26.956
712 37.161 31.846 41.07
713 10.546 37.483 31.336
714 33.137 6.405 17.721
715 22.505 18.67 36.416
716 25.058 29.893 12.957
717 36.023 40.913 23.102
718 11.82 20.01 29.165
719 35.285 7.484 7.345
720 32.94 34.443 12.526
721 17.703 15.529 35.72
722 22.1 2.872 18.47
723 40.499 32.558 31.831
724 22.42 29.037 0.939
725 22.853 41.077 9.819
726 37.069 43.664 15.042
727 32.825 14.613 11.523
728 9.841 9.291 17.51
729 32.343 24.892 11.264
730 29.184 28.365 28.535
731 22.693 8.418 19.919
732 22.057 42.422 19.514
733 13.88 11.16 24.641
734 28.909 29.412 25.56
735 17.346 0.627 11.454
736 20.337 39.279 31.075
737 25.287 12.408 24.772
738 34.293 2.974 16.53
739 36.88 38.877 6.05
740 16.413 3.878 0.661
741 30.928 7.301 15.295
742 16.684 20.312 21.163
743 35.082 15.889 19.993
744 37.742 42.1 26.278
745 37.798 28.357 6.637
746 35.115 2.644 21.683
747 41.435 12.152 30.768
748 23.679 24.836 18.712
749 12.862 28.042 10.47
750 24.732 19.415 30.074
751 31.733 39.703 0.431
752 30.523 9.38 0.999
753 31.588 27.861 4.106
754 34.852 35.905 12.27
755 36.307 27.774 40.576
756 27.921 16.032 6.322
757 11.471 14.991 2.261
758 31.363 21.791 17.252
759 19.932 8.571 28.979
760 39.867 11.826 33.451
761 23.512 0.297 26.026
762 26.837 18.754 42.173
763 39.165 5.431 22.827
764 41.825 19.62 27.038
765 8.694 20.513 33.202
766 16.726 17.124 35.719
767 32.113 9.355 40.929
768 41.188 25.822 38.619
769 33.352 14.44 32.917
770 14.785 3.659 0.487
771 26.867 43.075 36.165
772 20.54 36.893 34.421
773 31.325 41.697 8.608
774 24.629 31.509 24.215
775 38.155 7.168 27.888
776 13.869 26.179 6.213
777 22.441 32.001 10.951
778 13.94 32.52 17.919
779 27.434 39.741 26.604
780 31.49 14.805 35.47
781 10.658 30.005 7.64
782 39.742 13.513 14.308
783 38.813 31.312 17.708
784 40.573 26.778 12.609
785 38.046 8.72 1.693
786 29.969 30.012 7.202
787 40.593 30.654 11.421
788 8.409 33.512 33.647
789 13.422 11.351 14.845
790 13.608 43.315 5.906
791 41.2 6.755 10.987
792 23.534 34.424 2.082
793 10.361 43.706 4.036
794 20.376 42.377 17.171
795 33.405 31.468 16.833
796 16.648 25.56 40.792
797 14.386 17.682 15.234
798 11.349 41.949 4.212
799 37.185 21.187 8.907
800 38.968 22.093 6.606
801 31.577 0.378 2.936
802 34.772 1.61 9.471
803 25.751 41.453 37.226
804 27.013 34.615 24.43
805 15.876 18.66 30.273
806 18.707 22.029 39.344
807 12.238 32.684 11.201
808 8.468 39.501 12.253
809 18.23 31.546 29.417
810 21.346 22.527 8.172
811 41.251 35.231 27.258
812 31.922 26.76 29.228
813 16.575 5.22 27.54
814 39.726 0.265 3.726
815 29.972 38.529 1.014
816 26.787 19.355 37.471
817 40.583 7.956 5.257
818 40.077 19.995 34.548
819 30.315 3.305 29.856
820 12.975 10.652 33.745
821 33.487 27.417 23.448
822 10.499 6.544 5.511
823 38.74 29.672 43.705
824 34.713 4.238 37.529
825 18.17 33.237 38.263
826 14.256 9.035 22.153
827 12.09 17.297 25.009
828 29.997 19.645 36.961
829 37.094 30.93 42.753
830 15.511 41.655 7.112
831 23.715 31.223 2.192
832 30.99 35.0 31.616
833 8.93 23.611 2.207
834 34.643 22.477 32.702
835 11.172 5.017 20.787
836 34.814 35.276 33.565
837 22.957 16.548 0.279
838 31.193 3.726 4.019
839 12.492 40.047 29.502
840 14.681 42.499 23.101
841 30.638 8.437 1.395
842 26.923 21.685 14.018
843 32.686 31.199 3.955
844 27.18 23.221 30.942
845 27.258 16.73 13.906
846 18.556 35.078 36.31
847 26.917 28.749 29.16
848 20.665 28.876 7.155
849 28.03 30.471 6.783
850 30.144 30.58 9.467
851 16.64 33.0 43.734
852 19.659 36.257 42.355
853 9.717 37.874 0.368
854 40.753 26.563 19.469
855 30.732 41.95 40.211
856 37.161 20.081 36.101
857 40.994 37.015 9.717
858 12.772 21.605 17.332
859 39.05 21.246 1.256
860 27.296 29.341 0.201
861 29.567 30.208 42.726
862 41.484 1.464 29.249
863 29.199 26.297 19.327
864 41.233 19.417 38.532
865 40.004 23.769 12.464
866 36.991 25.414 43.351
867 40.351 21.287 23.001
868 22.069 27.619 29.647
869 12.069 39.378 6.599
870 14.994 2.586 38.471
871 14.08 37.471 4.823
872 10.1 42.79 37.531
873 38.902 13.966 6.855
874 39.817 24.128 6.906
875 19.85 35.727 13.32
876 20.163 24.924 18.049
877 31.065 17.049 21.173
878 14.893 25.435 42.112
879 30.858 32.45 17.634
880 17.15 3.053 31.459
881 11.312 26.371 11.817
882 41.126 42.943 41.865
883 22.983 35.73 24.392
884 12.395 23.945 8.919
885 11.394 13.507 42.753
886 13.156 6.696 6.485
887 40.697 15.432 39.092
888 23.456 9.049 28.363
889 29.522 21.584 15.196
890 28.679 43.211 5.263
891 34.785 1.581 23.129
892 29.615 26.052 11.463
893 27.784 10.818 20.192
894 35.339 30.688 21.47
895 29.037 39.806 17.538
896 8.688 33.261 21.269
897 36.226 6.524 30.231
898 30.95 25.893 37.589
899 41.797 19.118 36.977
900 21.918 32.856 2.397
901 32.035 37.937 33.976
902 19.943 39.451 7.776
903 33.083 43.229 28.195
904 9.109 22.986 0.927
905 33.129 42.861 4.856
906 34.39 1.095 2.952
907 10.834 26.824 17.053
908 11.603 10.684 1.534
909 40.631 9.666 24.019
910 25.868 42.389 27.843
911 10.477 25.726 18.977
912 35.893 35.295 3.559
913 36.629 10.934 30.043
914 9.737 25.557 9.847
915 17.445 19.226 31.433
916 28.25 29.311 40.963
917 31.601 19.636 42.13
918 24.167 30.748 1.936
919 16.978 21.868 40.214
920 9.417 10.886 8.419
921 20.52 31.838 25.286
922 32.5 39.3 31.336
923 14.416 16.933 36.841
924 30.155 34.114 20.088
925 27.646 30.271 4.652
926 9.345 42.819 5.559
927 39.004 22.002 20.809
928 36.231 15.989 22.557
929 19.834 6.138 41.319
930 40.112 12.864 14.121
931 14.289 17.518 21.809
932 19.587 41.547 16.045
933 28.795 16.246 19.345
934 38.959 14.376 41.753
935 10.671 37.843 23.641
936 40.939 33.809 43.045
937 32.065 14.721 25.895
938 41.042 40.241 1.174
939 19.07 7.462 23.545
940 31.916 11.3 39.762
941 27.99 1.034 21.657
942 33.959 20.393 39.112
943 21.151 4.099 40.572
944 24.536 39.466 9.32
945 13.601 19.817 26.135
946 31.423 4.171 11.849
947 23.432 17.771 42.382
948 34.852 29.268 23.995
949 35.301 13.213 6.871
950 29.713 11.716 39.287
951 10.303 32.907 36.069
952 32.775 35.201 3.15
953 40.089 31.399 3.504
954 30.378 5.82 24.541
955 11.765 7.409 11.837
956 15.239 23.947 29.452
957 32.526 6.002 6.374
958 31.413 20.651 21.956
959 38.19 1.738 36.044
960 33.964 34.42 9.333
961 37.612 38.257 26.884
962 39.081 29.873 0.292
963 30.973 21.786 40.927
964 29.219 38.043 13.099
965 37.526 35.693 37.583
966 36.841 8.333 8.18
967 33.462 39.714 10.09
968 33.518 10.78 37.178
969 25.947 0.36 12.251
970 26.318 21.891 39.433
971 32.411 12.24 27.09
972 37.348 32.357 5.571
973 34.424 35.605 6.53
974 40.001 32.405 9.328
975 28.528 26.886 16.593
976 35.96 7.098 12.833
977 11.863 18.36 41.557
978 28.24 21.716 29.836
979 22.718 28.208 37.399
980 8.899 31.283 33.679
981 37.296 38.142 35.813
982 19.47 29.086 19.378
983 30.084 36.261 41.17
984 17.931 4.294 33.237
985 11.273 32.035 7.868
986 16.575 22.462 33.173
987 31.29 27.077 0.858
988 33.841 3.634 36.186
989 36.42 20.377 6.765
990 40.149 23.386 17.94
991 30.403 7.208 16.62
992 31.777 20.788 31.763
993 10.596 10.855 26.703
994 14.109 22.657 42.848
995 14.902 43.69 6.007
996 35.599 18.365 3.882
997 29.006 16.005 15.364
998 25.348 25.886 23.567
999 38.069 0.648 8.381
1000 33.944 22.544 42.872
1001 17.648 31.483 38.3
1002 41.486 29.879 8.211
1003 13.826 18.339 36.337
1004 27.58 11.676 8.752
1005 20.782 21.346 3.87
1006 24.533 24.407 32.377
1007 18.858 42.17 9.461
1008 35.457 35.252 13.7
1009 33.448 26.817 12.212
1010 14.225 33.178 40.667
1011 40.722 37.358 25.028
1012 33.376 27.654 23.26
1013 13.473 4.31 33.964
1014 17.616 9.803 27.7
1015 37.805 26.658 3.003
1016 37.117 36.796 0.857
1017 13.219 30.157 31.171
1018 22.814 4.434 5.523
1019 41.094 35.365 15.548
1020 12.725 14.221 26.108
1021 19.46 12.125 26.546
1022 32.184 39.242 22.958
1023 20.917 6.17 29.227
1024 24.991 4.732 3.138
1025 10.356 31.388 39.811
1026 41.407 25.892 18.489
1027 10.354 23.132 30.038
1028 36.074 12.796 5.457
1029 12.688 40.788 41.948
1030 26.155 2.191 4.291
1031 18.087 5.156 4.702
1032 40.704 43.078 15.949
1033 36.025 22.5 15.422
1034 21.799 12.392 33.057
1035 38.694 23.222 40.205
1036 29.557 34.798 26.032
1037 17.148 16.816 38.117
1038 28.364 9.048 36.06
1039 37.449 31.446 31.029
1040 30.559 42.801 0.453
1041 19.459 41.967 40.409
1042 10.667 29.093 12.479
1043 16.454 28.199 27.216
1044 26.619 4.956 30.961
1045 9.596 35.67 19.333
1046 16.927 0.209 40.402
1047 30.215 0.874 24.705
1048 29.941 13.222 20.587
1049 32.542 24.029 26.952
1050 19.432 23.452 40.499
1051 17.565 3.633 11.079
1052 20.588 39.925 9.789
1053 18.274 41.279 8.143
1054 18.762 19.775 8.618
1055 20.083 30.109 35.362
1056 10.046 10.214 10.86
1057 32.201 14.72 19.8
1058 18.39 4.343 13.784
1059 36.519 13.694 0.751
1060 35.888 27.724 43.562
1061 24.236 9.846 0.394
1062 13.001 1.916 8.781
1063 24.399 30.587 25.86
1064 38.543 2.702 6.696
1065 32.388 22.375 25.927
1066 25.065 1.193 27.121
1067 8.466 33.423 40.457
1068 8.932 11.974 25.712
1069 19.833 41.863 1.256
1070 19.888 41.791 12.106
1071 31.945 34.545 18.003
1072 38.567 27.328 7.644
1073 27.033 1.499 17.255
1074 14.075 4.086 32.841
1075 15.328 32.175 34.393
1076 24.466 33.423 13.514
1077 25.539 15.316 43.719
1078 29.22 20.776 32.633
1079 38.649 10.549 15.466
1080 9.784 28.828 33.062
1081 12.489 20.501 6.449
1082 23.526 8.634 5.863
1083 27.032 1.123 2.697
1084 33.182 17.257 20.136
1085 12.051 23.73 16.998
1086 12.318 34.264 32.544
1087 40.864 5.785 16.944
1088 40.228 42.445 0.791
1089 33.138 1.704 26.047
1090 20.934 34.109 29.314
1091 23.464 41.692 34.085
1092 10.526 25.945 16.151
1093 16.673 4.613 6.544
1094 38.869 12.986 32.505
1095 27.869 4.699 9.308
1096 16.225 10.945 26.751
1097 18.418 7.567 8.81
1098 24.917 10.052 2.649
1099 19.186 26.962 36.665
1100 13.017 21.211 11.865
1101 26.616 8.31 35.245
1102 23.501 7.219 27.946
1103 32.388 2.885 32.393
1104 28.395 18.794 40.69
1105 40.5 7.984 12.033
1106 28.376 27.666 1.403
1107 23.283 1.423 42.657
1108 27.498 23.823 15.332
1109 26.896 19.759 27.536
1110 34.243 43.261 10.515
1111 23.449 21.349 4.4
1112 16.325 11.056 21.686
1113 38.348 15.888 14.151
1114 9.331 43.414 23.126
1115 25.438 34.607 1.205
1116 19.042 28.889 42.325
1117 37.522 9.148 17.403
1118 30.086 16.898 27.905
1119 27.933 10.3 2.948
1120 21.704 12.116 42.709
1121 14.937 24.629 1.756
1122 8.437 35.259 35.982
1123 37.659 3.479 26.916
1124 34.107 32.656 36.154
1125 41.629 26.882 34.452
1126 12.907 40.14 35.866
1127 40.202 40.346 41.421
1128 10.565 13.043 4.1
1129 31.784 9.647 39.371
1130 24.306 17.561 22.145
1131 29.557 3.743 11.94
1132 24.779 21.485 36.285
1133 39.473 20.383 38.513
1134 35.454 30.898 6.67
1135 35.165 19.96 5.637
1136 23.96 35.26 33.721
1137 28.248 18.263 8.429
1138 18.06 24.602 29.814
1139 23.549 0.353 11.67
1140 14.806 13.003 42.803
1141 17.634 13.319 26.304
1142 21.591 10.809 23.985
1143 20.865 24.556 21.51
1144 30.179 33.641 39.458
1145 17.605 4.75 42.224
1146 23.313 10.953 8.593
1147 40.534 28.529 35.261
1148 31.146 40.141 17.161
1149 31.34 26.259 36.138
1150 12.943 38.009 35.222
1151 10.55 1.709 21.969
1152 35.082 43.364 27.151
1153 41.013 12.97 33.155
1154 38.209 14.874 2.398
1155 10.932 23.077 33.68
1156 19.093 37.102 35.7
1157 34.558 2.948 41.225
1158 35.797 28.235 31.017
1159 11.412 40.991 23.699
1160 31.451 1.091 37.764
1161 17.85 25.359 37.601
1162 27.522 24.107 37.621
1163 11.191 22.287 24.821
1164 15.989 27.452 1.877
1165 34.145 40.186 34.422
1166 39.464 15.739 7.584
1167 9.504 39.805 12.351
1168 32.775 15.904 17.987
1169 26.131 0.553 40.913
1170 25.331 3.711 41.869
1171 12.666 42.886 37.603
1172 10.827 27.36 32.608
1173 31.939 36.34 36.398
1174 27.057 8.849 43.195
1175 24.737 2.498 18.862
1176 30.106 14.891 39.968
1177 38.218 27.686 27.388
1178 14.607 34.403 39.298
1179 33.417 0.505 8.603
1180 13.371 26.466 14.613
1181 27.645 39.402 9.672
1182 15.082 12.452 26.232
1183 22.438 18.625 20.73
1184 28.618 39.053 41.508
1185 27.329 8.269 2.744
1186 9.444 7.178 15.563
1187 13.763 17.743 15.928
1188 29.724 20.138 17.708
1189 29.755 27.124 2.886
1190 32.615 8.743 34.848
1191 16.042 32.5 2.992
1192 10.449 35.779 26.856
1193 30.078 25.263 26.934
1194 34.644 4.89 1.398
1195 17.077 23.618 32.444
1196 17.494 34.124 13.09
1197 11.69 31.68 42.044
1198 20.151 10.99 23.872
1199 28.076 21.621 34.027
1200 37.522 10.942 1.688
1201 26.564 4.012 9.496
1202 34.943 41.758 26.995
1203 38.101 22.527 14.907
1204 28.462 38.658 30.723
1205 23.133 34.382 28.705
1206 20.045 3.706 40.55
1207 38.393 13.34 1.951
1208 30.742 16.765 33.752
1209 14.529 15.74 37.832
1210 26.324 30.945 23.487
1211 26.606 26.384 16.984
1212 13.713 18.106 9.957
1213 13.904 4.407 15.357
1214 29.826 42.712 19.789
1215 26.567 30.937 12.927
1216 23.108 12.993 21.667
1217 12.072 12.799 35.759
1218 36.723 17.966 23.409
1219 17.061 8.252 18.394
1220 16.543 19.792 41.074
1221 38.653 39.831 36.5
1222 30.461 22.154 20.812
1223 9.615 24.311 30.497
1224 32.615 20.693 41.231
1225 36.57 28.965 21.758
1226 19.989 1.197 28.041
1227 15.24 20.994 29.408
1228 23.712 15.51 16.189
1229 12.775 14.393 15.289
1230 32.468 22.993 1.897
1231 35.279 24.724 9.73
1232 14.484 3.126 13.116
1233 35.055 17.853 30.198
1234 25.549 36.757 2.888
1235 12.441 27.952 10.24
1236 12.739 26.375 20.762
1237 24.761 26.398 16.893
1238 11.841 41.549 34.338
1239 38.135 29.45 1.237
1240 34.362 14.784 7.411
1241 16.327 5.372 8.756
1242 21.198 11.358 1.785
1243 18.669 15.398 14.28
1244 23.161 27.667 5.608
1245 28.417 42.829 34.42
1246 11.093 7.509 11.443
1247 34.208 12.562 12.622
1248 14.65 41.57 39.994
1249 22.578 20.468 33.996
1250 26.168 21.422 25.803
1251 18.776 19.888 5.227
1252 16.066 17.445 32.223
1253 31.221 10.982 15.548
1254 19.84 0.395 41.492
1255 16.931 40.864 32.505
1256 21.43 35.353 25.318
1257 28.858 35.058 3.313
1258 16.034 18.829 36.443
1259 10.752 43.416 41.194
1260 31.524 31.003 28.723
1261 22.564 35.354 15.675
1262 27.095 22.6 11.203
1263 23.141 32.019 23.801
1264 21.708 7.543 4.861
1265 21.157 43.508 23.02
1266 33.268 23.131 3.283
1267 35.478 22.499 41.479
1268 25.882 35.059 39.899
1269 38.171 30.755 1.187
1270 41.643 2.57 4.326
1271 29.418 29.016 8.201
1272 35.377 2.253 3.91
1273 16.351 9.542 13.113
1274 11.688 6.799 40.824
1275 11.913 0.236 38.468
1276 34.628 1.035 13.032
1277 32.38 26.064 24.015
1278 15.902 19.176 19.004
1279 40.403 22.36 14.84
1280 39.018 18.99 16.591
1281 16.699 4.6 25.589
1282 33.878 39.121 37.745
1283 14.053 1.602 19.587
1284 10.234 13.285 20.165
1285 20.85 7.713 15.158
1286 30.227 6.218 2.98
1287 24.312 28.405 26.57
1288 31.932 9.35 26.627
1289 16.23 9.931 23.969
1290 19.168 18.729 40.818
1291 28.929 7.776 29.768
1292 39.712 33.698 5.379
1293 33.786 20.69 14.837
1294 18.649 4.427 8.544
1295 23.138 24.302 35.889
1296 13.208 14.453 23.759
1297 24.465 4.278 34.097
1298 18.076 19.885 22.407
1299 9.507 4.813 25.146
1300 37.918 11.05 12.436
1301 20.833 9.881 25.103
1302 23.38 10.36 14.125
1303 36.616 22.316 37.155
1304 16.505 38.717 41.13
1305 29.935 12.268 41.373
1306 15.636 38.2 30.841
1307 24.555 35.364 36.04
1308 27.735 29.585 27.006
1309 40.503 13.898 18.741
1310 22.759 14.131 11.195
1311 14.572 26.8 28.523
1312 36.443 23.298 17.568
1313 13.919 26.928 18.571
1314 35.679 0.586 33.467
1315 26.669 19.881 19.122
1316 23.625 24.115 38.962
1317 28.447 8.285 6.806
1318 35.15 10.296 41.174
1319 13.801 7.316 43.759
1320 40.381 39.091 3.303
1321 19.207 9.264 29.404
1322 8.995 7.324 6.57
1323 36.623 14.01 1.64
1324 9.629 26.113 12.116
1325 14.109 11.454 41.861
1326 35.99 41.816 12.811
1327 19.519 38.3 40.886
1328 39.866 32.947 23.632
1329 41.754 17.442 37.647
1330 24.785 30.334 40.26
1331 18.592 6.886 3.872
1332 18.513 10.32 17.885
1333 24.761 22.409 38.529
1334 28.029 31.564 40.743
1335 26.175 10.333 34.355
1336 20.22 19.039 19.245
1337 29.445 37.741 12.2
1338 17.63 20.199 5.848
1339 35.747 39.897 0.246
1340 8.873 33.3 34.208
1341 35.103 36.962 39.536
1342 35.428 8.975 33.365
1343 16.303 42.301 41.542
1344 38.847 11.681 21.516
1345 26.764 7.495 23.989
1346 22.981 38.567 33.279
1347 27.623 38.834 24.08
1348 23.542 10.088 38.404
1349 20.106 16.452 1.606
1350 13.699 11.62 18.832
1351 23.081 43.301 0.836
1352 37.441 24.808 29.969
1353 31.499 3.915 4.474
1354 20.495 19.631 43.749
1355 38.313 2.926 37.787
1356 31.618 41.691 33.366
1357 31.298 34.357 7.371
1358 21.151 8.477 6.74
1359 15.204 24.974 29.098
1360 37.399 18.235 40.236
1361 26.196 7.292 21.821
1362 25.921 20.403 17.722
1363 24.084 16.94 3.118
1364 16.503 29.602 29.453
1365 41.081 2.852 32.588
1366 29.192 12.192 15.57
1367 11.1 15.732 37.517
1368 9.163 23.01 15.921
1369 12.375 22.913 31.864
1370 12.678 26.415 8.367
1371 17.316 24.553 36.499
1372 35.487 38.685 43.554
1373 18.477 42.664 39.495
1374 33.916 40.887 1.697
1375 28.597 20.808 1.121
1376 24.961 35.053 30.059
1377 25.001 17.349 37.224
1378 14.816 34.43 32.346
1379 25.675 34.164 3.644
1380 20.201 32.938 29.868
1381 11.098 10.079 27.74
1382 40.578 8.072 9.175
1383 38.974 3.255 3.907
1384 18.555 14.602 21.554
1385 30.925 28.218 3.881
1386 19.863 32.392 11.813
1387 37.829 13.737 9.567
1388 13.238 20.554 30.928
1389 20.859 31.495 42.272
1390 19.579 41.491 35.984
1391 38.957 28.841 34.844
1392 29.23 35.173 40.704
1393 15.577 15.018 1.42
1394 29.973 24.829 10.693
1395 35.716 9.252 39.587
1396 40.026 13.014 4.316
1397 11.143 13.483 43.698
1398 20.031 22.563 18.958
1399 21.125 11.874 18.053
1400 38.922 21.058 33.851
1401 39.133 24.215 8.237
1402 16.159 34.865 0.906
1403 23.714 33.469 32.194
1404 29.26 19.086 11.991
1405 12.66 40.085 12.197
1406 16.028 32.669 24.172
1407 34.731 15.924 7.344
1408 20.858 1.413 31.949
1409 18.408 41.48 31.81
1410 31.722 5.793 24.481
1411 35.352 4.624 21.85
1412 32.335 13.648 15.484
1413 26.966 21.776 38.897
1414 15.261 12.412 17.007
1415 18.712 39.989 42.624
1416 14.051 34.763 19.175
1417 8.589 35.032 40.813
1418 16.181 29.864 2.39
1419 38.425 39.312 40.104
1420 27.906 2.635 22.123
1421 26.34 6.649 38.468
1422 11.565 38.809 13.273
1423 35.838 28.914 10.577
1424 21.622 28.671 41.664
1425 27.031 29.61 10.639
1426 33.231 8.088 37.584
1427 37.563 33.224 38.348
1428 22.939 41.817 39.813
1429 20.731 13.271 19.116
1430 8.866 9.172 17.352
1431 16.65 31.448 31.214
1432 26.042 13.239 27.851
1433 20.451 8.363 43.383
1434 22.204 34.748 14.319
1435 30.13 20.704 14.496
1436 30.229 15.958 39.102
1437 26.432 31.981 15.832
1438 33.946 3.615 13.436
1439 18.891 31.494 24.629
1440 11.175 3.08 16.182
1441 29.289 11.427 24.055
1442 37.548 5.658 36.849
1443 29.449 12.929 1.905
1444 9.165 17.365 19.381
1445 18.319 37.626 16.594
1446 39.486 8.284 28.726
1447 10.006 38.893 7.622
1448 12.383 11.293 34.501
1449 27.403 22.739 7.434
1450 29.659 12.628 18.978
1451 40.625 29.942 23.998
1452 20.885 37.654 26.807
1453 28.299 8.812 34.66
1454 16.463 41.961 31.247
1455 18.61 32.98 29.857
1456 19.615 38.561 15.557
1457 9.67 18.167 12.237
1458 24.853 13.589 42.476
1459 10.508 14.301 38.874
1460 28.41 37.395 27.794
1461 21.594 8.873 26.048
1462 26.373 34.249 41.308
1463 29.378 7.636 21.097
1464 30.001 27.816 17.802
1465 19.842 32.091 35.68
1466 35.081 6.812 17.813
1467 22.687 3.518 36.542
1468 38.895 15.965 11.273
1469 27.287 20.314 13.702
1470 34.26 4.474 4.364
1471 13.323 23.733 28.705
1472 19.12 14.99 28.649
1473 24.272 34.808 11.603
1474 35.161 12.657 22.23
1475 10.772 33.224 15.138
1476 18.851 21.762 19.117
1477 38.942 31.204 15.951
1478 11.37 4.543 40.937
1479 10.55 3.873 32.493
1480 17.319 4.95 24.582
1481 29.729 8.179 3.557
1482 36.689 1.844 3.004
1483 41.816 16.207 23.264
1484 9.386 39.147 28.3
1485 11.706 31.196 39.65
1486 15.087 28.504 31.073
1487 9.679 28.135 2.641
1488 39.734 0.372 30.376
1489 19.982 42.273 22.499
1490 33.558 13.42 21.805
1491 12.236 29.383 26.924
1492 13.184 40.724 20.254
1493 25.133 15.849 12.859
1494 18.851 10.131 22.348
1495 38.581 41.247 17.259
1496 34.759 33.452 34.029
1497 24.882 21.065 11.064
1498 11.47 22.671 32.514
1499 13.14 36.014 11.798
1500 13.727 43.774 42.963
1501 27.175 2.485 19.589
1502 30.426 42.584 1.365
1503 12.336 23.945 25.615
1504 16.344 26.002 31.547
1505 15.897 29.146 29.192
1506 9.372 35.639 25.981
1507 36.836 30.657 20.383
1508 20.203 5.538 13.996
1509 14.178 16.327 20.731
1510 16.385 24.759 3.882
1511 29.815 24.105 41.828
1512 33.221 2.169 13.233
1513 32.285 0.667 4.695
1514 23.484 2.472 26.037
1515 17.428 2.871 42.033
1516 37.049 42.957 21.681
1517 10.307 16.141 33.324
1518 25.432 39.998 36.343
1519 10.667 11.713 23.388
1520 39.092 10.221 42.635
1521 17.575 39.074 2.774
1522 39.073 3.403 39.184
1523 26.201 38.798 12.619
1524 10.386 37.618 4.213
1525 40.219 42.402 11.492
1526 20.774 36.278 5.134
1527 23.465 5.234 27.626
1528 36.007 27.6 2.682
1529 37.804 35.873 39.606
1530 20.179 26.374 34.805
1531 12.106 35.715 7.659
1532 29.852 24.465 0.459
1533 15.316 6.768 18.22
1534 26.86 36.898 28.881
1535 15.684 2.241 43.622
1536 36.0 35.527 27.668
1537 35.65 16.633 28.41
1538 31.229 9.838 33.379
1539 36.378 17.889 14.879
1540 22.923 36.931 31.069
1541 18.552 29.834 21.84
1542 32.558 35.947 6.474
1543 18.995 43.167 39.368
1544 9.395 24.473 14.722
1545 9.116 32.653 32.062
1546 31.216 22.366 5.748
1547 32.434 19.147 11.922
1548 23.587 17.64 24.496
1549 22.272 36.541 9.244
1550 13.759 0.272 17.412
1551 31.51 31.711 28.018
1552 28.248 19.315 26.637
1553 20.447 14.78 19.611
1554 36.015 37.77 16.968
1555 36.122 41.468 7.988
1556 31.008 9.947 2.698
1557 36.139 14.216 9.401
1558 23.522 16.034 14.779
1559 38.272 26.157 28.847
1560 28.416 42.023 38.488
1561 21.95 15.916 27.74
1562 34.424 3.375 11.165
1563 10.738 31.458 37.601
1564 9.388 37.795 3.368
1565 32.348 3.339 42.987
1566 23.184 12.955 9.768
1567 14.705 32.999 5.693
1568 18.885 19.158 37.428
1569 18.892 22.038 14.609
1570 37.707 6.697 25.865
1571 12.453 24.871 39.511
1572 32.78 35.417 29.588
1573 37.815 33.201 30.025
1574 33.361 33.292 15.96
1575 38.086 21.791 14.408
1576 19.176 34.818 19.534
1577 23.928 28.38 13.355
1578 30.897 35.27 15.098
1579 12.075 33.57 19.787
1580 32.255 27.82 16.136
1581 10.371 34.071 2.668
1582 41.182 42.339 7.194
1583 23.692 35.267 13.882
1584 38.9 31.473 11.483
1585 10.671 3.39 34.8
1586 15.395 19.438 4.961
1587 30.47 18.907 13.778
1588 20.446 39.165 6.758
1589 39.016 7.427 3.911
1590 32.841 1.083 32.282
1591 28.239 25.128 4.728
1592 32.811 14.902 29.721
1593 39.206 30.761 7.724
1594 31.041 33.602 20.907
1595 29.088 16.235 30.517
1596 21.924 14.961 12.079
1597 31.473 1.796 25.395
1598 41.549 28.09 17.288
1599 24.613 41.248 39.206
1600 40.817 30.43 21.107
1601 27.347 35.755 23.388
1602 30.529 25.835 2.768
1603 36.888 1.495 31.645
1604 23.059 27.037 33.636
1605 10.912 16.948 19.884
1606 27.679 34.058 34.306
1607 40.263 42.693 33.274
1608 21.151 1.245 32.371
1609 14.978 0.776 37.807
1610 10.939 41.852 29.407
1611 38.477 29.576 18.916
1612 26.865 15.258 2.674
1613 23.0 33.225 27.184
1614 17.103 25.383 17.751
1615 34.192 27.646 42.226
1616 36.854 16.202 21.667
1617 38.116 25.07 33.633
1618 14.05 42.098 37.295
1619 21.653 40.584 34.373
1620 34.147 28.38 13.572
1621 22.997 4.193 12.827
1622 9.869 24.385 10.248
1623 14.892 32.595 4.505
1624 38.453 16.357 24.987
1625 13.561 16.34 19.648
1626 10.787 42.69 10.671
1627 10.354 21.131 25.145
1628 28.137 19.172 16.851
1629 9.611 40.504 13.815
1630 36.225 3.839 17.057
1631 14.907 8.798 17.813
1632 29.715 25.389 15.477
1633 27.375 33.311 0.803
1634 11.011 29.853 9.627
1635 31.308 27.313 27.453
1636 32.635 32.137 24.083
1637 26.182 39.993 33.055
1638 28.073 8.814 37.41
1639 23.338 22.846 18.217
1640 22.538 12.123 36.464
1641 22.504 36.092 18.72
1642 25.624 38.614 21.936
1643 26.287 18.12 15.305
1644 13.886 17.504 3.886
1645 19.377 31.472 31.362
1646 30.287 16.066 23.912
1647 34.605 17.07 35.485
1648 18.987 38.489 4.079
1649 16.141 34.878 41.59
1650 20.386 33.244 14.31
1651 17.956 31.345 7.273
1652 23.468 13.523 30.367
1653 14.737 18.679 40.886
1654 20.733 5.388 7.276
1655 12.12 1.736 19.954
1656 25.884 32.817 22.465
1657 34.443 26.755 37.461
1658 17.501 42.996 38.114
1659 38.319 32.897 31.81
1660 17.334 31.533 2.434
1661 35.444 10.576 20.657
1662 39.349 14.517 13.474
1663 37.353 2.618 12.014
1664 12.839 13.229 11.784
1665 25.797 29.063 15.309
1666 11.399 11.935 33.047
1667 37.332 16.587 17.624
1668 24.791 20.655 26.275
1669 20.626 13.107 4.714
1670 13.089 42.731 25.39
1671 37.545 40.119 21.347
1672 13.156 38.944 2.808
1673 38.184 19.982 43.6
1674 36.521 12.371 2.36
1675 34.169 1.651 28.717
1676 8.953 20.793 7.231
1677 40.356 39.017 29.552
1678 37.917 1.189 40.155
1679 38.303 22.69 28.502
1680 22.466 36.51 8.483
1681 30.967 6.862 32.277
1682 35.897 34.783 27.095
1683 9.884 41.678 38.321
1684 35.157 17.748 3.68
1685 23.075 40.918 21.143
1686 31.373 30.687 20.259
1687 27.329 20.012 11.805
1688 33.259 6.895 36.755
1689 29.804 12.163 21.93
1690 22.08 23.164 35.893
1691 31.909 29.425 22.035
1692 34.824 13.847 43.267
1693 16.338 33.164 8.191
1694 34.351 18.612 16.11
1695 11.539 22.083 32.084
1696 41.769 38.139 7.679
1697 25.288 41.924 5.839
1698 23.863 20.037 31.716
1699 15.051 13.244 28.729
1700 26.075 43.155 12.804
1701 24.346 29.084 18.05
1702 28.165 5.322 21.781
1703 12.505 2.929 38.61
1704 31.203 41.586 11.494
1705 16.505 40.198 12.199
1706 10.12 40.404 20.772
1707 29.082 7.056 37.289
1708 17.396 32.871 43.208
1709 30.335 42.813 15.376
1710 10.729 31.486 32.018
1711 35.201 1.55 39.759
1712 32.113 15.813 6.651
1713 39.662 8.541 4.482
1714 12.626 11.095 40.22
1715 26.138 29.087 42.683
1716 22.611 28.583 30.486
1717 19.003 28.282 10.182
1718 10.181 33.882 18.658
1719 13.79 13.845 13.279
1720 30.084 33.755 6.149
1721 10.977 25.967 26.443
1722 38.937 39.427 15.028
1723 20.83 18.572 5.051
1724 32.24 12.83 32.174
1725 11.782 29.147 15.478
1726 25.147 2.376 40.89
1727 11.594 35.17 19.351
1728 17.496 40.937 8.928
1729 16.921 24.52 29.965
1730 40.753 3.605 29.587
1731 12.772 14.911 33.028
1732 15.561 21.69 7.432
1733 14.816 36.588 35.042
1734 26.824 18.257 7.45
1735 16.366 12.425 26.361
1736 13.101 2.37 16.452
1737 32.739 33.34 19.076
1738 40.369 14.64 24.722
1739 28.822 42.778 32.383
1740 11.054 21.062 32.337
1741 40.998 19.549 1.712
1742 40.446 25.894 41.256
1743 40.096 41.638 34.703
1744 41.303 32.511 13.094
1745 26.635 12.613 14.153
1746 23.881 24.273 13.174
1747 25.726 28.069 16.604
1748 27.517 6.177 7.556
1749 24.905 4.008 38.762
1750 41.125 28.562 41.273
1751 32.423 25.973 19.148
1752 19.327 25.301 34.229
1753 35.568 23.091 14.188
1754 28.166 15.658 28.361
1755 30.552 8.288 28.225
1756 31.89 36.597 41.446
1757 18.291 20.775 18.004
1758 11.882 23.872 23.987
1759 26.545 34.04 43.199
1760 39.524 41.225 19.771
1761 10.99 10.332 9.664
1762 32.915 10.396 20.082
1763 15.426 32.642 35.038
1764 29.183 41.567 22.903
1765 28.245 5.205 43.643
1766 16.363 5.35 27.944
1767 33.582 43.674 22.949
1768 12.978 17.011 39.941
1769 29.832 36.595 10.638
1770 9.384 3.729 3.009
1771 34.872 38.963 14.28
1772 21.851 38.779 42.172
1773 11.476 29.499 11.566
1774 31.339 1.584 19.432
1775 22.022 43.586 4.164
1776 14.173 43.15 14.892
1777 18.98 31.177 38.956
1778 17.715 11.39 0.864
1779 39.435 19.417 17.709
1780 38.753 3.585 36.227
1781 28.804 10.737 7.975
1782 14.887 20.977 26.432
1783 40.089 25.456 3.672
1784 22.684 14.463 27.069
1785 12.525 17.516 7.332
1786 25.358 12.654 27.702
1787 24.177 10.953 37.712
1788 18.187 42.354 19.925
1789 36.451 41.111 7.76
1790 28.131 25.643 41.216
1791 41.776 10.916 16.648
1792 41.964 13.305 14.89
1793 30.659 24.677 23.893
1794 41.943 22.694 20.33
1795 26.954 11.472 34.85
1796 34.248 13.428 5.188
1797 36.136 6.516 28.667
1798 18.636 26.155 13.448
1799 37.203 3.429 30.335
1800 10.158 13.213 17.638
1801 41.585 32.76 2.44
1802 23.695 13.662 33.446
1803 32.34 3.557 40.636
1804 20.445 4.821 8.484
1805 26.24 31.266 9.052
1806 18.244 2.622 24.151
1807 18.328 25.022 40.649
1808 14.182 11.131 26.91
1809 35.117 23.238 41.906
1810 33.37 23.298 29.957
1811 29.905 6.099 11.878
1812 27.506 5.014 14.107
1813 19.235 3.833 32.255
1814 12.393 8.692 3.015
1815 26.79 42.328 35.935
1816 26.523 36.944 4.547
1817 34.281 43.729 13.465
1818 34.151 38.392 37.785
1819 16.83 27.947 34.266
1820 25.22 29.184 39.71
1821 40.042 33.463 1.927
1822 36.789 42.183 32.686
1823 36.91 40.088 36.7
1824 13.654 25.63 24.339
1825 18.307 5.135 4.708
1826 28.05 30.613 20.594
1827 10.149 41.895 33.65
1828 38.973 22.549 6.765
1829 32.737 0.504 37.029
1830 12.599 35.918 12.636
1831 25.422 17.363 29.838
1832 9.08 40.046 41.417
1833 22.182 16.132 19.077
1834 35.945 26.466 21.414
1835 32.728 4.322 21.224
1836 40.657 41.052 13.92
1837 38.574 10.686 33.025
1838 15.178 42.193 12.38
1839 19.47 19.449 42.533
1840 14.194 40.038 10.665
1841 10.624 43.081 35.42
1842 24.496 5.194 2.772
1843 25.975 41.901 21.44
1844 20.05 29.418 31.581
1845 14.497 40.168 12.551
1846 12.728 20.06 10.798
1847 31.081 20.5 36.697
1848 17.136 13.897 19.506
1849 38.69 18.684 31.6
1850 35.792 28.101 42.137
1851 35.843 1.223 0.727
1852 27.616 27.539 17.041
1853 10.531 15.921 39.783
1854 34.493 24.309 25.472
1855 32.508 31.941 13.753
1856 31.148 5.406 35.693
1857 23.948 3.254 14.604
1858 15.606 42.778 19.388
1859 12.905 15.677 15.519
1860 34.158 24.455 31.539
1861 34.01 16.125 19.384
1862 8.708 12.439 38.971
1863 15.716 6.253 37.102
1864 23.331 34.065 37.665
1865 36.25 15.794 4.77
1866 11.8 20.022 43.786
1867 14.043 27.012 31.805
1868 10.287 17.708 6.811
1869 33.587 4.549 43.277
1870 19.292 39.909 31.792
1871 24.331 13.124 11.182
1872 21.411 40.775 28.615
1873 11.656 6.964 41.255
1874 25.617 31.419 8.432
1875 23.73 1.972 9.482
1876 26.238 18.173 35.828
1877 24.978 35.966 7.241
1878 29.764 24.744 15.871
1879 37.421 39.886 32.2
1880 15.096 7.42 32.768
1881 24.753 39.548 22.819
1882 30.058 35.625 2.259
1883 9.12 9.822 24.422
1884 39.353 3.296 31.853
1885 21.054 38.345 29.367
1886 8.745 24.293 10.026
1887 17.361 35.823 8.2
1888 39.135 24.277 42.562
1889 31.703 43.692 10.051
1890 24.063 21.007 29.121
1891 16.245 32.252 14.153
1892 34.155 42.76 10.934
1893 30.569 18.014 12.323
1894 25.006 39.881 1.197
1895 29.648 33.514 8.381
1896 13.365 29.157 24.108
1897 10.125 26.579 41.698
1898 22.676 37.949 42.956
1899 39.947 1.601 31.318
1900 17.763 9.358 25.754
1901 30.625 11.88 42.881
1902 24.247 0.896 41.21
1903 14.021 11.142 3.342
1904 29.594 38.821 21.65
1905 29.733 6.849 17.239
1906 27.424 2.171 21.329
1907 16.345 26.551 15.609
1908 27.484 30.821 23.212
1909 27.21 29.171 24.061
1910 29.459 42.836 37.737
1911 39.34 19.263 35.171
1912 10.299 16.865 18.837
1913 25.37 9.007 17.046
1914 11.266 34.32 30.168
1915 26.552 4.615 8.574
1916 29.715 13.493 19.271
1917 32.23 17.82 11.933
1918 39.599 35.133 15.229
1919 12.45 43.624 14.026
1920 41.791 33.687 10.499
1921 33.88 25.271 31.95
1922 8.927 41.163 43.11
1923 33.704 32.675 9.556
1924 10.707 4.279 19.038
1925 9.383 20.313 18.599
1926 19.699 10.354 11.688
1927 11.286 2.362 37.592
1928 15.751 38.559 40.497
1929 37.733 14.515 21.027
1930 12.13 5.908 7.962
1931 14.571 29.173 26.54
1932 31.803 14.405 36.855
1933 14.071 3.256 3.221
1934 33.163 1.885 40.55
1935 28.621 6.0 14.374
1936 9.25 38.332 24.748
1937 11.644 22.1 38.949
1938 30.139 17.524 20.431
1939 18.48 28.79 27.687
1940 27.444 41.5 13.198
1941 11.949 16.775 16.711
1942 9.938 10.899 38.962
1943 40.661 2.675 40.552
1944 13.209 4.084 3.242
1945 14.464 35.045 38.645
1946 21.676 34.554 20.015
1947 24.811 12.838 31.955
1948 10.134 7.487 35.54
1949 18.723 4.522 41.878
1950 39.864 40.673 1.165
1951 10.284 5.663 37.468
1952 39.251 6.077 14.22
1953 11.248 24.191 31.937
1954 22.421 35.591 29.613
1955 24.009 13.979 24.819
1956 16.81 21.664 17.03
1957 10.181 10.638 4.817
1958 23.716 13.916 32.561
1959 34.111 5.363 28.174
1960 29.088 13.48 2.346
1961 35.452 7.225 16.16
1962 20.317 33.455 1.641
1963 37.123 30.203 15.811
1964 12.51 35.156 40.323
1965 39.841 1.741 31.346
1966 34.295 13.865 11.346
1967 25.459 0.844 23.463
1968 19.406 5.821 20.107
1969 15.523 43.021 26.432
1970 11.361 11.318 28.835
1971 39.163 17.601 28.708
1972 25.195 42.285 5.31
1973 30.425 23.809 5.906
1974 17.922 28.48 9.68
1975 28.393 9.754 10.314
1976 31.752 9.824 23.86
1977 13.257 19.838 35.832
1978 27.151 40.694 3.37
1979 26.137 35.341 41.84
1980 32.357 14.324 40.144
1981 38.594 12.492 28.824
1982 31.61 36.529 34.531
1983 14.864 5.865 23.846
1984 40.474 31.927 39.133
1985 25.307 13.006 10.532
1986 37.83 32.094 11.879
1987 17.305 26.108 37.038
1988 8.626 3.979 40.644
1989 38.141 2.894 28.213
1990 38.58 29.034 17.052
1991 35.503 42.0 41.746
1992 31.847 10.854 19.665
1993 24.085 2.522 28.877
1994 30.721 23.535 41.119
1995 9.675 34.29 1.217
1996 26.489 42.272 3.799
1997 13.947 9.913 29.765
1998 33.859 27.618 6.566
1999 20.475 17.933 43.11
2000 9.012 19.094 34.19
2001 28.587 30.502 31.214
2002 40.082 30.473 16.844
2003 9.963 3.325 9.79
2004 40.248 24.448 21.087
2005 18.276 31.97 34.358
2006 33.951 3.495 2.27
2007 8.425 29.879 3.294
2008 20.664 35.971 9.755
2009 16.124 2.277 34.52
2010 18.515 19.358 32.305
2011 41.465 18.865 36.706
2012 38.389 32.581 11.039
2013 38.681 26.479 18.932
2014 27.829 40.564 29.042
2015 13.033 42.581 17.279
2016 30.572 23.27 17.839
2017 15.729 5.699 4.748
2018 12.978 27.406 41.593
2019 12.867 34.034 25.816
2020 23.177 11.538 43.605
2021 30.267 28.419 33.462
2022 36.923 41.267 7.153
2023 10.986 12.104 37.828
2024 8.409 6.088 30.828
2025 28.281 4.709 13.288
2026 13.003 13.254 17.002
2027 37.751 42.388 8.939
2028 39.085 34.039 19.551
2029 28.822 34.209 23.231
2030 28.25 10.953 18.409
2031 30.798 34.817 23.581
2032 31.059 20.787 1.661
2033 8.73 34.589 19.777
2034 41.58 1.998 5.611
2035 41.743 43.04 7.03
2036 36.446 18.181 4.586
2037 10.487 5.091 14.787
2038 24.038 39.441 32.031
2039 18.108 4.839 19.036
2040 17.46 9.954 26.87
2041 31.31 22.885 9.836
2042 37.991 28.037 4.036
2043 35.938 14.386 25.384
2044 14.144 29.687 6.366
2045 30.507 21.623 4.36
2046 40.929 19.664 10.453
2047 35.162 8.482 0.895
2048 25.095 28.279 36.042
2049 17.466 25.977 27.217
2050 36.066 30.698 29.771
2051 28.257 35.34 6.363
2052 41.681 4.129 7.193
2053 40.565 39.842 7.415
2054 14.772 19.486 40.946
2055 15.14 34.885 19.851
2056 17.229 38.556 23.887
2057 8.873 36.182 33.336
2058 35.962 3.656 42.21
2059 22.466 40.877 22.007
2060 21.589 39.446 36.641
2061 27.615 4.083 2.783
2062 35.95 21.423 18.698
2063 28.725 16.974 15.435
2064 25.441 3.015 9.859
2065 26.029 10.003 42.544
2066 25.511 25.942 7.356
2067 28.008 32.087 39.708
2068 19.121 41.074 42.733
2069 29.235 9.327 16.814
2070 33.406 39.038 18.276
2071 37.521 26.976 18.061
2072 10.328 12.767 11.687
2073 18.851 21.349 29.386
2074 11.646 32.423 28.134
2075 11.359 26.521 39.025
2076 24.787 40.969 26.147
2077 15.392 35.881 7.628
2078 21.92 15.549 5.398
2079 17.56 22.901 34.803
2080 26.478 21.538 26.328
2081 14.149 12.219 21.319
2082 35.025 14.07 12.274
2083 41.854 0.959 39.876
2084 13.467 18.132 10.381
2085 11.462 20.087 27.368
2086 19.911 41.931 29.667
2087 36.015 37.862 20.814
2088 30.805 26.37 18.995
2089 36.702 22.955 9.864
2090 21.291 41.586 18.543
2091 35.881 10.333 36.731
2092 35.971 22.914 1.067
2093 35.569 9.914 17.868
2094 38.779 32.938 34.62
2095 19.29 40.87 37.059
2096 13.432 9.091 31.901
2097 34.846 13.6 32.701
2098 21.382 43.556 36.634
2099 40.99 31.962 41.381
2100 24.214 21.271 26.25
2101 17.258 14.956 6.361
2102 26.866 0.386 11.22
2103 30.463 39.502 34.718
2104 22.177 18.004 10.555
2105 28.986 38.358 11.087
2106 19.125 20.227 10.681
2107 24.803 39.97 26.377
2108 26.164 12.107 41.469
2109 29.695 31.125 9.033
2110 38.433 28.498 5.7
2111 40.027 42.163 11.274
2112 13.385 42.989 25.235
2113 16.054 14.848 11.294
2114 24.557 14.992 3.349
2115 39.391 35.63 4.838
2116 37.781 20.575 43.249
2117 41.832 2.314 39.761
2118 37.326 10.866 2.305
2119 38.403 41.67 19.317
2120 18.149 17.936 23.723
2121 21.684 43.239 25.33
2122 20.051 13.094 5.999
2123 19.666 20.126 39.618
2124 15.508 8.297 22.943
2125 31.732 41.21 9.281
2126 23.891 35.754 25.092
2127 35.572 28.603 43.383
2128 34.496 4.015 10.348
2129 30.719 32.074 16.841
2130 40.429 30.974 31.431
2131 39.242 16.034 25.538
2132 12.718 12.936 26.798
2133 10.011 5.123 39.892
2134 40.516 7.319 4.924
2135 27.744 23.067 22.629
2136 36.123 7.352 5.792
2137 39.598 40.854 30.069
2138 18.96 16.525 8.444
2139 12.907 28.029 4.808
2140 15.139 35.032 32.3
2141 18.59 16.328 4.793
2142 30.77 34.574 21.231
2143 20.983 21.191 2.034
2144 27.238 10.711 36.947
2145 25.241 0.669 2.653
2146 18.934 34.607 3.466
2147 26.406 34.167 15.164
2148 21.405 34.115 6.614
2149 17.736 12.401 24.646
2150 40.554 16.01 28.572
2151 16.645 29.56 27.55
2152 26.074 26.48 7.279
2153 21.716 43.061 36.684
2154 30.394 14.66 19.54
2155 21.492 32.593 31.938
2156 39.032 13.849 37.654
2157 29.308 9.461 11.878
2158 27.151 4.587 32.071
2159 41.662 35.902 40.99
2160 36.976 32.913 15.252
2161 31.363 39.235 22.947
2162 30.8 28.578 23.849
2163 23.907 30.607 38.917
2164 27.38 7.379 31.228
2165 22.975 4.202 28.181
2166 32.81 30.194 7.094
2167 22.649 39.38 33.508
2168 40.099 13.435 8.22
2169 35.004 21.521 9.881
2170 29.524 6.667 30.643
2171 9.441 40.825 19.735
2172 34.318 39.833 7.226
2173 13.408 34.523 30.091
2174 33.644 12.033 4.866
2175 29.823 39.906 21.977
2176 16.153 17.291 8.54
2177 36.323 7.306 7.234
2178 29.385 39.239 10.829
2179 10.74 27.745 36.549
2180 36.784 20.258 13.469
2181 27.187 40.554 8.432
2182 39.569 28.952 28.694
2183 15.853 20.941 13.409
2184 36.227 12.061 37.823
2185 32.379 4.111 5.732
2186 34.989 37.226 40.531
2187 37.269 11.46 26.412
2188 36.423 2.799 27.402
2189 27.323 41.432 32.591
2190 33.21 3.702 31.59
2191 10.484 5.05 15.598
2192 18.412 20.578 41.924
2193 36.494 41.398 31.044
2194 25.174 35.513 15.784
2195 13.72 21.675 43.391
2196 19.682 25.41 36.003
2197 17.076 41.591 16.203
2198 39.978 3.505 27.296
2199 17.23 40.204 5.686
2200 35.207 37.222 19.281
2201 25.59 18.994 2.367
2202 33.243 19.662 34.177
2203 9.587 34.492 43.46
2204 37.485 17.708 29.56
2205 17.925 7.021 31.622
2206 36.213 2.633 43.516
2207 34.289 29.428 32.373
2208 39.64 20.462 8.382
2209 27.155 30.245 13.716
2210 12.753 15.447 22.867
2211 22.961 31.977 33.563
2212 24.327 12.535 15.688
2213 14.065 30.461 30.059
2214 39.604 30.078 40.779
2215 21.68 33.574 25.641
2216 13.349 22.717 23.364
2217 14.058 34.658 37.796
2218 39.432 31.528 15.882
2219 36.503 13.321 17.822
2220 28.386 31.868 11.443
2221 12.985 25.621 6.403
2222 23.469 21.51 22.44
2223 41.504 42.368 38.095
2224 15.137 6.363 2.149
2225 33.245 5.163 40.086
2226 24.828 23.987 8.402
2227 9.296 36.337 5.656
2228 15.057 33.213 13.215
2229 36.918 38.721 34.961
2230 21.654 18.766 21.255
2231 9.262 30.945 29.526
2232 16.804 10.141 1.482
2233 27.569 4.752 28.336
2234 33.476 40.015 42.336
2235 20.882 40.141 3.56
2236 31.188 1.879 37.141
2237 20.049 20.703 2.517
2238 40.437 21.349 42.505
2239 11.393 3.708 26.644
2240 13.643 24.701 24.258
2241 13.428 28.3 17.688
2242 9.077 20.504 9.881
2243 14.148 43.567 41.541
2244 26.201 24.223 17.686
2245 11.21 37.545 37.866
2246 20.463 35.758 41.637
2247 33.911 24.134 39.266
2248 17.365 28.112 20.522
2249 39.628 9.54 29.453
2250 16.375 6.642 18.96
2251 35.933 38.916 43.189
2252 24.854 12.774 13.166
2253 33.278 1.738 11.804
2254 29.405 31.654 4.394
2255 26.921 27.613 27.118
2256 16.792 10.719 15.477
2257 23.685 8.538 42.543
2258 20.304 30.886 33.007
2259 14.243 15.869 39.901
2260 37.193 16.348 21.29
2261 24.136 4.876 10.425
2262 21.908 18.917 21.424
2263 14.969 36.5 10.437
2264 20.254 8.174 16.318
2265 37.357 42.571 26.987
2266 21.975 28.044 8.234
2267 31.514 42.059 31.383
2268 16.935 12.135 38.745
2269 40.752 29.652 38.754
2270 16.818 38.64 0.307
2271 20.863 15.71 24.391
2272 13.062 22.241 37.118
2273 25.993 41.193 34.747
2274 22.924 35.786 10.726
2275 18.453 3.342 34.659
2276 35.456 37.293 3.212
2277 22.775 37.286 14.032
2278 40.325 1.662 9.078
2279 14.478 14.06 12.113
2280 11.624 35.982 18.641
2281 13.918 40.577 2.768
2282 34.56 17.785 37.662
2283 12.929 36.971 39.738
2284 11.742 32.183 29.126
2285 15.643 6.37 21.484
2286 28.777 22.364 36.158
2287 22.928 24.959 10.256
2288 35.095 36.62 36.245
2289 35.429 16.035 32.895
2290 33.162 33.501 11.385
2291 35.869 14.703 6.95
2292 26.02 10.505 31.049
2293 11.777 32.949 11.977
2294 35.243 17.387 28.319
2295 30.465 30.969 34.548
2296 41.35 1.386 21.061
2297 27.112 36.78 12.357
2298 39.742 35.748 34.895
2299 29.833 0.568 5.411
2300 21.928 36.156 30.235
2301 27.73 26.0 38.081
2302 17.593 19.194 2.487
2303 19.386 8.335 43.666
2304 16.706 3.393 17.716
2305 18.736 13.501 31.968
2306 24.636 30.264 30.358
2307 32.973 5.721 29.277
2308 37.563 12.518 11.346
2309 37.303 5.121 21.125
2310 15.997 23.899 14.726
2311 25.078 40.379 8.975
2312 21.746 17.348 9.243
2313 35.075 39.611 35.715
2314 19.659 41.139 39.65
2315 10.333 35.116 40.319
2316 23.254 28.712 36.623
2317 37.099 3.124 36.597
2318 37.341 30.176 29.083
2319 40.446 17.988 9.981
2320 14.928 42.123 17.572
2321 17.869 30.992 16.295
2322 31.17 12.908 3.121
2323 28.685 11.187 9.667
2324 14.753 33.296 4.821
2325 12.514 9.894 26.408
2326 27.167 5.226 29.612
2327 27.794 37.78 11.915
2328 35.156 27.637 40.235
2329 28.598 37.908 40.894
2330 10.162 22.215 17.054
2331 38.741 21.981 20.731
2332 10.157 4.194 7.096
2333 37.792 17.284 41.198
2334 20.423 10.146 24.13
2335 24.089 4.414 39.02
2336 12.166 36.626 7.53
2337 30.106 20.554 4.177
2338 21.12 8.431 14.923
2339 32.828 32.326 42.446
2340 19.403 15.751 37.85
2341 10.471 33.788 40.957
2342 39.349 16.057 18.68
2343 19.017 34.519 26.811
2344 17.959 8.469 38.432
2345 17.781 22.674 34.828
2346 14.625 16.222 40.587
2347 10.382 40.281 39.085
2348 31.276 33.343 34.76
2349 22.668 42.113 33.094
2350 24.434 20.171 40.111
2351 21.324 14.996 26.074
2352 19.734 15.254 33.674
2353 41.381 41.684 42.904
2354 19.319 33.847 7.317
2355 41.934 4.128 30.031
2356 16.511 43.189 29.361
2357 13.268 11.635 15.057
2358 28.676 26.251 1.163
2359 16.831 37.346 6.21
2360 27.713 20.124 21.44
2361 27.288 33.601 17.476
2362 12.965 33.058 2.977
2363 22.986 30.673 29.17
2364 33.023 36.118 25.938
2365 33.019 40.136 20.253
2366 26.488 35.963 42.262
2367 21.816 2.019 27.489
2368 31.298 10.692 19.846
2369 14.237 9.432 41.64
2370 40.847 40.497 35.493
2371 38.899 35.668 11.258
2372 28.423 28.941 29.818
2373 17.527 18.626 20.372
2374 24.533 6.717 34.729
2375 23.459 40.862 2.73
2376 30.297 21.939 9.339
2377 32.032 36.777 18.37
2378 12.157 0.437 35.02
2379 25.361 36.464 14.248
2380 39.094 15.931 27.415
2381 41.012 21.698 23.756
2382 9.527 30.629 7.179
2383 22.604 29.553 33.455
2384 13.261 31.5 41.864
2385 17.592 43.044 12.601
2386 17.957 7.25 40.532
2387 39.842 10.983 0.666
2388 9.359 2.418 42.233
2389 16.224 10.903 10.122
2390 40.517 0.237 30.788
2391 19.354 42.31 13.195
2392 14.867 20.297 41.262
2393 13.806 32.205 26.815
2394 10.537 13.43 43.041
2395 27.309 20.507 43.183
2396 29.969 13.528 28.354
2397 21.638 16.362 16.679
2398 30.464 23.597 8.384
2399 22.672 20.912 20.727
2400 33.188 5.76 8.447
2401 23.837 29.12 43.016
2402 15.942 36.127 20.206
2403 40.729 31.274 41.558
2404 18.443 32.069 15.331
2405 11.975 19.083 36.194
2406 11.293 23.943 29.544
2407 20.757 10.733 9.524
2408 24.897 38.918 12.87
2409 21.101 39.292 4.813
2410 26.605 25.264 10.76
2411 31.075 19.905 6.101
2412 16.582 0.572 22.52
2413 37.754 6.21 31.663
2414 32.917 37.169 43.631
2415 35.882 2.066 32.368
2416 27.746 34.68 6.021
2417 17.597 9.894 15.947
2418 37.724 35.094 9.742
2419 41.319 29.248 42.012
2420 23.156 6.974 3.608
2421 38.29 19.546 43.016
2422 9.955 2.951 24.238
2423 39.392 4.324 2.852
2424 12.591 40.215 0.824
2425 27.058 10.623 30.715
2426 39.46 35.385 37.711
2427 39.059 4.196 6.132
2428 33.906 40.178 24.034
2429 25.216 3.501 12.577
2430 30.986 1.71 42.763
2431 11.391 13.167 24.757
2432 36.936 5.894 10.389
2433 35.635 11.214 31.516
2434 22.727 23.216 39.671
2435 22.952 16.848 13.937
2436 26.649 36.412 15.818
2437 37.062 34.494 16.483
2438 14.755 35.014 41.586
2439 35.85 22.418 14.841
2440 21.347 4.197 41.558
2441 40.987 4.678 25.752
2442 16.52 33.222 12.48
2443 14.044 1.13 38.664
2444 35.91 13.08 3.638
2445 20.514 41.056 1.803
2446 11.898 42.73 38.145
2447 39.918 18.383 26.444
2448 11.629 10.415 16.846
2449 22.386 5.883 4.991
2450 14.189 4.422 21.096
2451 11.14 27.938 11.13
2452 33.671 20.817 39.227
2453 31.29 13.885 31.792
2454 24.48 41.769 43.692
2455 36.004 23.707 24.565
2456 29.411 41.673 10.504
2457 30.526 36.452 9.294
2458 24.781 9.4 9.607
2459 34.828 22.548 38.844
2460 11.914 22.505 5.648
2461 38.442 29.831 17.438
2462 13.478 19.688 31.995
2463 23.071 16.335 25.983
2464 39.201 41.682 28.341
2465 29.111 21.606 19.503
2466 18.591 33.257 2.649
2467 16.169 43.267 6.527
2468 16.624 20.469 22.495
2469 36.107 36.473 20.509
2470 16.059 19.573 41.311
2471 35.375 24.291 24.007
2472 30.752 12.861 13.096
2473 22.481 19.756 20.83
2474 21.702 8.932 27.78
2475 29.318 33.272 35.554
2476 32.638 18.782 42.0
2477 27.279 16.988 16.651
2478 17.15 1.553 41.287
2479 16.787 26.935 18.795
2480 25.077 2.591 37.085
2481 28.088 38.36 13.067
2482 20.05 18.746 31.01
2483 28.775 12.163 30.765
2484 31.914 16.937 5.223
2485 11.378 6.374 14.91
2486 35.742 2.227 1.244
2487 22.856 42.249 26.708
2488 11.121 34.538 35.468
2489 15.105 31.653 16.441
2490 17.769 42.383 10.341
2491 9.084 13.23 34.783
2492 38.802 4.643 37.914
2493 25.338 13.85 19.281
2494 41.591 22.857 12.423
2495 41.786 4.878 37.316
2496 26.06 11.604 24.786
2497 16.189 18.611 37.441
2498 29.226 20.386 4.166
2499 33.043 2.964 15.038
2500 41.546 33.456 42.567
2501 37.47 21.396 30.438
2502 36.457 9.354 32.567
2503 36.469 4.472 18.915
2504 18.143 19.477 41.912
2505 19.534 11.625 1.446
2506 27.227 38.774 35.629
2507 28.669 6.405 0.457
2508 13.595 6.83 1.164
2509 29.308 12.961 27.086
2510 27.5 10.663 8.753
2511 8.896 12.356 32.287
2512 28.511 12.344 11.471
2513 16.813 9.098 25.875
2514 12.337 12.325 16.191
2515 10.653 22.175 9.766
2516 8.988 26.083 18.622
2517 29.988 5.209 17.951
2518 19.123 16.994 24.608
2519 36.659 17.131 18.881
2520 8.452 20.739 4.05
2521 23.144 7.809 43.316
2522 12.227 36.433 31.39
2523 27.254 29.34 23.671
2524 21.911 15.336 5.123
2525 22.673 7.707 9.655
2526 27.544 9.626 30.511
2527 10.237 4.161 28.35
2528 12.553 9.42 22.034
2529 16.085 24.813 37.868
2530 36.256 1.471 6.76
2531 16.424 33.224 22.117
2532 20.102 29.789 20.677
2533 18.003 8.626 43.763
2534 20.847 37.671 2.865
2535 24.102 5.594 34.429
2536 38.046 8.804 9.116
2537 37.674 5.475 9.545
2538 12.428 41.345 27.539
2539 39.649 6.138 36.28
2540 23.289 5.685 31.159
2541 33.685 11.267 22.291
2542 13.976 42.186 37.29
2543 28.031 34.856 27.724
2544 34.398 36.391 37.324
2545 38.498 12.389 37.032
2546 15.045 40.956 12.449
2547 22.112 18.195 5.829
2548 15.397 11.75 7.64
2549 36.71 41.592 38.241
2550 38.202 14.861 29.086
2551 22.117 0.49 6.092
2552 12.493 10.759 40.398
2553 28.187 32.739 29.528
2554 10.169 32.573 40.459
2555 27.366 7.433 6.233
2556 23.888 19.81 40.683
2557 39.118 30.707 17.51
2558 29.117 30.419 31.33
2559 15.939 9.162 35.949
2560 20.2 9.826 32.553
2561 23.603 19.334 38.64
2562 13.276 25.922 3.554
2563 39.536 10.96 43.681
2564 34.1 29.069 29.225
2565 22.937 1.72 31.4
2566 32.194 1.532 43.722
2567 40.686 33.93 0.255
2568 23.16 8.426 26.716
2569 31.778 32.898 8.975
2570 19.51 30.306 35.359
2571 22.499 41.976 3.797
2572 16.878 27.492 5.41
2573 34.691 35.432 2.433
2574 20.878 9.25 11.773
2575 15.399 6.474 14.858
2576 18.592 31.892 25.823
2577 38.718 34.474 18.746
2578 39.834 28.325 25.803
2579 26.561 29.627 37.477
2580 11.171 29.265 19.598
2581 38.11 20.206 11.795
2582 23.771 7.642 14.476
2583 22.747 38.413 15.157
2584 31.794 1.45 7.945
2585 9.503 0.808 6.322
2586 12.779 35.95 25.639
2587 11.794 41.188 16.252
2588 41.527 32.616 2.014
2589 15.659 32.976 43.158
2590 30.462 42.2 14.627
2591 19.09 1.694 42.865
2592 35.828 36.535 12.651
2593 22.748 7.415 13.834
2594 16.796 32.413 37.231
2595 40.083 39.583 8.771
2596 15.7 4.71 0.914
2597 11.717 23.132 35.675
2598 11.983 35.513 2.241
2599 40.579 38.638 22.719
2600 36.356 4.253 7.35
2601 31.024 38.739 2.312
2602 24.415 19.881 1.415
2603 38.662 34.813 30.948
2604 16.749 33.227 29.773
2605 30.557 14.958 26.358
2606 9.81 22.565 31.152
2607 13.501 25.321 20.102
2608 9.647 31.093 19.644
2609 32.856 31.567 9.328
2610 37.528 30.277 10.223
2611 13.229 17.707 36.962
2612 20.144 9.063 10.103
2613 26.654 33.747 38.949
2614 33.917 13.806 8.535
2615 21.338 14.656 14.479
2616 38.338 41.778 36.405
2617 14.736 27.626 12.897
2618 8.876 24.59 41.13
2619 19.847 4.275 12.376
2620 34.372 32.788 29.875
2621 38.407 38.155 39.723
2622 36.087 17.432 35.401
2623 38.497 28.824 23.367
2624 25.173 30.613 1.081
2625 31.603 9.508 17.642
2626 20.209 2.36 24.888
2627 14.387 30.98 18.307
2628 16.967 43.484 17.4
2629 9.375 16.886 18.665
2630 24.759 17.864 15.071
2631 33.509 13.964 5.565
2632 20.647 40.704 23.875
2633 9.762 30.842 25.709
2634 20.781 22.439 1.966
2635 17.466 43.257 19.885
2636 41.84 42.97 4.752
2637 15.82 23.795 25.217
2638 27.79 7.215 9.085
2639 20.619 25.24 16.323
2640 24.648 15.159 12.392
2641 34.582 36.293 11.577
2642 24.807 23.98 41.373
2643 11.064 36.89 3.307
2644 21.523 41.675 1.345
2645 33.262 29.875 16.348
2646 31.806 40.69 4.7
2647 37.444 12.546 18.153
2648 17.258 11.037 1.655
2649 35.855 16.225 31.85
2650 18.015 27.567 36.623
2651 28.256 28.725 15.174
2652 41.335 36.603 43.231
2653 16.837 32.914 21.543
2654 35.101 2.997 29.097
2655 17.499 25.062 27.626
2656 18.778 36.717 17.206
2657 15.603 23.589 26.762
2658 37.942 29.021 38.501
2659 19.721 0.646 10.762
2660 26.632 15.36 7.87
2661 41.769 21.364 1.287
2662 17.65 28.109 39.3
2663 13.558 14.456 19.392
2664 34.337 9.954 21.274
2665 9.617 42.992 29.835
2666 33.493 36.819 15.806
2667 35.627 8.994 35.455
2668 9.44 40.462 22.534
2669 9.308 37.181 30.063
2670 14.167 13.102 27.961
2671 14.366 21.588 3.971
2672 39.127 14.707 33.756
2673 13.288 4.331 30.777
2674 21.674 39.07 32.309
2675 36.211 29.816 22.596
2676 36.079 25.0 37.882
2677 27.095 0.687 29.172
2678 41.649 32.537 2.838
2679 28.919 18.245 5.185
2680 34.711 24.13 1.392
2681 15.846 23.91 32.875
2682 10.692 32.357 7.248
2683 27.712 8.398 13.082
2684 32.801 27.044 34.445
2685 14.284 5.421 33.565
2686 25.606 36.136 2.196
2687 22.921 16.544 12.143
2688 29.681 15.824 20.856
2689 34.367 30.841 29.165
2690 19.519 1.944 26.034
2691 14.449 30.993 23.843
2692 17.082 35.413 31.789
2693 18.309 24.091 32.96
2694 11.618 12.551 11.125
2695 17.912 3.396 30.02
2696 14.997 1.108 14.266
2697 11.673 33.491 1.268
2698 33.036 11.096 13.216
2699 15.528 30.828 17.174
2700 16.546 29.927 35.044
2701 20.713 13.526 34.981
2702 31.906 26.517 0.821
2703 17.663 23.732 25.906
2704 13.166 35.371 30.572
2705 17.834 17.673 28.812
2706 12.904 36.884 14.448
2707 40.196 41.843 41.014
2708 29.544 32.949 22.179
2709 28.991 12.151 40.146
2710 29.948 34.777 28.028
2711 23.17 39.414 27.632
2712 35.484 24.632 21.816
2713 13.479 21.756 31.086
2714 20.158 39.282 3.182
2715 13.353 32.079 24.094
2716 30.619 4.38 1.01
2717 12.639 33.647 13.817
2718 38.872 10.707 24.685
2719 38.45 34.789 38.06
2720 29.232 27.767 17.064
2721 37.674 9.074 3.369
2722 18.314 38.094 29.182
2723 17.481 34.924 1.108
2724 37.875 23.394 27.268
2725 12.092 31.153 41.258
2726 41.377 40.251 2.233
2727 26.051 6.68 24.277
2728 36.709 12.295 31.739
2729 31.698 9.257 8.385
2730 38.629 8.574 26.598
2731 15.881 8.069 12.766
2732 9.652 24.999 3.294
2733 9.023 26.227 34.859
2734 21.674 38.181 39.589
2735 23.256 38.119 5.005
2736 29.826 38.99 8.421
2737 34.897 20.514 4.39
2738 27.623 2.706 20.591
2739 26.448 20.172 3.209
2740 33.11 4.408 38.855
2741 41.812 15.416 17.185
2742 16.196 25.013 34.428
2743 38.22 13.693 33.35
2744 12.261 7.403 1.132
2745 22.788 13.499 8.959
2746 10.861 34.374 37.231
2747 8.891 21.277 41.068
2748 14.819 13.417 22.34
2749 8.932 38.464 15.171
2750 10.316 38.522 7.268
2751 30.057 25.444 27.618
2752 40.728 9.223 23.038
2753 13.53 22.726 38.551
2754 20.875 24.574 10.607
2755 26.319 25.987 25.608
2756 29.471 26.189 8.721
2757 36.804 37.945 38.757
2758 11.594 16.06 26.007
2759 37.848 38.733 41.315
2760 12.637 42.717 34.463
2761 37.819 36.718 3.08
2762 32.948 43.681 17.583
2763 24.843 1.951 20.844
2764 12.435 9.025 25.636
2765 10.316 0.424 29.52
2766 8.577 6.272 33.911
2767 13.03 18.828 38.843
2768 26.483 21.014 27.858
2769 18.006 7.531 35.076
2770 29.761 12.125 14.639
2771 10.026 21.115 7.472
2772 30.76 28.437 13.631
2773 14.915 22.047 22.823
2774 29.374 14.429 12.06
2775 37.675 27.037 1.063
2776 41.927 2.937 26.436
2777 36.297 22.051 0.283
2778 14.995 37.108 42.664
2779 14.535 18.826 25.299
2780 13.968 15.686 17.79
2781 38.402 27.29 3.246
2782 25.778 30.864 6.003
2783 19.278 11.583 5.087
2784 13.022 40.994 19.747
2785 22.689 16.156 41.09
2786 35.483 37.045 35.065
2787 28.912 26.132 42.605
2788 15.606 19.454 12.74
2789 31.673 39.375 35.618
2790 32.652 31.752 19.447
2791 31.355 27.406 24.302
2792 40.474 32.048 42.896
2793 41.016 24.675 24.177
2794 14.653 27.543 15.338
2795 25.381 20.726 23.925
2796 36.291 5.653 39.82
2797 8.78 0.986 14.763
2798 32.779 34.386 16.438
2799 17.449 38.679 24.213
2800 14.557 21.049 24.112
2801 28.774 18.992 27.899
2802 36.686 42.133 1.6
2803 13.068 5.774 14.896
2804 29.305 41.479 22.419
2805 38.093 24.273 26.724
2806 33.195 5.222 5.867
2807 15.914 43.545 29.523
2808 18.844 32.542 31.097
2809 20.734 18.629 17.036
2810 33.267 3.598 22.219
2811 26.749 18.577 18.7
2812 11.188 34.199 33.352
2813 38.686 28.541 31.176
2814 38.338 29.875 18.748
2815 37.725 10.702 0.942
2816 24.079 14.638 24.587
2817 32.634 21.496 32.2
2818 13.716 32.798 7.87
2819 38.049 17.885 26.155
2820 20.715 37.853 18.251
2821 38.888 24.44 29.793
2822 20.53 42.701 3.838
2823 40.504 1.555 24.581
2824 34.468 10.801 5.354
2825 27.287 22.413 18.888
2826 15.022 11.027 1.486
2827 13.853 14.576 19.414
2828 18.223 22.407 39.447
2829 26.836 35.622 14.567
2830 15.887 24.95 17.148
2831 10.37 22.375 17.65
2832 17.077 29.697 32.806
2833 26.502 27.42 17.476
2834 23.16 39.62 14.135
2835 18.765 12.005 38.081
2836 22.32 43.574 41.285
2837 9.649 41.007 34.288
2838 18.457 39.939 9.343
2839 39.192 7.085 41.6
2840 10.749 22.908 34.691
2841 24.47 14.329 7.683
2842 28.467 37.677 23.368
2843 9.615 22.009 40.426
2844 24.671 33.446 2.5
2845 23.694 1.46 7.858
2846 33.89 40.58 13.573
2847 36.446 38.465 41.456
2848 25.363 2.807 35.704
2849 40.033 5.271 33.508
2850 28.468 10.373 39.709
2851 15.619 19.713 8.07
2852 17.43 34.032 23.908
2853 28.396 17.43 33.174
2854 31.734 26.861 4.407
2855 13.878 32.669 20.646
2856 39.736 12.121 10.451
2857 21.933 41.24 25.353
2858 18.484 11.183 4.019
2859 41.463 1.813 14.014
2860 26.775 41.358 28.789
2861 29.04 15.403 9.918
2862 20.927 37.415 2.286
2863 32.215 30.375 8.52
2864 27.306 30.976 16.468
2865 30.939 11.742 38.638
2866 26.07 15.916 43.757
2867 39.877 21.569 5.019
2868 9.287 21.159 6.227
2869 20.364 21.993 16.926
2870 23.024 21.142 40.726
2871 41.488 37.244 41.909
2872 34.853 25.289 21.864
2873 17.197 37.244 4.673
2874 28.324 5.225 38.157
2875 20.03 5.111 13.585
2876 35.932 21.615 6.79
2877 19.027 26.428 2.121
2878 21.632 36.588 16.626
2879 19.367 31.069 17.342
2880 10.788 41.021 27.421
2881 32.176 34.602 39.264
2882 10.0 15.025 12.684
2883 9.379 5.194 20.236
2884 37.125 11.881 2.508
2885 17.627 6.438 14.1
2886 10.018 7.937 17.453
2887 27.434 13.677 38.776
2888 36.672 40.362 1.461
2889 35.241 15.946 36.316
2890 34.833 43.436 31.035
2891 18.843 4.092 41.091
2892 39.303 2.002 27.743
2893 39.606 27.362 35.529
2894 17.708 27.291 43.25
2895 9.353 8.398 10.669
2896 31.481 8.678 38.244
2897 13.383 34.852 18.478
2898 25.983 6.617 5.393
2899 10.978 19.8 31.505
2900 16.701 22.815 21.516
2901 26.875 1.338 6.286
2902 19.234 26.716 35.227
2903 10.625 43.017 28.003
2904 37.212 9.364 11.038
