location capacity Xf Yf
1 8.39 9.163 42.638
2 10.49 38.663 23.044
3 6.3 20.72 4.19
4 8.39 13.19 22.424
5 4.2 34.489 3.171
6 10.49 21.475 36.159
7 10.49 40.163 10.814
8 2.1 34.086 7.767
9 2.1 40.095 36.303
10 2.1 34.979 33.704
11 8.39 3.158 10.211
12 10.49 24.86 42.94
13 6.3 5.544 32.026
14 4.2 35.273 3.555
15 8.39 0.253 35.773
16 8.39 34.012 40.052
17 10.49 9.991 25.946
18 10.49 34.992 5.817
19 6.3 42.152 13.639
20 10.49 22.374 3.968
21 4.2 19.036 22.651
22 8.39 21.022 17.548
23 10.49 40.545 37.873
24 10.49 29.501 15.63
25 8.39 27.986 13.901
26 10.49 3.476 16.218
27 4.2 21.703 2.882
28 4.2 40.499 17.811
29 10.49 40.145 15.188
30 8.39 13.755 29.548
31 6.3 15.063 33.505
32 8.39 11.725 25.208
33 8.39 28.787 0.409
34 10.49 36.374 18.265
35 4.2 26.067 6.488
36 2.1 8.857 33.146
37 8.39 20.176 17.648
38 4.2 13.076 29.02
39 4.2 13.722 39.516
40 8.39 10.017 37.183
41 2.1 21.844 34.952
42 8.39 30.444 6.428
43 2.1 5.18 41.533
44 2.1 40.799 23.756
45 4.2 4.964 21.458
46 8.39 20.849 38.694
47 10.49 11.702 25.6
48 10.49 3.647 10.655
49 2.1 33.452 24.932
50 10.49 41.862 10.869
51 10.49 19.334 15.102
52 6.3 16.368 25.344
53 4.2 37.055 2.421
54 4.2 13.281 15.005
55 8.39 26.019 36.769
56 8.39 12.714 13.05
57 10.49 16.222 22.567
58 8.39 17.033 15.824
59 2.1 23.663 2.613
60 6.3 30.032 3.307
61 2.1 5.881 34.379
62 6.3 1.659 2.606
63 4.2 30.345 6.531
64 6.3 13.823 1.921
65 4.2 10.032 19.965
66 8.39 39.3 25.837
67 10.49 4.021 38.93
68 4.2 16.555 8.771
69 4.2 39.859 14.57
70 4.2 24.392 14.762
71 6.3 38.167 8.629
72 2.1 28.257 30.959
73 4.2 43.591 30.249
74 10.49 36.989 4.941
75 10.49 15.322 10.992
76 6.3 19.196 40.401
77 2.1 2.903 31.886
78 2.1 5.021 6.21
79 10.49 13.404 39.168
80 4.2 24.139 22.819
81 6.3 22.187 11.48
82 6.3 43.594 25.849
83 4.2 10.154 22.762
84 10.49 28.542 30.941
85 4.2 19.805 32.753
86 2.1 19.688 22.297
87 4.2 15.785 32.733
88 2.1 12.391 5.411
89 6.3 37.715 32.641
90 6.3 5.671 27.903
91 6.3 2.323 25.217
92 2.1 18.505 19.372
93 4.2 39.045 14.119
94 10.49 40.385 13.43
95 8.39 12.789 33.415
96 2.1 38.219 21.77
97 4.2 11.487 36.929
98 2.1 4.374 25.474
99 8.39 18.074 38.639
100 6.3 2.768 18.34
101 2.1 20.941 37.051
102 8.39 40.038 1.65
103 4.2 1.799 28.02
104 2.1 43.225 7.326
105 4.2 37.301 31.047
106 10.49 42.093 10.002
107 2.1 41.108 34.182
108 6.3 1.937 21.467
109 4.2 19.555 37.144
110 4.2 8.119 40.277
111 2.1 37.743 31.285
112 4.2 0.881 29.669
113 2.1 12.425 37.692
114 6.3 0.264 40.078
115 8.39 26.382 25.668
116 10.49 41.466 8.565
117 8.39 38.748 9.712
118 6.3 32.32 20.294
119 6.3 1.735 7.166
120 2.1 34.729 25.403
121 6.3 30.182 10.833
122 6.3 31.588 22.202
123 2.1 43.316 40.998
124 4.2 24.275 25.169
125 4.2 34.871 17.67
126 8.39 11.643 18.615
127 6.3 18.678 31.137
128 6.3 33.834 34.511
129 2.1 24.472 14.944
130 4.2 32.048 26.244
131 4.2 41.673 42.812
132 4.2 6.276 12.074
133 10.49 33.182 10.917
134 2.1 38.206 15.024
135 10.49 15.654 4.132
136 4.2 33.518 22.096
137 8.39 2.402 26.145
138 8.39 11.301 27.987
139 2.1 1.655 27.125
140 10.49 8.088 20.504
141 2.1 36.223 8.287
142 8.39 0.623 28.251
143 4.2 6.675 40.608
144 4.2 25.077 26.141
145 4.2 39.483 27.736
146 6.3 8.338 12.82
147 4.2 36.858 35.685
148 10.49 8.671 24.772
149 2.1 29.271 36.381
150 8.39 5.65 10.255
151 4.2 33.857 13.243
152 10.49 39.956 34.765
153 2.1 0.408 41.145
154 2.1 43.108 13.927
155 8.39 4.59 22.11
156 10.49 39.887 27.557
157 4.2 12.798 40.366
158 4.2 5.951 29.198
159 4.2 33.87 25.547
160 10.49 26.566 0.344
161 6.3 30.104 27.035
162 4.2 29.676 36.53
163 8.39 36.356 36.594
164 4.2 17.456 3.698
165 2.1 12.753 33.05
166 4.2 32.038 26.466
167 2.1 31.037 4.575
168 2.1 32.755 9.808
169 4.2 10.64 39.398
170 2.1 20.851 13.693
171 10.49 37.292 8.104
172 8.39 23.252 1.227
173 4.2 4.708 10.583
174 2.1 25.317 15.303
175 6.3 18.612 9.715
176 6.3 38.146 18.583
177 6.3 18.697 40.562
178 4.2 33.96 27.524
179 2.1 4.57 12.194
180 4.2 25.833 36.153
181 8.39 28.325 39.706
182 2.1 37.844 18.132
183 2.1 26.874 37.81
184 10.49 4.162 14.635
185 8.39 12.064 15.717
186 6.3 10.056 21.016
187 8.39 5.997 29.892
188 10.49 26.353 41.041
189 2.1 25.762 40.487
190 4.2 4.337 42.014
191 8.39 33.49 17.361
192 8.39 8.577 16.273
193 10.49 27.286 35.856
194 8.39 8.681 16.169
195 6.3 7.329 33.587
196 6.3 27.218 5.132
197 6.3 13.461 22.403
198 6.3 7.226 26.655
199 2.1 22.573 36.783
200 2.1 5.266 35.162
201 4.2 35.824 5.274
202 8.39 1.627 30.657
203 6.3 31.316 29.483
204 2.1 1.484 8.933
205 2.1 14.091 6.363
206 8.39 23.189 10.041
207 6.3 35.301 5.392
208 6.3 36.689 18.562
209 2.1 22.538 30.725
210 2.1 29.351 37.216
211 8.39 27.306 36.413
212 4.2 38.26 3.35
213 4.2 36.991 18.546
214 8.39 39.742 4.513
215 4.2 12.463 8.011
216 4.2 3.527 2.163
217 10.49 27.639 10.413
218 4.2 33.271 7.391
219 10.49 3.409 2.547
220 6.3 20.422 26.584
221 10.49 36.149 23.811
222 2.1 28.818 35.456
223 2.1 42.285 15.983
224 10.49 41.127 26.383
225 8.39 22.341 12.376
226 10.49 18.425 19.939
227 10.49 22.444 28.399
228 6.3 5.002 26.287
229 6.3 26.884 30.979
230 10.49 12.056 20.798
231 4.2 25.802 33.322
232 6.3 41.938 21.43
233 10.49 37.82 37.159
234 6.3 29.224 31.052
235 2.1 2.926 18.136
236 8.39 18.789 39.637
237 8.39 40.6 8.336
238 4.2 38.726 40.599
239 6.3 17.54 38.456
240 2.1 35.525 32.213
241 2.1 27.763 17.374
242 4.2 25.144 40.396
243 8.39 3.292 34.261
244 6.3 19.713 26.899
245 2.1 15.199 19.955
246 2.1 40.296 40.656
247 8.39 24.593 19.146
248 8.39 29.159 26.675
249 4.2 4.204 4.553
250 8.39 2.431 1.14
251 10.49 16.787 40.468
252 6.3 18.426 36.123
253 10.49 27.086 31.914
254 6.3 37.209 13.164
255 4.2 9.82 33.434
256 6.3 6.741 39.025
257 2.1 31.375 42.123
258 8.39 21.328 13.027
259 8.39 31.383 23.339
260 10.49 13.104 14.576
261 4.2 6.16 30.677
262 8.39 17.852 17.717
263 10.49 36.275 20.147
264 6.3 29.735 35.501
265 6.3 11.507 33.671
266 2.1 37.012 37.248
267 4.2 10.471 42.652
268 8.39 25.911 23.2
269 6.3 14.182 24.611
270 2.1 34.805 25.942
271 4.2 34.846 2.85
272 6.3 25.602 21.245
273 6.3 24.263 13.724
274 10.49 39.014 9.663
275 6.3 7.177 6.679
276 2.1 43.055 32.123
277 2.1 27.789 16.452
278 2.1 32.856 5.768
279 6.3 2.928 0.5
280 8.39 37.541 32.31
281 6.3 7.709 10.355
282 2.1 41.296 6.609
283 4.2 33.797 32.26
284 2.1 36.127 1.267
285 2.1 8.509 4.154
286 4.2 41.634 39.799
287 2.1 7.659 36.686
288 2.1 38.927 5.139
289 2.1 10.275 35.186
290 10.49 1.949 21.45
291 8.39 18.474 39.483
292 6.3 24.786 37.903
293 2.1 24.847 10.754
294 6.3 17.272 8.754
295 2.1 30.982 15.687
296 10.49 7.824 0.302
297 2.1 25.378 43.308
298 2.1 13.893 21.573
299 2.1 16.065 34.585
300 8.39 21.764 11.91
301 10.49 21.634 31.392
302 6.3 6.232 2.642
303 10.49 4.016 19.612
304 6.3 36.743 38.341
305 4.2 14.304 4.626
306 6.3 7.697 11.182
307 4.2 6.449 12.491
308 2.1 43.42 13.624
309 4.2 42.072 4.284
310 10.49 2.93 0.969
311 6.3 13.181 15.272
312 8.39 6.053 22.537
313 10.49 35.111 28.646
314 10.49 29.356 6.462
315 4.2 34.363 29.328
316 6.3 42.5 6.984
317 4.2 10.259 41.701
318 8.39 0.566 23.694
319 6.3 30.844 27.695
320 4.2 24.254 19.105
321 8.39 20.087 40.156
322 8.39 22.553 23.377
323 6.3 27.805 34.691
324 10.49 41.672 22.49
325 8.39 26.298 25.297
326 8.39 4.035 30.28
327 10.49 15.02 10.542
328 2.1 26.38 27.001
329 10.49 16.626 37.565
330 10.49 4.127 21.217
331 8.39 14.633 22.962
332 2.1 27.733 28.069
333 4.2 32.903 17.891
334 10.49 34.212 3.492
335 10.49 34.925 12.696
336 2.1 3.33 39.899
337 6.3 7.187 7.643
338 2.1 23.267 29.557
339 2.1 1.098 13.831
340 8.39 18.436 16.879
341 10.49 31.265 34.313
342 10.49 2.793 4.519
343 10.49 27.764 4.74
344 6.3 19.676 20.241
345 2.1 6.206 8.705
346 8.39 4.729 6.678
347 6.3 13.176 41.986
348 4.2 26.719 4.608
349 4.2 6.963 3.827
350 8.39 4.648 8.356
351 4.2 16.088 28.782
352 4.2 23.401 3.787
353 8.39 17.702 17.023
354 6.3 32.378 13.763
355 4.2 37.52 3.835
356 2.1 25.501 10.501
357 10.49 38.408 39.271
358 2.1 13.41 9.278
359 4.2 30.318 23.287
360 6.3 1.407 43.263
361 2.1 33.509 19.385
362 2.1 12.256 18.331
363 6.3 23.033 7.684
364 8.39 19.345 13.151
365 2.1 12.121 7.74
366 10.49 3.265 11.721
367 4.2 29.66 11.605
368 10.49 10.989 43.779
369 6.3 15.083 28.613
370 4.2 27.438 30.237
371 4.2 0.361 3.329
372 6.3 22.746 5.642
373 4.2 37.826 34.54
374 4.2 9.279 35.851
375 6.3 9.536 8.834
376 10.49 13.056 5.604
377 10.49 6.233 26.925
378 8.39 26.904 39.735
379 10.49 42.024 12.332
380 8.39 19.757 29.721
381 6.3 22.866 17.092
382 2.1 22.7 32.574
383 4.2 15.044 13.513
384 4.2 15.487 31.495
385 6.3 34.643 25.896
386 6.3 13.233 22.442
387 4.2 31.54 6.299
388 8.39 28.608 34.802
389 4.2 40.336 21.751
390 10.49 35.128 0.469
391 2.1 9.839 36.929
392 10.49 6.239 7.516
393 4.2 13.394 34.643
394 6.3 19.754 33.335
395 2.1 13.711 5.713
396 8.39 41.962 41.165
397 4.2 3.766 23.26
398 6.3 10.207 8.407
399 10.49 5.433 23.754
400 4.2 17.695 14.273
401 2.1 8.594 5.7
402 2.1 11.756 21.329
403 6.3 1.696 8.952
404 4.2 13.853 10.96
405 4.2 8.073 28.122
406 6.3 1.461 13.773
407 4.2 28.2 14.13
408 4.2 8.967 4.801
409 2.1 6.412 25.802
410 6.3 2.048 15.531
411 2.1 35.068 18.776
412 6.3 4.767 19.913
413 2.1 37.373 12.336
414 4.2 18.472 13.229
415 2.1 36.268 25.272
416 6.3 37.231 30.231
417 8.39 42.217 5.438
418 6.3 12.971 12.176
419 6.3 33.738 8.605
420 6.3 27.888 5.539
421 8.39 12.27 11.079
422 8.39 19.666 25.961
423 8.39 18.832 38.579
424 8.39 22.347 33.901
425 4.2 11.408 41.755
426 2.1 39.579 20.798
427 6.3 21.116 38.439
428 6.3 20.423 34.813
429 10.49 5.996 15.449
430 6.3 21.946 12.823
431 6.3 42.911 29.286
432 2.1 1.432 14.328
433 8.39 26.065 23.632
434 4.2 43.35 25.217
435 4.2 31.917 22.585
436 2.1 25.979 16.33
437 8.39 2.03 38.601
438 8.39 30.433 25.608
439 10.49 29.542 20.48
440 8.39 27.194 10.597
441 6.3 11.368 26.838
442 6.3 21.654 5.982
443 10.49 24.147 13.088
444 8.39 31.673 41.213
445 8.39 33.919 5.597
446 8.39 38.041 15.074
447 4.2 10.698 23.385
448 6.3 16.192 39.855
449 2.1 40.357 5.257
450 2.1 5.629 27.724
451 6.3 9.495 20.898
452 10.49 8.994 28.57
453 6.3 13.347 12.65
454 6.3 23.107 0.972
455 8.39 12.471 38.978
456 4.2 26.99 39.611
457 4.2 43.611 8.806
458 6.3 3.589 18.605
459 6.3 34.65 3.723
460 8.39 30.568 15.957
461 10.49 43.702 33.671
462 4.2 6.491 18.4
463 6.3 14.284 42.851
464 8.39 20.833 26.879
465 2.1 19.837 21.286
466 10.49 30.851 1.235
467 4.2 20.642 24.765
468 10.49 28.989 9.397
469 2.1 26.271 14.081
470 6.3 43.033 8.196
471 2.1 1.408 25.009
472 4.2 35.038 37.347
473 2.1 41.593 10.478
474 8.39 22.706 37.931
475 4.2 40.866 23.424
476 2.1 30.075 41.226
477 8.39 17.78 39.519
478 10.49 10.647 0.549
479 6.3 20.744 17.044
480 4.2 31.814 0.612
481 6.3 29.162 28.359
482 2.1 24.344 42.818
483 2.1 39.488 3.772
484 4.2 11.087 41.629
485 2.1 33.548 4.514
486 6.3 41.033 40.613
487 6.3 26.128 39.622
488 6.3 28.159 39.891
489 10.49 8.418 13.685
490 2.1 1.851 4.419
491 6.3 18.111 11.782
492 6.3 41.245 9.984
493 4.2 28.925 19.881
494 8.39 33.17 40.375
495 6.3 27.612 35.379
496 2.1 35.821 12.484
497 4.2 10.219 17.823
498 2.1 38.634 28.506
499 8.39 20.525 10.724
500 4.2 18.603 40.932
501 8.39 0.949 16.634
502 8.39 35.242 31.143
503 6.3 37.266 43.19
504 2.1 25.015 29.624
505 6.3 29.808 36.595
506 2.1 13.982 10.075
507 4.2 19.77 5.235
508 4.2 11.954 25.923
509 2.1 3.895 11.28
510 2.1 29.925 24.93
511 2.1 39.59 15.266
512 2.1 33.714 7.336
513 4.2 19.191 23.691
514 8.39 36.826 4.808
515 10.49 30.845 41.248
516 10.49 33.794 19.155
517 6.3 24.48 28.843
518 8.39 12.579 37.154
519 8.39 7.624 43.178
520 6.3 33.333 14.938
521 6.3 10.834 34.518
522 8.39 8.748 7.175
523 6.3 0.558 9.505
524 8.39 22.49 39.423
525 4.2 9.393 4.085
526 4.2 0.707 36.99
527 4.2 18.842 39.097
528 8.39 41.051 11.63
529 2.1 12.128 42.46
530 10.49 25.624 32.226
531 10.49 19.704 28.321
532 4.2 21.896 11.337
533 8.39 31.573 28.195
534 2.1 2.099 3.975
535 4.2 2.483 20.734
536 6.3 36.818 0.952
537 10.49 26.065 30.235
538 8.39 42.419 42.487
539 10.49 1.366 18.73
540 10.49 3.264 22.881
541 4.2 3.64 15.384
542 2.1 21.091 36.801
543 10.49 13.743 20.858
544 8.39 6.179 37.741
545 2.1 4.905 6.462
546 10.49 18.233 8.456
547 2.1 24.586 22.854
548 10.49 34.3 20.373
549 8.39 37.996 31.139
550 2.1 38.54 26.164
551 10.49 1.095 13.569
552 4.2 20.218 16.616
553 6.3 35.991 28.116
554 6.3 25.603 43.126
555 4.2 33.187 36.196
556 2.1 26.114 31.15
557 6.3 39.33 28.649
558 6.3 31.807 14.938
559 6.3 33.788 21.146
560 2.1 36.819 18.744
561 6.3 39.626 28.049
562 6.3 12.395 11.969
563 8.39 35.534 31.192
564 8.39 25.488 14.238
565 10.49 9.492 18.753
566 8.39 12.347 2.405
567 6.3 8.638 20.595
568 10.49 27.378 42.141
569 10.49 19.71 15.363
570 8.39 3.834 38.306
571 8.39 14.455 30.05
572 2.1 9.113 5.336
573 2.1 0.775 0.47
574 4.2 32.062 37.986
575 10.49 21.811 1.109
576 6.3 38.824 23.622
577 4.2 35.632 22.519
578 8.39 10.413 4.582
579 4.2 16.144 39.576
580 4.2 19.108 12.3
581 6.3 28.829 27.816
582 2.1 36.915 41.483
583 2.1 5.151 43.282
584 6.3 31.552 8.831
585 4.2 29.86 15.087
586 6.3 11.674 14.354
587 4.2 11.268 8.016
588 6.3 36.877 29.965
589 10.49 40.467 39.238
590 2.1 21.622 5.72
591 10.49 3.034 20.062
592 6.3 8.518 19.108
593 6.3 41.482 36.576
594 8.39 13.391 14.477
595 6.3 7.332 29.15
596 6.3 36.159 36.922
597 2.1 9.006 42.775
598 10.49 10.514 7.678
599 8.39 18.035 3.81
600 2.1 39.418 31.427
601 2.1 25.094 17.383
602 8.39 5.157 25.639
603 8.39 19.409 14.809
604 10.49 42.241 30.814
605 10.49 24.564 42.491
606 2.1 23.035 3.383
607 8.39 32.679 42.528
608 6.3 6.379 2.059
609 2.1 13.152 30.7
610 8.39 3.114 41.319
611 10.49 9.365 12.933
612 8.39 13.263 42.825
613 4.2 19.299 11.391
614 8.39 20.721 5.932
615 8.39 7.127 4.999
616 6.3 12.629 35.038
617 8.39 22.268 4.844
618 10.49 3.485 3.886
619 4.2 29.199 0.935
620 4.2 17.474 32.481
621 2.1 24.081 7.695
622 2.1 9.765 4.798
623 2.1 43.41 12.011
624 8.39 4.128 27.174
625 6.3 41.862 22.783
626 10.49 8.898 6.352
627 4.2 41.6 40.839
628 6.3 40.444 42.593
629 4.2 27.037 23.281
630 8.39 5.224 38.259
631 8.39 11.327 11.038
632 10.49 19.703 13.936
633 4.2 16.803 2.125
634 2.1 26.22 4.076
635 6.3 15.74 12.267
636 2.1 38.666 32.968
637 10.49 9.203 13.367
638 10.49 5.62 37.313
639 4.2 31.933 6.943
640 10.49 21.636 22.481
641 6.3 19.781 29.474
642 8.39 20.089 39.281
643 10.49 43.494 31.563
644 2.1 1.682 11.122
645 10.49 21.207 24.555
646 4.2 20.952 20.448
647 8.39 6.13 4.518
648 2.1 37.373 29.517
649 6.3 34.158 5.597
650 4.2 11.648 13.704
651 10.49 18.702 11.25
652 4.2 0.495 7.203
653 4.2 13.273 14.616
654 6.3 17.444 1.86
655 4.2 41.814 34.005
656 2.1 21.448 15.315
657 2.1 19.034 7.995
658 2.1 10.958 11.118
659 4.2 4.655 20.66
660 2.1 26.11 12.088
661 8.39 17.753 36.668
662 4.2 7.848 5.239
663 10.49 36.576 25.332
664 8.39 25.123 10.233
665 10.49 33.783 6.902
666 8.39 4.084 33.892
667 6.3 28.116 23.23
668 4.2 7.039 15.118
669 6.3 1.539 37.429
670 2.1 16.002 36.073
671 8.39 43.109 41.775
672 6.3 18.468 39.852
673 8.39 3.366 37.88
674 4.2 20.378 6.783
675 4.2 26.871 17.353
676 2.1 24.825 18.987
677 10.49 19.372 14.079
678 8.39 24.903 31.041
679 8.39 27.688 6.959
680 8.39 10.322 29.025
681 10.49 5.799 6.973
682 8.39 12.15 38.18
683 8.39 4.295 8.591
684 6.3 28.954 26.904
685 6.3 6.248 30.894
686 8.39 15.81 14.528
687 4.2 12.949 34.106
688 4.2 9.829 18.66
689 2.1 16.292 30.341
690 10.49 26.708 14.271
691 2.1 37.132 28.312
692 2.1 33.662 11.47
693 4.2 4.9 2.434
694 10.49 43.687 18.346
695 10.49 6.506 42.805
696 10.49 34.747 35.842
697 10.49 13.802 18.184
698 2.1 5.404 34.65
699 6.3 40.548 35.609
700 2.1 13.97 29.446
701 6.3 19.223 4.195
702 8.39 43.211 12.933
703 6.3 13.151 34.882
704 10.49 9.451 17.0
705 2.1 37.406 16.333
706 2.1 25.63 28.309
707 8.39 21.24 16.59
708 6.3 13.644 30.484
709 2.1 37.595 14.218
710 2.1 9.258 1.173
711 8.39 23.414 26.956
712 4.2 31.846 41.07
713 6.3 37.483 31.336
714 10.49 6.405 17.721
715 10.49 18.67 36.416
716 2.1 29.893 12.957
717 4.2 40.913 23.102
718 6.3 20.01 29.165
719 6.3 7.484 7.345
720 8.39 34.443 12.526
721 4.2 15.529 35.72
722 4.2 2.872 18.47
723 2.1 32.558 31.831
724 8.39 29.037 0.939
725 2.1 41.077 9.819
726 8.39 43.664 15.042
727 6.3 14.613 11.523
728 10.49 9.291 17.51
729 10.49 24.892 11.264
730 4.2 28.365 28.535
731 6.3 8.418 19.919
732 2.1 42.422 19.514
733 4.2 11.16 24.641
734 4.2 29.412 25.56
735 10.49 0.627 11.454
736 8.39 39.279 31.075
737 2.1 12.408 24.772
738 4.2 2.974 16.53
739 2.1 38.877 6.05
740 2.1 3.878 0.661
741 10.49 7.301 15.295
742 6.3 20.312 21.163
743 8.39 15.889 19.993
744 6.3 42.1 26.278
745 6.3 28.357 6.637
746 4.2 2.644 21.683
747 6.3 12.152 30.768
748 8.39 24.836 18.712
749 10.49 28.042 10.47
750 2.1 19.415 30.074
751 4.2 39.703 0.431
752 2.1 9.38 0.999
753 2.1 27.861 4.106
754 2.1 35.905 12.27
755 10.49 27.774 40.576
756 6.3 16.032 6.322
757 10.49 14.991 2.261
758 10.49 21.791 17.252
759 4.2 8.571 28.979
760 2.1 11.826 33.451
761 10.49 0.297 26.026
762 2.1 18.754 42.173
763 8.39 5.431 22.827
764 2.1 19.62 27.038
765 10.49 20.513 33.202
766 10.49 17.124 35.719
767 10.49 9.355 40.929
768 4.2 25.822 38.619
769 10.49 14.44 32.917
770 8.39 3.659 0.487
771 10.49 43.075 36.165
772 6.3 36.893 34.421
773 2.1 41.697 8.608
774 6.3 31.509 24.215
775 8.39 7.168 27.888
776 2.1 26.179 6.213
777 6.3 32.001 10.951
778 10.49 32.52 17.919
779 10.49 39.741 26.604
780 4.2 14.805 35.47
781 4.2 30.005 7.64
782 2.1 13.513 14.308
783 10.49 31.312 17.708
784 6.3 26.778 12.609
785 4.2 8.72 1.693
786 4.2 30.012 7.202
787 2.1 30.654 11.421
788 6.3 33.512 33.647
789 10.49 11.351 14.845
790 2.1 43.315 5.906
791 10.49 6.755 10.987
792 4.2 34.424 2.082
793 10.49 43.706 4.036
794 8.39 42.377 17.171
795 8.39 31.468 16.833
796 2.1 25.56 40.792
797 4.2 17.682 15.234
798 8.39 41.949 4.212
799 10.49 21.187 8.907
800 2.1 22.093 6.606
801 6.3 0.378 2.936
802 10.49 1.61 9.471
803 4.2 41.453 37.226
804 8.39 34.615 24.43
805 6.3 18.66 30.273
806 8.39 22.029 39.344
807 4.2 32.684 11.201
808 6.3 39.501 12.253
809 2.1 31.546 29.417
810 10.49 22.527 8.172
811 6.3 35.231 27.258
812 6.3 26.76 29.228
813 4.2 5.22 27.54
814 6.3 0.265 3.726
815 4.2 38.529 1.014
816 4.2 19.355 37.471
817 6.3 7.956 5.257
818 10.49 19.995 34.548
819 4.2 3.305 29.856
820 6.3 10.652 33.745
821 10.49 27.417 23.448
822 2.1 6.544 5.511
823 8.39 29.672 43.705
824 10.49 4.238 37.529
825 4.2 33.237 38.263
826 10.49 9.035 22.153
827 4.2 17.297 25.009
828 10.49 19.645 36.961
829 4.2 30.93 42.753
830 2.1 41.655 7.112
831 8.39 31.223 2.192
832 8.39 35.0 31.616
833 4.2 23.611 2.207
834 6.3 22.477 32.702
835 8.39 5.017 20.787
836 10.49 35.276 33.565
837 8.39 16.548 0.279
838 6.3 3.726 4.019
839 8.39 40.047 29.502
840 8.39 42.499 23.101
841 4.2 8.437 1.395
842 2.1 21.685 14.018
843 4.2 31.199 3.955
844 2.1 23.221 30.942
845 6.3 16.73 13.906
846 6.3 35.078 36.31
847 4.2 28.749 29.16
848 8.39 28.876 7.155
849 2.1 30.471 6.783
850 2.1 30.58 9.467
851 10.49 33.0 43.734
852 8.39 36.257 42.355
853 10.49 37.874 0.368
854 10.49 26.563 19.469
855 10.49 41.95 40.211
856 6.3 20.081 36.101
857 4.2 37.015 9.717
858 4.2 21.605 17.332
859 8.39 21.246 1.256
860 2.1 29.341 0.201
861 4.2 30.208 42.726
862 2.1 1.464 29.249
863 8.39 26.297 19.327
864 4.2 19.417 38.532
865 10.49 23.769 12.464
866 8.39 25.414 43.351
867 8.39 21.287 23.001
868 8.39 27.619 29.647
869 4.2 39.378 6.599
870 6.3 2.586 38.471
871 8.39 37.471 4.823
872 8.39 42.79 37.531
873 4.2 13.966 6.855
874 2.1 24.128 6.906
875 2.1 35.727 13.32
876 8.39 24.924 18.049
877 6.3 17.049 21.173
878 10.49 25.435 42.112
879 8.39 32.45 17.634
880 6.3 3.053 31.459
881 6.3 26.371 11.817
882 6.3 42.943 41.865
883 6.3 35.73 24.392
884 2.1 23.945 8.919
885 6.3 13.507 42.753
886 10.49 6.696 6.485
887 4.2 15.432 39.092
888 8.39 9.049 28.363
889 4.2 21.584 15.196
890 2.1 43.211 5.263
891 8.39 1.581 23.129
892 10.49 26.052 11.463
893 8.39 10.818 20.192
894 10.49 30.688 21.47
895 10.49 39.806 17.538
896 6.3 33.261 21.269
897 4.2 6.524 30.231
898 4.2 25.893 37.589
899 6.3 19.118 36.977
900 2.1 32.856 2.397
901 6.3 37.937 33.976
902 10.49 39.451 7.776
903 8.39 43.229 28.195
904 4.2 22.986 0.927
905 2.1 42.861 4.856
906 8.39 1.095 2.952
907 4.2 26.824 17.053
908 6.3 10.684 1.534
909 8.39 9.666 24.019
910 2.1 42.389 27.843
911 4.2 25.726 18.977
912 6.3 35.295 3.559
913 10.49 10.934 30.043
914 6.3 25.557 9.847
915 10.49 19.226 31.433
916 8.39 29.311 40.963
917 2.1 19.636 42.13
918 10.49 30.748 1.936
919 8.39 21.868 40.214
920 8.39 10.886 8.419
921 10.49 31.838 25.286
922 10.49 39.3 31.336
923 8.39 16.933 36.841
924 4.2 34.114 20.088
925 10.49 30.271 4.652
926 4.2 42.819 5.559
927 8.39 22.002 20.809
928 10.49 15.989 22.557
929 6.3 6.138 41.319
930 4.2 12.864 14.121
931 8.39 17.518 21.809
932 8.39 41.547 16.045
933 10.49 16.246 19.345
934 8.39 14.376 41.753
935 2.1 37.843 23.641
936 2.1 33.809 43.045
937 10.49 14.721 25.895
938 4.2 40.241 1.174
939 2.1 7.462 23.545
940 8.39 11.3 39.762
941 10.49 1.034 21.657
942 4.2 20.393 39.112
943 10.49 4.099 40.572
944 6.3 39.466 9.32
945 10.49 19.817 26.135
946 6.3 4.171 11.849
947 10.49 17.771 42.382
948 6.3 29.268 23.995
949 2.1 13.213 6.871
950 6.3 11.716 39.287
951 2.1 32.907 36.069
952 6.3 35.201 3.15
953 2.1 31.399 3.504
954 10.49 5.82 24.541
955 4.2 7.409 11.837
956 10.49 23.947 29.452
957 10.49 6.002 6.374
958 8.39 20.651 21.956
959 6.3 1.738 36.044
960 8.39 34.42 9.333
961 10.49 38.257 26.884
962 4.2 29.873 0.292
963 4.2 21.786 40.927
964 8.39 38.043 13.099
965 4.2 35.693 37.583
966 6.3 8.333 8.18
967 8.39 39.714 10.09
968 6.3 10.78 37.178
969 4.2 0.36 12.251
970 2.1 21.891 39.433
971 6.3 12.24 27.09
972 8.39 32.357 5.571
973 6.3 35.605 6.53
974 2.1 32.405 9.328
975 10.49 26.886 16.593
976 2.1 7.098 12.833
977 6.3 18.36 41.557
978 4.2 21.716 29.836
979 4.2 28.208 37.399
980 10.49 31.283 33.679
981 8.39 38.142 35.813
982 6.3 29.086 19.378
983 4.2 36.261 41.17
984 2.1 4.294 33.237
985 8.39 32.035 7.868
986 8.39 22.462 33.173
987 6.3 27.077 0.858
988 4.2 3.634 36.186
989 6.3 20.377 6.765
990 10.49 23.386 17.94
991 10.49 7.208 16.62
992 8.39 20.788 31.763
993 10.49 10.855 26.703
994 8.39 22.657 42.848
995 8.39 43.69 6.007
996 2.1 18.365 3.882
997 8.39 16.005 15.364
998 2.1 25.886 23.567
999 2.1 0.648 8.381
1000 8.39 22.544 42.872
1001 4.2 31.483 38.3
1002 10.49 29.879 8.211
1003 2.1 18.339 36.337
1004 10.49 11.676 8.752
1005 2.1 21.346 3.87
1006 2.1 24.407 32.377
1007 2.1 42.17 9.461
1008 10.49 35.252 13.7
1009 2.1 26.817 12.212
1010 4.2 33.178 40.667
1011 10.49 37.358 25.028
1012 8.39 27.654 23.26
1013 4.2 4.31 33.964
1014 6.3 9.803 27.7
1015 6.3 26.658 3.003
1016 10.49 36.796 0.857
1017 4.2 30.157 31.171
1018 8.39 4.434 5.523
1019 10.49 35.365 15.548
1020 10.49 14.221 26.108
1021 6.3 12.125 26.546
1022 2.1 39.242 22.958
1023 4.2 6.17 29.227
1024 10.49 4.732 3.138
1025 8.39 31.388 39.811
1026 10.49 25.892 18.489
1027 8.39 23.132 30.038
1028 8.39 12.796 5.457
1029 4.2 40.788 41.948
1030 4.2 2.191 4.291
1031 10.49 5.156 4.702
1032 6.3 43.078 15.949
1033 2.1 22.5 15.422
1034 8.39 12.392 33.057
1035 10.49 23.222 40.205
1036 8.39 34.798 26.032
1037 6.3 16.816 38.117
1038 6.3 9.048 36.06
1039 4.2 31.446 31.029
1040 10.49 42.801 0.453
1041 6.3 41.967 40.409
1042 2.1 29.093 12.479
1043 10.49 28.199 27.216
1044 8.39 4.956 30.961
1045 4.2 35.67 19.333
1046 10.49 0.209 40.402
1047 8.39 0.874 24.705
1048 6.3 13.222 20.587
1049 4.2 24.029 26.952
1050 6.3 23.452 40.499
1051 6.3 3.633 11.079
1052 6.3 39.925 9.789
1053 8.39 41.279 8.143
1054 2.1 19.775 8.618
1055 6.3 30.109 35.362
1056 2.1 10.214 10.86
1057 4.2 14.72 19.8
1058 10.49 4.343 13.784
1059 10.49 13.694 0.751
1060 6.3 27.724 43.562
1061 8.39 9.846 0.394
1062 8.39 1.916 8.781
1063 4.2 30.587 25.86
1064 2.1 2.702 6.696
1065 2.1 22.375 25.927
1066 2.1 1.193 27.121
1067 2.1 33.423 40.457
1068 6.3 11.974 25.712
1069 10.49 41.863 1.256
1070 4.2 41.791 12.106
1071 4.2 34.545 18.003
1072 2.1 27.328 7.644
1073 4.2 1.499 17.255
1074 10.49 4.086 32.841
1075 10.49 32.175 34.393
1076 8.39 33.423 13.514
1077 4.2 15.316 43.719
1078 8.39 20.776 32.633
1079 10.49 10.549 15.466
1080 10.49 28.828 33.062
1081 8.39 20.501 6.449
1082 8.39 8.634 5.863
1083 2.1 1.123 2.697
1084 10.49 17.257 20.136
1085 6.3 23.73 16.998
1086 2.1 34.264 32.544
1087 2.1 5.785 16.944
1088 10.49 42.445 0.791
1089 8.39 1.704 26.047
1090 8.39 34.109 29.314
1091 10.49 41.692 34.085
1092 8.39 25.945 16.151
1093 10.49 4.613 6.544
1094 4.2 12.986 32.505
1095 6.3 4.699 9.308
1096 4.2 10.945 26.751
1097 8.39 7.567 8.81
1098 6.3 10.052 2.649
1099 8.39 26.962 36.665
1100 8.39 21.211 11.865
1101 4.2 8.31 35.245
1102 4.2 7.219 27.946
1103 6.3 2.885 32.393
1104 4.2 18.794 40.69
1105 10.49 7.984 12.033
1106 2.1 27.666 1.403
1107 2.1 1.423 42.657
1108 2.1 23.823 15.332
1109 2.1 19.759 27.536
1110 10.49 43.261 10.515
1111 6.3 21.349 4.4
1112 2.1 11.056 21.686
1113 2.1 15.888 14.151
1114 2.1 43.414 23.126
1115 2.1 34.607 1.205
1116 6.3 28.889 42.325
1117 8.39 9.148 17.403
1118 10.49 16.898 27.905
1119 8.39 10.3 2.948
1120 8.39 12.116 42.709
1121 8.39 24.629 1.756
1122 10.49 35.259 35.982
1123 6.3 3.479 26.916
1124 2.1 32.656 36.154
1125 6.3 26.882 34.452
1126 6.3 40.14 35.866
1127 8.39 40.346 41.421
1128 8.39 13.043 4.1
1129 8.39 9.647 39.371
1130 10.49 17.561 22.145
1131 2.1 3.743 11.94
1132 4.2 21.485 36.285
1133 10.49 20.383 38.513
1134 8.39 30.898 6.67
1135 2.1 19.96 5.637
1136 2.1 35.26 33.721
1137 2.1 18.263 8.429
1138 6.3 24.602 29.814
1139 8.39 0.353 11.67
1140 6.3 13.003 42.803
1141 10.49 13.319 26.304
1142 2.1 10.809 23.985
1143 6.3 24.556 21.51
1144 8.39 33.641 39.458
1145 4.2 4.75 42.224
1146 2.1 10.953 8.593
1147 8.39 28.529 35.261
1148 8.39 40.141 17.161
1149 4.2 26.259 36.138
1150 2.1 38.009 35.222
1151 6.3 1.709 21.969
1152 2.1 43.364 27.151
1153 4.2 12.97 33.155
1154 8.39 14.874 2.398
1155 6.3 23.077 33.68
1156 8.39 37.102 35.7
1157 6.3 2.948 41.225
1158 10.49 28.235 31.017
1159 4.2 40.991 23.699
1160 6.3 1.091 37.764
1161 2.1 25.359 37.601
1162 10.49 24.107 37.621
1163 4.2 22.287 24.821
1164 2.1 27.452 1.877
1165 10.49 40.186 34.422
1166 2.1 15.739 7.584
1167 2.1 39.805 12.351
1168 6.3 15.904 17.987
1169 2.1 0.553 40.913
1170 6.3 3.711 41.869
1171 4.2 42.886 37.603
1172 10.49 27.36 32.608
1173 8.39 36.34 36.398
1174 2.1 8.849 43.195
1175 2.1 2.498 18.862
1176 2.1 14.891 39.968
1177 10.49 27.686 27.388
1178 2.1 34.403 39.298
1179 8.39 0.505 8.603
1180 10.49 26.466 14.613
1181 10.49 39.402 9.672
1182 2.1 12.452 26.232
1183 10.49 18.625 20.73
1184 6.3 39.053 41.508
1185 4.2 8.269 2.744
1186 4.2 7.178 15.563
1187 2.1 17.743 15.928
1188 10.49 20.138 17.708
1189 6.3 27.124 2.886
1190 2.1 8.743 34.848
1191 10.49 32.5 2.992
1192 6.3 35.779 26.856
1193 10.49 25.263 26.934
1194 10.49 4.89 1.398
1195 6.3 23.618 32.444
1196 2.1 34.124 13.09
1197 2.1 31.68 42.044
1198 6.3 10.99 23.872
1199 8.39 21.621 34.027
1200 10.49 10.942 1.688
1201 4.2 4.012 9.496
1202 10.49 41.758 26.995
1203 4.2 22.527 14.907
1204 4.2 38.658 30.723
1205 8.39 34.382 28.705
1206 4.2 3.706 40.55
1207 6.3 13.34 1.951
1208 10.49 16.765 33.752
1209 4.2 15.74 37.832
1210 10.49 30.945 23.487
1211 10.49 26.384 16.984
1212 2.1 18.106 9.957
1213 4.2 4.407 15.357
1214 4.2 42.712 19.789
1215 10.49 30.937 12.927
1216 6.3 12.993 21.667
1217 8.39 12.799 35.759
1218 4.2 17.966 23.409
1219 6.3 8.252 18.394
1220 4.2 19.792 41.074
1221 4.2 39.831 36.5
1222 2.1 22.154 20.812
1223 10.49 24.311 30.497
1224 2.1 20.693 41.231
1225 8.39 28.965 21.758
1226 2.1 1.197 28.041
1227 8.39 20.994 29.408
1228 8.39 15.51 16.189
1229 2.1 14.393 15.289
1230 6.3 22.993 1.897
1231 10.49 24.724 9.73
1232 4.2 3.126 13.116
1233 6.3 17.853 30.198
1234 6.3 36.757 2.888
1235 6.3 27.952 10.24
1236 4.2 26.375 20.762
1237 6.3 26.398 16.893
1238 10.49 41.549 34.338
1239 4.2 29.45 1.237
1240 10.49 14.784 7.411
1241 4.2 5.372 8.756
1242 10.49 11.358 1.785
1243 2.1 15.398 14.28
1244 6.3 27.667 5.608
1245 10.49 42.829 34.42
1246 4.2 7.509 11.443
1247 10.49 12.562 12.622
1248 6.3 41.57 39.994
1249 4.2 20.468 33.996
1250 10.49 21.422 25.803
1251 8.39 19.888 5.227
1252 4.2 17.445 32.223
1253 10.49 10.982 15.548
1254 2.1 0.395 41.492
1255 4.2 40.864 32.505
1256 4.2 35.353 25.318
1257 4.2 35.058 3.313
1258 8.39 18.829 36.443
1259 8.39 43.416 41.194
1260 6.3 31.003 28.723
1261 4.2 35.354 15.675
1262 8.39 22.6 11.203
1263 2.1 32.019 23.801
1264 4.2 7.543 4.861
1265 10.49 43.508 23.02
1266 10.49 23.131 3.283
1267 2.1 22.499 41.479
1268 4.2 35.059 39.899
1269 4.2 30.755 1.187
1270 8.39 2.57 4.326
1271 2.1 29.016 8.201
1272 8.39 2.253 3.91
1273 8.39 9.542 13.113
1274 2.1 6.799 40.824
1275 2.1 0.236 38.468
1276 8.39 1.035 13.032
1277 6.3 26.064 24.015
1278 8.39 19.176 19.004
1279 2.1 22.36 14.84
1280 8.39 18.99 16.591
1281 6.3 4.6 25.589
1282 8.39 39.121 37.745
1283 10.49 1.602 19.587
1284 2.1 13.285 20.165
1285 6.3 7.713 15.158
1286 6.3 6.218 2.98
1287 2.1 28.405 26.57
1288 8.39 9.35 26.627
1289 8.39 9.931 23.969
1290 4.2 18.729 40.818
1291 10.49 7.776 29.768
1292 2.1 33.698 5.379
1293 10.49 20.69 14.837
1294 2.1 4.427 8.544
1295 8.39 24.302 35.889
1296 4.2 14.453 23.759
1297 10.49 4.278 34.097
1298 8.39 19.885 22.407
1299 8.39 4.813 25.146
1300 8.39 11.05 12.436
1301 6.3 9.881 25.103
1302 4.2 10.36 14.125
1303 4.2 22.316 37.155
1304 2.1 38.717 41.13
1305 8.39 12.268 41.373
1306 4.2 38.2 30.841
1307 10.49 35.364 36.04
1308 8.39 29.585 27.006
1309 8.39 13.898 18.741
1310 4.2 14.131 11.195
1311 6.3 26.8 28.523
1312 6.3 23.298 17.568
1313 10.49 26.928 18.571
1314 2.1 0.586 33.467
1315 6.3 19.881 19.122
1316 4.2 24.115 38.962
1317 10.49 8.285 6.806
1318 2.1 10.296 41.174
1319 8.39 7.316 43.759
1320 10.49 39.091 3.303
1321 2.1 9.264 29.404
1322 10.49 7.324 6.57
1323 4.2 14.01 1.64
1324 10.49 26.113 12.116
1325 8.39 11.454 41.861
1326 8.39 41.816 12.811
1327 4.2 38.3 40.886
1328 10.49 32.947 23.632
1329 10.49 17.442 37.647
1330 4.2 30.334 40.26
1331 2.1 6.886 3.872
1332 10.49 10.32 17.885
1333 6.3 22.409 38.529
1334 4.2 31.564 40.743
1335 10.49 10.333 34.355
1336 2.1 19.039 19.245
1337 4.2 37.741 12.2
1338 2.1 20.199 5.848
1339 8.39 39.897 0.246
1340 6.3 33.3 34.208
1341 10.49 36.962 39.536
1342 8.39 8.975 33.365
1343 2.1 42.301 41.542
1344 2.1 11.681 21.516
1345 8.39 7.495 23.989
1346 8.39 38.567 33.279
1347 2.1 38.834 24.08
1348 8.39 10.088 38.404
1349 4.2 16.452 1.606
1350 10.49 11.62 18.832
1351 2.1 43.301 0.836
1352 4.2 24.808 29.969
1353 6.3 3.915 4.474
1354 10.49 19.631 43.749
1355 6.3 2.926 37.787
1356 10.49 41.691 33.366
1357 8.39 34.357 7.371
1358 10.49 8.477 6.74
1359 4.2 24.974 29.098
1360 10.49 18.235 40.236
1361 2.1 7.292 21.821
1362 6.3 20.403 17.722
1363 10.49 16.94 3.118
1364 4.2 29.602 29.453
1365 4.2 2.852 32.588
1366 8.39 12.192 15.57
1367 8.39 15.732 37.517
1368 2.1 23.01 15.921
1369 4.2 22.913 31.864
1370 4.2 26.415 8.367
1371 10.49 24.553 36.499
1372 4.2 38.685 43.554
1373 10.49 42.664 39.495
1374 6.3 40.887 1.697
1375 10.49 20.808 1.121
1376 2.1 35.053 30.059
1377 2.1 17.349 37.224
1378 2.1 34.43 32.346
1379 10.49 34.164 3.644
1380 4.2 32.938 29.868
1381 6.3 10.079 27.74
1382 4.2 8.072 9.175
1383 10.49 3.255 3.907
1384 2.1 14.602 21.554
1385 4.2 28.218 3.881
1386 4.2 32.392 11.813
1387 10.49 13.737 9.567
1388 4.2 20.554 30.928
1389 10.49 31.495 42.272
1390 8.39 41.491 35.984
1391 2.1 28.841 34.844
1392 10.49 35.173 40.704
1393 4.2 15.018 1.42
1394 4.2 24.829 10.693
1395 8.39 9.252 39.587
1396 8.39 13.014 4.316
1397 10.49 13.483 43.698
1398 10.49 22.563 18.958
1399 2.1 11.874 18.053
1400 10.49 21.058 33.851
1401 4.2 24.215 8.237
1402 8.39 34.865 0.906
1403 6.3 33.469 32.194
1404 8.39 19.086 11.991
1405 2.1 40.085 12.197
1406 10.49 32.669 24.172
1407 8.39 15.924 7.344
1408 8.39 1.413 31.949
1409 10.49 41.48 31.81
1410 4.2 5.793 24.481
1411 6.3 4.624 21.85
1412 10.49 13.648 15.484
1413 6.3 21.776 38.897
1414 10.49 12.412 17.007
1415 10.49 39.989 42.624
1416 8.39 34.763 19.175
1417 4.2 35.032 40.813
1418 10.49 29.864 2.39
1419 8.39 39.312 40.104
1420 8.39 2.635 22.123
1421 2.1 6.649 38.468
1422 6.3 38.809 13.273
1423 8.39 28.914 10.577
1424 8.39 28.671 41.664
1425 6.3 29.61 10.639
1426 2.1 8.088 37.584
1427 2.1 33.224 38.348
1428 8.39 41.817 39.813
1429 10.49 13.271 19.116
1430 6.3 9.172 17.352
1431 6.3 31.448 31.214
1432 2.1 13.239 27.851
1433 8.39 8.363 43.383
1434 10.49 34.748 14.319
1435 8.39 20.704 14.496
1436 6.3 15.958 39.102
1437 6.3 31.981 15.832
1438 8.39 3.615 13.436
1439 4.2 31.494 24.629
1440 10.49 3.08 16.182
1441 10.49 11.427 24.055
1442 8.39 5.658 36.849
1443 10.49 12.929 1.905
1444 8.39 17.365 19.381
1445 4.2 37.626 16.594
1446 2.1 8.284 28.726
1447 4.2 38.893 7.622
1448 2.1 11.293 34.501
1449 2.1 22.739 7.434
1450 8.39 12.628 18.978
1451 6.3 29.942 23.998
1452 2.1 37.654 26.807
1453 2.1 8.812 34.66
1454 8.39 41.961 31.247
1455 10.49 32.98 29.857
1456 8.39 38.561 15.557
1457 6.3 18.167 12.237
1458 10.49 13.589 42.476
1459 10.49 14.301 38.874
1460 6.3 37.395 27.794
1461 2.1 8.873 26.048
1462 2.1 34.249 41.308
1463 4.2 7.636 21.097
1464 2.1 27.816 17.802
1465 2.1 32.091 35.68
1466 6.3 6.812 17.813
1467 2.1 3.518 36.542
1468 4.2 15.965 11.273
1469 2.1 20.314 13.702
1470 6.3 4.474 4.364
1471 2.1 23.733 28.705
1472 8.39 14.99 28.649
1473 4.2 34.808 11.603
1474 6.3 12.657 22.23
1475 4.2 33.224 15.138
1476 6.3 21.762 19.117
1477 8.39 31.204 15.951
1478 6.3 4.543 40.937
1479 10.49 3.873 32.493
1480 4.2 4.95 24.582
1481 10.49 8.179 3.557
1482 4.2 1.844 3.004
1483 8.39 16.207 23.264
1484 2.1 39.147 28.3
1485 6.3 31.196 39.65
1486 2.1 28.504 31.073
1487 8.39 28.135 2.641
1488 6.3 0.372 30.376
1489 8.39 42.273 22.499
1490 8.39 13.42 21.805
1491 4.2 29.383 26.924
1492 10.49 40.724 20.254
1493 2.1 15.849 12.859
1494 4.2 10.131 22.348
1495 10.49 41.247 17.259
1496 6.3 33.452 34.029
1497 2.1 21.065 11.064
1498 4.2 22.671 32.514
1499 6.3 36.014 11.798
1500 10.49 43.774 42.963
1501 10.49 2.485 19.589
1502 8.39 42.584 1.365
1503 10.49 23.945 25.615
1504 8.39 26.002 31.547
1505 8.39 29.146 29.192
1506 2.1 35.639 25.981
1507 4.2 30.657 20.383
1508 2.1 5.538 13.996
1509 10.49 16.327 20.731
1510 6.3 24.759 3.882
1511 6.3 24.105 41.828
1512 2.1 2.169 13.233
1513 10.49 0.667 4.695
1514 2.1 2.472 26.037
1515 8.39 2.871 42.033
1516 8.39 42.957 21.681
1517 6.3 16.141 33.324
1518 2.1 39.998 36.343
1519 6.3 11.713 23.388
1520 10.49 10.221 42.635
1521 4.2 39.074 2.774
1522 4.2 3.403 39.184
1523 2.1 38.798 12.619
1524 10.49 37.618 4.213
1525 2.1 42.402 11.492
1526 4.2 36.278 5.134
1527 6.3 5.234 27.626
1528 10.49 27.6 2.682
1529 8.39 35.873 39.606
1530 8.39 26.374 34.805
1531 2.1 35.715 7.659
1532 10.49 24.465 0.459
1533 2.1 6.768 18.22
1534 2.1 36.898 28.881
1535 2.1 2.241 43.622
1536 8.39 35.527 27.668
1537 2.1 16.633 28.41
1538 8.39 9.838 33.379
1539 4.2 17.889 14.879
1540 10.49 36.931 31.069
1541 2.1 29.834 21.84
1542 8.39 35.947 6.474
1543 8.39 43.167 39.368
1544 8.39 24.473 14.722
1545 10.49 32.653 32.062
1546 2.1 22.366 5.748
1547 8.39 19.147 11.922
1548 10.49 17.64 24.496
1549 6.3 36.541 9.244
1550 6.3 0.272 17.412
1551 4.2 31.711 28.018
1552 8.39 19.315 26.637
1553 10.49 14.78 19.611
1554 6.3 37.77 16.968
1555 4.2 41.468 7.988
1556 10.49 9.947 2.698
1557 10.49 14.216 9.401
1558 6.3 16.034 14.779
1559 2.1 26.157 28.847
1560 8.39 42.023 38.488
1561 4.2 15.916 27.74
1562 6.3 3.375 11.165
1563 10.49 31.458 37.601
1564 10.49 37.795 3.368
1565 8.39 3.339 42.987
1566 8.39 12.955 9.768
1567 6.3 32.999 5.693
1568 6.3 19.158 37.428
1569 2.1 22.038 14.609
1570 8.39 6.697 25.865
1571 6.3 24.871 39.511
1572 4.2 35.417 29.588
1573 2.1 33.201 30.025
1574 4.2 33.292 15.96
1575 2.1 21.791 14.408
1576 6.3 34.818 19.534
1577 6.3 28.38 13.355
1578 4.2 35.27 15.098
1579 6.3 33.57 19.787
1580 10.49 27.82 16.136
1581 8.39 34.071 2.668
1582 6.3 42.339 7.194
1583 6.3 35.267 13.882
1584 2.1 31.473 11.483
1585 6.3 3.39 34.8
1586 4.2 19.438 4.961
1587 8.39 18.907 13.778
1588 8.39 39.165 6.758
1589 4.2 7.427 3.911
1590 4.2 1.083 32.282
1591 10.49 25.128 4.728
1592 4.2 14.902 29.721
1593 10.49 30.761 7.724
1594 2.1 33.602 20.907
1595 2.1 16.235 30.517
1596 2.1 14.961 12.079
1597 4.2 1.796 25.395
1598 6.3 28.09 17.288
1599 8.39 41.248 39.206
1600 10.49 30.43 21.107
1601 4.2 35.755 23.388
1602 6.3 25.835 2.768
1603 2.1 1.495 31.645
1604 10.49 27.037 33.636
1605 8.39 16.948 19.884
1606 10.49 34.058 34.306
1607 4.2 42.693 33.274
1608 10.49 1.245 32.371
1609 10.49 0.776 37.807
1610 2.1 41.852 29.407
1611 6.3 29.576 18.916
1612 10.49 15.258 2.674
1613 2.1 33.225 27.184
1614 10.49 25.383 17.751
1615 2.1 27.646 42.226
1616 10.49 16.202 21.667
1617 4.2 25.07 33.633
1618 6.3 42.098 37.295
1619 10.49 40.584 34.373
1620 8.39 28.38 13.572
1621 4.2 4.193 12.827
1622 4.2 24.385 10.248
1623 6.3 32.595 4.505
1624 6.3 16.357 24.987
1625 2.1 16.34 19.648
1626 2.1 42.69 10.671
1627 2.1 21.131 25.145
1628 10.49 19.172 16.851
1629 6.3 40.504 13.815
1630 8.39 3.839 17.057
1631 10.49 8.798 17.813
1632 6.3 25.389 15.477
1633 10.49 33.311 0.803
1634 6.3 29.853 9.627
1635 4.2 27.313 27.453
1636 2.1 32.137 24.083
1637 4.2 39.993 33.055
1638 8.39 8.814 37.41
1639 2.1 22.846 18.217
1640 10.49 12.123 36.464
1641 4.2 36.092 18.72
1642 6.3 38.614 21.936
1643 4.2 18.12 15.305
1644 2.1 17.504 3.886
1645 2.1 31.472 31.362
1646 10.49 16.066 23.912
1647 2.1 17.07 35.485
1648 10.49 38.489 4.079
1649 8.39 34.878 41.59
1650 4.2 33.244 14.31
1651 2.1 31.345 7.273
1652 4.2 13.523 30.367
1653 8.39 18.679 40.886
1654 8.39 5.388 7.276
1655 4.2 1.736 19.954
1656 8.39 32.817 22.465
1657 6.3 26.755 37.461
1658 8.39 42.996 38.114
1659 8.39 32.897 31.81
1660 8.39 31.533 2.434
1661 6.3 10.576 20.657
1662 4.2 14.517 13.474
1663 2.1 2.618 12.014
1664 6.3 13.229 11.784
1665 8.39 29.063 15.309
1666 4.2 11.935 33.047
1667 2.1 16.587 17.624
1668 6.3 20.655 26.275
1669 6.3 13.107 4.714
1670 6.3 42.731 25.39
1671 2.1 40.119 21.347
1672 4.2 38.944 2.808
1673 6.3 19.982 43.6
1674 2.1 12.371 2.36
1675 8.39 1.651 28.717
1676 2.1 20.793 7.231
1677 6.3 39.017 29.552
1678 8.39 1.189 40.155
1679 4.2 22.69 28.502
1680 8.39 36.51 8.483
1681 2.1 6.862 32.277
1682 2.1 34.783 27.095
1683 4.2 41.678 38.321
1684 10.49 17.748 3.68
1685 10.49 40.918 21.143
1686 2.1 30.687 20.259
1687 10.49 20.012 11.805
1688 10.49 6.895 36.755
1689 10.49 12.163 21.93
1690 8.39 23.164 35.893
1691 4.2 29.425 22.035
1692 2.1 13.847 43.267
1693 8.39 33.164 8.191
1694 8.39 18.612 16.11
1695 2.1 22.083 32.084
1696 6.3 38.139 7.679
1697 4.2 41.924 5.839
1698 4.2 20.037 31.716
1699 6.3 13.244 28.729
1700 10.49 43.155 12.804
1701 8.39 29.084 18.05
1702 6.3 5.322 21.781
1703 2.1 2.929 38.61
1704 2.1 41.586 11.494
1705 2.1 40.198 12.199
1706 6.3 40.404 20.772
1707 8.39 7.056 37.289
1708 8.39 32.871 43.208
1709 6.3 42.813 15.376
1710 8.39 31.486 32.018
1711 6.3 1.55 39.759
1712 6.3 15.813 6.651
1713 2.1 8.541 4.482
1714 4.2 11.095 40.22
1715 4.2 29.087 42.683
1716 8.39 28.583 30.486
1717 10.49 28.282 10.182
1718 10.49 33.882 18.658
1719 4.2 13.845 13.279
1720 8.39 33.755 6.149
1721 2.1 25.967 26.443
1722 4.2 39.427 15.028
1723 6.3 18.572 5.051
1724 10.49 12.83 32.174
1725 4.2 29.147 15.478
1726 2.1 2.376 40.89
1727 6.3 35.17 19.351
1728 2.1 40.937 8.928
1729 4.2 24.52 29.965
1730 8.39 3.605 29.587
1731 10.49 14.911 33.028
1732 2.1 21.69 7.432
1733 2.1 36.588 35.042
1734 10.49 18.257 7.45
1735 6.3 12.425 26.361
1736 8.39 2.37 16.452
1737 4.2 33.34 19.076
1738 8.39 14.64 24.722
1739 2.1 42.778 32.383
1740 4.2 21.062 32.337
1741 6.3 19.549 1.712
1742 6.3 25.894 41.256
1743 10.49 41.638 34.703
1744 8.39 32.511 13.094
1745 2.1 12.613 14.153
1746 6.3 24.273 13.174
1747 2.1 28.069 16.604
1748 6.3 6.177 7.556
1749 8.39 4.008 38.762
1750 6.3 28.562 41.273
1751 6.3 25.973 19.148
1752 2.1 25.301 34.229
1753 8.39 23.091 14.188
1754 4.2 15.658 28.361
1755 2.1 8.288 28.225
1756 2.1 36.597 41.446
1757 6.3 20.775 18.004
1758 8.39 23.872 23.987
1759 6.3 34.04 43.199
1760 10.49 41.225 19.771
1761 2.1 10.332 9.664
1762 10.49 10.396 20.082
1763 10.49 32.642 35.038
1764 4.2 41.567 22.903
1765 4.2 5.205 43.643
1766 4.2 5.35 27.944
1767 6.3 43.674 22.949
1768 10.49 17.011 39.941
1769 10.49 36.595 10.638
1770 10.49 3.729 3.009
1771 8.39 38.963 14.28
1772 2.1 38.779 42.172
1773 10.49 29.499 11.566
1774 8.39 1.584 19.432
1775 2.1 43.586 4.164
1776 4.2 43.15 14.892
1777 2.1 31.177 38.956
1778 6.3 11.39 0.864
1779 8.39 19.417 17.709
1780 8.39 3.585 36.227
1781 2.1 10.737 7.975
1782 4.2 20.977 26.432
1783 2.1 25.456 3.672
1784 2.1 14.463 27.069
1785 4.2 17.516 7.332
1786 8.39 12.654 27.702
1787 2.1 10.953 37.712
1788 8.39 42.354 19.925
1789 10.49 41.111 7.76
1790 8.39 25.643 41.216
1791 8.39 10.916 16.648
1792 8.39 13.305 14.89
1793 6.3 24.677 23.893
1794 4.2 22.694 20.33
1795 8.39 11.472 34.85
1796 4.2 13.428 5.188
1797 6.3 6.516 28.667
1798 6.3 26.155 13.448
1799 10.49 3.429 30.335
1800 8.39 13.213 17.638
1801 8.39 32.76 2.44
1802 2.1 13.662 33.446
1803 4.2 3.557 40.636
1804 2.1 4.821 8.484
1805 2.1 31.266 9.052
1806 6.3 2.622 24.151
1807 4.2 25.022 40.649
1808 10.49 11.131 26.91
1809 4.2 23.238 41.906
1810 10.49 23.298 29.957
1811 2.1 6.099 11.878
1812 8.39 5.014 14.107
1813 8.39 3.833 32.255
1814 10.49 8.692 3.015
1815 6.3 42.328 35.935
1816 8.39 36.944 4.547
1817 4.2 43.729 13.465
1818 10.49 38.392 37.785
1819 2.1 27.947 34.266
1820 6.3 29.184 39.71
1821 8.39 33.463 1.927
1822 10.49 42.183 32.686
1823 4.2 40.088 36.7
1824 10.49 25.63 24.339
1825 4.2 5.135 4.708
1826 6.3 30.613 20.594
1827 8.39 41.895 33.65
1828 6.3 22.549 6.765
1829 6.3 0.504 37.029
1830 10.49 35.918 12.636
1831 2.1 17.363 29.838
1832 10.49 40.046 41.417
1833 2.1 16.132 19.077
1834 8.39 26.466 21.414
1835 8.39 4.322 21.224
1836 4.2 41.052 13.92
1837 6.3 10.686 33.025
1838 2.1 42.193 12.38
1839 2.1 19.449 42.533
1840 8.39 40.038 10.665
1841 4.2 43.081 35.42
1842 4.2 5.194 2.772
1843 8.39 41.901 21.44
1844 6.3 29.418 31.581
1845 8.39 40.168 12.551
1846 2.1 20.06 10.798
1847 10.49 20.5 36.697
1848 8.39 13.897 19.506
1849 10.49 18.684 31.6
1850 10.49 28.101 42.137
1851 10.49 1.223 0.727
1852 6.3 27.539 17.041
1853 4.2 15.921 39.783
1854 10.49 24.309 25.472
1855 4.2 31.941 13.753
1856 4.2 5.406 35.693
1857 8.39 3.254 14.604
1858 8.39 42.778 19.388
1859 4.2 15.677 15.519
1860 6.3 24.455 31.539
1861 6.3 16.125 19.384
1862 2.1 12.439 38.971
1863 2.1 6.253 37.102
1864 4.2 34.065 37.665
1865 4.2 15.794 4.77
1866 6.3 20.022 43.786
1867 2.1 27.012 31.805
1868 8.39 17.708 6.811
1869 10.49 4.549 43.277
1870 8.39 39.909 31.792
1871 8.39 13.124 11.182
1872 2.1 40.775 28.615
1873 4.2 6.964 41.255
1874 2.1 31.419 8.432
1875 8.39 1.972 9.482
1876 10.49 18.173 35.828
1877 6.3 35.966 7.241
1878 8.39 24.744 15.871
1879 8.39 39.886 32.2
1880 8.39 7.42 32.768
1881 2.1 39.548 22.819
1882 8.39 35.625 2.259
1883 6.3 9.822 24.422
1884 4.2 3.296 31.853
1885 10.49 38.345 29.367
1886 10.49 24.293 10.026
1887 2.1 35.823 8.2
1888 4.2 24.277 42.562
1889 8.39 43.692 10.051
1890 6.3 21.007 29.121
1891 10.49 32.252 14.153
1892 8.39 42.76 10.934
1893 10.49 18.014 12.323
1894 6.3 39.881 1.197
1895 4.2 33.514 8.381
1896 4.2 29.157 24.108
1897 2.1 26.579 41.698
1898 10.49 37.949 42.956
1899 6.3 1.601 31.318
1900 10.49 9.358 25.754
1901 2.1 11.88 42.881
1902 8.39 0.896 41.21
1903 10.49 11.142 3.342
1904 2.1 38.821 21.65
1905 8.39 6.849 17.239
1906 6.3 2.171 21.329
1907 2.1 26.551 15.609
1908 8.39 30.821 23.212
1909 2.1 29.171 24.061
1910 8.39 42.836 37.737
1911 2.1 19.263 35.171
1912 8.39 16.865 18.837
1913 6.3 9.007 17.046
1914 4.2 34.32 30.168
1915 6.3 4.615 8.574
1916 4.2 13.493 19.271
1917 4.2 17.82 11.933
1918 6.3 35.133 15.229
1919 8.39 43.624 14.026
1920 10.49 33.687 10.499
1921 4.2 25.271 31.95
1922 2.1 41.163 43.11
1923 4.2 32.675 9.556
1924 2.1 4.279 19.038
1925 4.2 20.313 18.599
1926 6.3 10.354 11.688
1927 6.3 2.362 37.592
1928 10.49 38.559 40.497
1929 2.1 14.515 21.027
1930 4.2 5.908 7.962
1931 2.1 29.173 26.54
1932 10.49 14.405 36.855
1933 2.1 3.256 3.221
1934 8.39 1.885 40.55
1935 2.1 6.0 14.374
1936 8.39 38.332 24.748
1937 6.3 22.1 38.949
1938 2.1 17.524 20.431
1939 8.39 28.79 27.687
1940 8.39 41.5 13.198
1941 10.49 16.775 16.711
1942 2.1 10.899 38.962
1943 10.49 2.675 40.552
1944 10.49 4.084 3.242
1945 6.3 35.045 38.645
1946 10.49 34.554 20.015
1947 2.1 12.838 31.955
1948 4.2 7.487 35.54
1949 2.1 4.522 41.878
1950 4.2 40.673 1.165
1951 4.2 5.663 37.468
1952 6.3 6.077 14.22
1953 10.49 24.191 31.937
1954 10.49 35.591 29.613
1955 6.3 13.979 24.819
1956 4.2 21.664 17.03
1957 10.49 10.638 4.817
1958 10.49 13.916 32.561
1959 6.3 5.363 28.174
1960 6.3 13.48 2.346
1961 10.49 7.225 16.16
1962 2.1 33.455 1.641
1963 8.39 30.203 15.811
1964 4.2 35.156 40.323
1965 2.1 1.741 31.346
1966 6.3 13.865 11.346
1967 2.1 0.844 23.463
1968 6.3 5.821 20.107
1969 8.39 43.021 26.432
1970 8.39 11.318 28.835
1971 2.1 17.601 28.708
1972 4.2 42.285 5.31
1973 2.1 23.809 5.906
1974 10.49 28.48 9.68
1975 6.3 9.754 10.314
1976 6.3 9.824 23.86
1977 4.2 19.838 35.832
1978 2.1 40.694 3.37
1979 10.49 35.341 41.84
1980 8.39 14.324 40.144
1981 6.3 12.492 28.824
1982 8.39 36.529 34.531
1983 6.3 5.865 23.846
1984 4.2 31.927 39.133
1985 8.39 13.006 10.532
1986 2.1 32.094 11.879
1987 10.49 26.108 37.038
1988 8.39 3.979 40.644
1989 4.2 2.894 28.213
1990 8.39 29.034 17.052
1991 10.49 42.0 41.746
1992 10.49 10.854 19.665
1993 6.3 2.522 28.877
1994 4.2 23.535 41.119
1995 4.2 34.29 1.217
1996 4.2 42.272 3.799
1997 8.39 9.913 29.765
1998 8.39 27.618 6.566
1999 10.49 17.933 43.11
2000 2.1 19.094 34.19
2001 8.39 30.502 31.214
2002 8.39 30.473 16.844
2003 4.2 3.325 9.79
2004 8.39 24.448 21.087
2005 8.39 31.97 34.358
2006 10.49 3.495 2.27
2007 8.39 29.879 3.294
2008 2.1 35.971 9.755
2009 2.1 2.277 34.52
2010 2.1 19.358 32.305
2011 8.39 18.865 36.706
2012 10.49 32.581 11.039
2013 10.49 26.479 18.932
2014 2.1 40.564 29.042
2015 2.1 42.581 17.279
2016 8.39 23.27 17.839
2017 4.2 5.699 4.748
2018 2.1 27.406 41.593
2019 4.2 34.034 25.816
2020 2.1 11.538 43.605
2021 8.39 28.419 33.462
2022 8.39 41.267 7.153
2023 10.49 12.104 37.828
2024 2.1 6.088 30.828
2025 10.49 4.709 13.288
2026 4.2 13.254 17.002
2027 8.39 42.388 8.939
2028 10.49 34.039 19.551
2029 10.49 34.209 23.231
2030 2.1 10.953 18.409
2031 8.39 34.817 23.581
2032 6.3 20.787 1.661
2033 4.2 34.589 19.777
2034 4.2 1.998 5.611
2035 4.2 43.04 7.03
2036 2.1 18.181 4.586
2037 4.2 5.091 14.787
2038 6.3 39.441 32.031
2039 2.1 4.839 19.036
2040 8.39 9.954 26.87
2041 2.1 22.885 9.836
2042 4.2 28.037 4.036
2043 10.49 14.386 25.384
2044 8.39 29.687 6.366
2045 8.39 21.623 4.36
2046 8.39 19.664 10.453
2047 2.1 8.482 0.895
2048 6.3 28.279 36.042
2049 2.1 25.977 27.217
2050 10.49 30.698 29.771
2051 10.49 35.34 6.363
2052 4.2 4.129 7.193
2053 6.3 39.842 7.415
2054 4.2 19.486 40.946
2055 4.2 34.885 19.851
2056 10.49 38.556 23.887
2057 4.2 36.182 33.336
2058 6.3 3.656 42.21
2059 6.3 40.877 22.007
2060 2.1 39.446 36.641
2061 10.49 4.083 2.783
2062 4.2 21.423 18.698
2063 4.2 16.974 15.435
2064 10.49 3.015 9.859
2065 2.1 10.003 42.544
2066 10.49 25.942 7.356
2067 8.39 32.087 39.708
2068 10.49 41.074 42.733
2069 4.2 9.327 16.814
2070 4.2 39.038 18.276
2071 6.3 26.976 18.061
2072 6.3 12.767 11.687
2073 2.1 21.349 29.386
2074 2.1 32.423 28.134
2075 6.3 26.521 39.025
2076 4.2 40.969 26.147
2077 4.2 35.881 7.628
2078 10.49 15.549 5.398
2079 4.2 22.901 34.803
2080 10.49 21.538 26.328
2081 8.39 12.219 21.319
2082 4.2 14.07 12.274
2083 4.2 0.959 39.876
2084 2.1 18.132 10.381
2085 6.3 20.087 27.368
2086 8.39 41.931 29.667
2087 10.49 37.862 20.814
2088 8.39 26.37 18.995
2089 6.3 22.955 9.864
2090 10.49 41.586 18.543
2091 2.1 10.333 36.731
2092 8.39 22.914 1.067
2093 2.1 9.914 17.868
2094 8.39 32.938 34.62
2095 6.3 40.87 37.059
2096 8.39 9.091 31.901
2097 6.3 13.6 32.701
2098 6.3 43.556 36.634
2099 6.3 31.962 41.381
2100 4.2 21.271 26.25
2101 6.3 14.956 6.361
2102 8.39 0.386 11.22
2103 6.3 39.502 34.718
2104 10.49 18.004 10.555
2105 8.39 38.358 11.087
2106 8.39 20.227 10.681
2107 6.3 39.97 26.377
2108 4.2 12.107 41.469
2109 10.49 31.125 9.033
2110 2.1 28.498 5.7
2111 10.49 42.163 11.274
2112 10.49 42.989 25.235
2113 6.3 14.848 11.294
2114 8.39 14.992 3.349
2115 10.49 35.63 4.838
2116 6.3 20.575 43.249
2117 2.1 2.314 39.761
2118 6.3 10.866 2.305
2119 2.1 41.67 19.317
2120 10.49 17.936 23.723
2121 2.1 43.239 25.33
2122 10.49 13.094 5.999
2123 10.49 20.126 39.618
2124 10.49 8.297 22.943
2125 4.2 41.21 9.281
2126 4.2 35.754 25.092
2127 6.3 28.603 43.383
2128 4.2 4.015 10.348
2129 6.3 32.074 16.841
2130 10.49 30.974 31.431
2131 6.3 16.034 25.538
2132 8.39 12.936 26.798
2133 10.49 5.123 39.892
2134 2.1 7.319 4.924
2135 10.49 23.067 22.629
2136 4.2 7.352 5.792
2137 4.2 40.854 30.069
2138 2.1 16.525 8.444
2139 4.2 28.029 4.808
2140 6.3 35.032 32.3
2141 4.2 16.328 4.793
2142 8.39 34.574 21.231
2143 8.39 21.191 2.034
2144 6.3 10.711 36.947
2145 10.49 0.669 2.653
2146 10.49 34.607 3.466
2147 2.1 34.167 15.164
2148 6.3 34.115 6.614
2149 4.2 12.401 24.646
2150 6.3 16.01 28.572
2151 8.39 29.56 27.55
2152 6.3 26.48 7.279
2153 4.2 43.061 36.684
2154 4.2 14.66 19.54
2155 8.39 32.593 31.938
2156 2.1 13.849 37.654
2157 6.3 9.461 11.878
2158 6.3 4.587 32.071
2159 2.1 35.902 40.99
2160 4.2 32.913 15.252
2161 6.3 39.235 22.947
2162 2.1 28.578 23.849
2163 10.49 30.607 38.917
2164 4.2 7.379 31.228
2165 6.3 4.202 28.181
2166 4.2 30.194 7.094
2167 4.2 39.38 33.508
2168 4.2 13.435 8.22
2169 2.1 21.521 9.881
2170 6.3 6.667 30.643
2171 10.49 40.825 19.735
2172 6.3 39.833 7.226
2173 4.2 34.523 30.091
2174 4.2 12.033 4.866
2175 2.1 39.906 21.977
2176 8.39 17.291 8.54
2177 8.39 7.306 7.234
2178 10.49 39.239 10.829
2179 4.2 27.745 36.549
2180 4.2 20.258 13.469
2181 6.3 40.554 8.432
2182 10.49 28.952 28.694
2183 8.39 20.941 13.409
2184 2.1 12.061 37.823
2185 10.49 4.111 5.732
2186 8.39 37.226 40.531
2187 4.2 11.46 26.412
2188 4.2 2.799 27.402
2189 6.3 41.432 32.591
2190 10.49 3.702 31.59
2191 8.39 5.05 15.598
2192 4.2 20.578 41.924
2193 8.39 41.398 31.044
2194 2.1 35.513 15.784
2195 2.1 21.675 43.391
2196 4.2 25.41 36.003
2197 2.1 41.591 16.203
2198 4.2 3.505 27.296
2199 6.3 40.204 5.686
2200 4.2 37.222 19.281
2201 8.39 18.994 2.367
2202 10.49 19.662 34.177
2203 8.39 34.492 43.46
2204 10.49 17.708 29.56
2205 4.2 7.021 31.622
2206 8.39 2.633 43.516
2207 8.39 29.428 32.373
2208 6.3 20.462 8.382
2209 2.1 30.245 13.716
2210 8.39 15.447 22.867
2211 8.39 31.977 33.563
2212 4.2 12.535 15.688
2213 2.1 30.461 30.059
2214 10.49 30.078 40.779
2215 6.3 33.574 25.641
2216 10.49 22.717 23.364
2217 4.2 34.658 37.796
2218 8.39 31.528 15.882
2219 6.3 13.321 17.822
2220 4.2 31.868 11.443
2221 4.2 25.621 6.403
2222 4.2 21.51 22.44
2223 4.2 42.368 38.095
2224 6.3 6.363 2.149
2225 8.39 5.163 40.086
2226 8.39 23.987 8.402
2227 10.49 36.337 5.656
2228 8.39 33.213 13.215
2229 4.2 38.721 34.961
2230 4.2 18.766 21.255
2231 8.39 30.945 29.526
2232 10.49 10.141 1.482
2233 4.2 4.752 28.336
2234 6.3 40.015 42.336
2235 2.1 40.141 3.56
2236 10.49 1.879 37.141
2237 4.2 20.703 2.517
2238 6.3 21.349 42.505
2239 2.1 3.708 26.644
2240 6.3 24.701 24.258
2241 8.39 28.3 17.688
2242 4.2 20.504 9.881
2243 4.2 43.567 41.541
2244 10.49 24.223 17.686
2245 4.2 37.545 37.866
2246 4.2 35.758 41.637
2247 6.3 24.134 39.266
2248 2.1 28.112 20.522
2249 2.1 9.54 29.453
2250 2.1 6.642 18.96
2251 8.39 38.916 43.189
2252 8.39 12.774 13.166
2253 10.49 1.738 11.804
2254 8.39 31.654 4.394
2255 2.1 27.613 27.118
2256 4.2 10.719 15.477
2257 4.2 8.538 42.543
2258 6.3 30.886 33.007
2259 2.1 15.869 39.901
2260 8.39 16.348 21.29
2261 10.49 4.876 10.425
2262 4.2 18.917 21.424
2263 2.1 36.5 10.437
2264 4.2 8.174 16.318
2265 2.1 42.571 26.987
2266 10.49 28.044 8.234
2267 6.3 42.059 31.383
2268 6.3 12.135 38.745
2269 4.2 29.652 38.754
2270 6.3 38.64 0.307
2271 10.49 15.71 24.391
2272 6.3 22.241 37.118
2273 2.1 41.193 34.747
2274 8.39 35.786 10.726
2275 4.2 3.342 34.659
2276 10.49 37.293 3.212
2277 4.2 37.286 14.032
2278 4.2 1.662 9.078
2279 8.39 14.06 12.113
2280 4.2 35.982 18.641
2281 2.1 40.577 2.768
2282 10.49 17.785 37.662
2283 2.1 36.971 39.738
2284 4.2 32.183 29.126
2285 4.2 6.37 21.484
2286 6.3 22.364 36.158
2287 8.39 24.959 10.256
2288 2.1 36.62 36.245
2289 6.3 16.035 32.895
2290 6.3 33.501 11.385
2291 4.2 14.703 6.95
2292 2.1 10.505 31.049
2293 8.39 32.949 11.977
2294 8.39 17.387 28.319
2295 2.1 30.969 34.548
2296 10.49 1.386 21.061
2297 8.39 36.78 12.357
2298 10.49 35.748 34.895
2299 8.39 0.568 5.411
2300 2.1 36.156 30.235
2301 2.1 26.0 38.081
2302 10.49 19.194 2.487
2303 8.39 8.335 43.666
2304 4.2 3.393 17.716
2305 4.2 13.501 31.968
2306 2.1 30.264 30.358
2307 6.3 5.721 29.277
2308 4.2 12.518 11.346
2309 8.39 5.121 21.125
2310 2.1 23.899 14.726
2311 8.39 40.379 8.975
2312 2.1 17.348 9.243
2313 4.2 39.611 35.715
2314 6.3 41.139 39.65
2315 8.39 35.116 40.319
2316 4.2 28.712 36.623
2317 4.2 3.124 36.597
2318 6.3 30.176 29.083
2319 8.39 17.988 9.981
2320 4.2 42.123 17.572
2321 8.39 30.992 16.295
2322 10.49 12.908 3.121
2323 4.2 11.187 9.667
2324 8.39 33.296 4.821
2325 10.49 9.894 26.408
2326 2.1 5.226 29.612
2327 4.2 37.78 11.915
2328 10.49 27.637 40.235
2329 8.39 37.908 40.894
2330 4.2 22.215 17.054
2331 6.3 21.981 20.731
2332 6.3 4.194 7.096
2333 10.49 17.284 41.198
2334 10.49 10.146 24.13
2335 8.39 4.414 39.02
2336 6.3 36.626 7.53
2337 6.3 20.554 4.177
2338 4.2 8.431 14.923
2339 4.2 32.326 42.446
2340 8.39 15.751 37.85
2341 2.1 33.788 40.957
2342 8.39 16.057 18.68
2343 2.1 34.519 26.811
2344 2.1 8.469 38.432
2345 6.3 22.674 34.828
2346 6.3 16.222 40.587
2347 4.2 40.281 39.085
2348 4.2 33.343 34.76
2349 4.2 42.113 33.094
2350 8.39 20.171 40.111
2351 4.2 14.996 26.074
2352 4.2 15.254 33.674
2353 2.1 41.684 42.904
2354 4.2 33.847 7.317
2355 6.3 4.128 30.031
2356 4.2 43.189 29.361
2357 4.2 11.635 15.057
2358 2.1 26.251 1.163
2359 10.49 37.346 6.21
2360 10.49 20.124 21.44
2361 4.2 33.601 17.476
2362 4.2 33.058 2.977
2363 2.1 30.673 29.17
2364 2.1 36.118 25.938
2365 6.3 40.136 20.253
2366 6.3 35.963 42.262
2367 2.1 2.019 27.489
2368 10.49 10.692 19.846
2369 10.49 9.432 41.64
2370 2.1 40.497 35.493
2371 8.39 35.668 11.258
2372 8.39 28.941 29.818
2373 2.1 18.626 20.372
2374 4.2 6.717 34.729
2375 8.39 40.862 2.73
2376 6.3 21.939 9.339
2377 10.49 36.777 18.37
2378 8.39 0.437 35.02
2379 10.49 36.464 14.248
2380 2.1 15.931 27.415
2381 4.2 21.698 23.756
2382 8.39 30.629 7.179
2383 4.2 29.553 33.455
2384 2.1 31.5 41.864
2385 2.1 43.044 12.601
2386 8.39 7.25 40.532
2387 8.39 10.983 0.666
2388 8.39 2.418 42.233
2389 10.49 10.903 10.122
2390 4.2 0.237 30.788
2391 4.2 42.31 13.195
2392 8.39 20.297 41.262
2393 2.1 32.205 26.815
2394 2.1 13.43 43.041
2395 10.49 20.507 43.183
2396 6.3 13.528 28.354
2397 4.2 16.362 16.679
2398 6.3 23.597 8.384
2399 6.3 20.912 20.727
2400 2.1 5.76 8.447
2401 6.3 29.12 43.016
2402 6.3 36.127 20.206
2403 4.2 31.274 41.558
2404 8.39 32.069 15.331
2405 8.39 19.083 36.194
2406 4.2 23.943 29.544
2407 6.3 10.733 9.524
2408 2.1 38.918 12.87
2409 10.49 39.292 4.813
2410 2.1 25.264 10.76
2411 8.39 19.905 6.101
2412 8.39 0.572 22.52
2413 2.1 6.21 31.663
2414 6.3 37.169 43.631
2415 10.49 2.066 32.368
2416 4.2 34.68 6.021
2417 6.3 9.894 15.947
2418 2.1 35.094 9.742
2419 2.1 29.248 42.012
2420 6.3 6.974 3.608
2421 8.39 19.546 43.016
2422 6.3 2.951 24.238
2423 2.1 4.324 2.852
2424 2.1 40.215 0.824
2425 10.49 10.623 30.715
2426 2.1 35.385 37.711
2427 10.49 4.196 6.132
2428 8.39 40.178 24.034
2429 4.2 3.501 12.577
2430 6.3 1.71 42.763
2431 6.3 13.167 24.757
2432 2.1 5.894 10.389
2433 10.49 11.214 31.516
2434 10.49 23.216 39.671
2435 4.2 16.848 13.937
2436 10.49 36.412 15.818
2437 6.3 34.494 16.483
2438 4.2 35.014 41.586
2439 6.3 22.418 14.841
2440 10.49 4.197 41.558
2441 8.39 4.678 25.752
2442 10.49 33.222 12.48
2443 2.1 1.13 38.664
2444 2.1 13.08 3.638
2445 6.3 41.056 1.803
2446 6.3 42.73 38.145
2447 6.3 18.383 26.444
2448 6.3 10.415 16.846
2449 8.39 5.883 4.991
2450 4.2 4.422 21.096
2451 2.1 27.938 11.13
2452 8.39 20.817 39.227
2453 10.49 13.885 31.792
2454 8.39 41.769 43.692
2455 2.1 23.707 24.565
2456 8.39 41.673 10.504
2457 6.3 36.452 9.294
2458 2.1 9.4 9.607
2459 10.49 22.548 38.844
2460 4.2 22.505 5.648
2461 6.3 29.831 17.438
2462 8.39 19.688 31.995
2463 8.39 16.335 25.983
2464 10.49 41.682 28.341
2465 10.49 21.606 19.503
2466 8.39 33.257 2.649
2467 6.3 43.267 6.527
2468 10.49 20.469 22.495
2469 6.3 36.473 20.509
2470 2.1 19.573 41.311
2471 4.2 24.291 24.007
2472 8.39 12.861 13.096
2473 8.39 19.756 20.83
2474 4.2 8.932 27.78
2475 10.49 33.272 35.554
2476 6.3 18.782 42.0
2477 4.2 16.988 16.651
2478 10.49 1.553 41.287
2479 6.3 26.935 18.795
2480 6.3 2.591 37.085
2481 8.39 38.36 13.067
2482 6.3 18.746 31.01
2483 8.39 12.163 30.765
2484 10.49 16.937 5.223
2485 2.1 6.374 14.91
2486 2.1 2.227 1.244
2487 2.1 42.249 26.708
2488 2.1 34.538 35.468
2489 10.49 31.653 16.441
2490 2.1 42.383 10.341
2491 8.39 13.23 34.783
2492 8.39 4.643 37.914
2493 8.39 13.85 19.281
2494 10.49 22.857 12.423
2495 10.49 4.878 37.316
2496 8.39 11.604 24.786
2497 8.39 18.611 37.441
2498 6.3 20.386 4.166
2499 6.3 2.964 15.038
2500 6.3 33.456 42.567
2501 4.2 21.396 30.438
2502 2.1 9.354 32.567
2503 4.2 4.472 18.915
2504 6.3 19.477 41.912
2505 6.3 11.625 1.446
2506 4.2 38.774 35.629
2507 6.3 6.405 0.457
2508 6.3 6.83 1.164
2509 8.39 12.961 27.086
2510 2.1 10.663 8.753
2511 10.49 12.356 32.287
2512 2.1 12.344 11.471
2513 4.2 9.098 25.875
2514 2.1 12.325 16.191
2515 10.49 22.175 9.766
2516 6.3 26.083 18.622
2517 10.49 5.209 17.951
2518 6.3 16.994 24.608
2519 2.1 17.131 18.881
2520 2.1 20.739 4.05
2521 8.39 7.809 43.316
2522 4.2 36.433 31.39
2523 6.3 29.34 23.671
2524 8.39 15.336 5.123
2525 6.3 7.707 9.655
2526 6.3 9.626 30.511
2527 8.39 4.161 28.35
2528 4.2 9.42 22.034
2529 2.1 24.813 37.868
2530 2.1 1.471 6.76
2531 6.3 33.224 22.117
2532 4.2 29.789 20.677
2533 6.3 8.626 43.763
2534 10.49 37.671 2.865
2535 6.3 5.594 34.429
2536 2.1 8.804 9.116
2537 6.3 5.475 9.545
2538 8.39 41.345 27.539
2539 2.1 6.138 36.28
2540 2.1 5.685 31.159
2541 2.1 11.267 22.291
2542 2.1 42.186 37.29
2543 4.2 34.856 27.724
2544 4.2 36.391 37.324
2545 8.39 12.389 37.032
2546 10.49 40.956 12.449
2547 6.3 18.195 5.829
2548 8.39 11.75 7.64
2549 4.2 41.592 38.241
2550 2.1 14.861 29.086
2551 6.3 0.49 6.092
2552 2.1 10.759 40.398
2553 8.39 32.739 29.528
2554 6.3 32.573 40.459
2555 4.2 7.433 6.233
2556 6.3 19.81 40.683
2557 8.39 30.707 17.51
2558 6.3 30.419 31.33
2559 8.39 9.162 35.949
2560 8.39 9.826 32.553
2561 8.39 19.334 38.64
2562 2.1 25.922 3.554
2563 10.49 10.96 43.681
2564 8.39 29.069 29.225
2565 2.1 1.72 31.4
2566 6.3 1.532 43.722
2567 2.1 33.93 0.255
2568 10.49 8.426 26.716
2569 2.1 32.898 8.975
2570 6.3 30.306 35.359
2571 10.49 41.976 3.797
2572 6.3 27.492 5.41
2573 4.2 35.432 2.433
2574 10.49 9.25 11.773
2575 6.3 6.474 14.858
2576 8.39 31.892 25.823
2577 4.2 34.474 18.746
2578 4.2 28.325 25.803
2579 8.39 29.627 37.477
2580 2.1 29.265 19.598
2581 2.1 20.206 11.795
2582 8.39 7.642 14.476
2583 10.49 38.413 15.157
2584 6.3 1.45 7.945
2585 4.2 0.808 6.322
2586 4.2 35.95 25.639
2587 4.2 41.188 16.252
2588 4.2 32.616 2.014
2589 10.49 32.976 43.158
2590 4.2 42.2 14.627
2591 10.49 1.694 42.865
2592 6.3 36.535 12.651
2593 10.49 7.415 13.834
2594 6.3 32.413 37.231
2595 10.49 39.583 8.771
2596 2.1 4.71 0.914
2597 6.3 23.132 35.675
2598 6.3 35.513 2.241
2599 4.2 38.638 22.719
2600 4.2 4.253 7.35
2601 2.1 38.739 2.312
2602 4.2 19.881 1.415
2603 6.3 34.813 30.948
2604 10.49 33.227 29.773
2605 10.49 14.958 26.358
2606 6.3 22.565 31.152
2607 8.39 25.321 20.102
2608 2.1 31.093 19.644
2609 10.49 31.567 9.328
2610 4.2 30.277 10.223
2611 8.39 17.707 36.962
2612 2.1 9.063 10.103
2613 6.3 33.747 38.949
2614 6.3 13.806 8.535
2615 10.49 14.656 14.479
2616 6.3 41.778 36.405
2617 8.39 27.626 12.897
2618 8.39 24.59 41.13
2619 8.39 4.275 12.376
2620 2.1 32.788 29.875
2621 8.39 38.155 39.723
2622 4.2 17.432 35.401
2623 6.3 28.824 23.367
2624 2.1 30.613 1.081
2625 2.1 9.508 17.642
2626 4.2 2.36 24.888
2627 8.39 30.98 18.307
2628 4.2 43.484 17.4
2629 10.49 16.886 18.665
2630 8.39 17.864 15.071
2631 4.2 13.964 5.565
2632 8.39 40.704 23.875
2633 2.1 30.842 25.709
2634 4.2 22.439 1.966
2635 10.49 43.257 19.885
2636 10.49 42.97 4.752
2637 8.39 23.795 25.217
2638 8.39 7.215 9.085
2639 10.49 25.24 16.323
2640 8.39 15.159 12.392
2641 10.49 36.293 11.577
2642 2.1 23.98 41.373
2643 8.39 36.89 3.307
2644 4.2 41.675 1.345
2645 2.1 29.875 16.348
2646 4.2 40.69 4.7
2647 4.2 12.546 18.153
2648 8.39 11.037 1.655
2649 10.49 16.225 31.85
2650 2.1 27.567 36.623
2651 8.39 28.725 15.174
2652 8.39 36.603 43.231
2653 8.39 32.914 21.543
2654 10.49 2.997 29.097
2655 4.2 25.062 27.626
2656 4.2 36.717 17.206
2657 2.1 23.589 26.762
2658 6.3 29.021 38.501
2659 4.2 0.646 10.762
2660 2.1 15.36 7.87
2661 4.2 21.364 1.287
2662 10.49 28.109 39.3
2663 8.39 14.456 19.392
2664 4.2 9.954 21.274
2665 8.39 42.992 29.835
2666 2.1 36.819 15.806
2667 8.39 8.994 35.455
2668 4.2 40.462 22.534
2669 10.49 37.181 30.063
2670 10.49 13.102 27.961
2671 4.2 21.588 3.971
2672 4.2 14.707 33.756
2673 6.3 4.331 30.777
2674 10.49 39.07 32.309
2675 2.1 29.816 22.596
2676 10.49 25.0 37.882
2677 10.49 0.687 29.172
2678 8.39 32.537 2.838
2679 4.2 18.245 5.185
2680 8.39 24.13 1.392
2681 10.49 23.91 32.875
2682 2.1 32.357 7.248
2683 4.2 8.398 13.082
2684 8.39 27.044 34.445
2685 2.1 5.421 33.565
2686 2.1 36.136 2.196
2687 4.2 16.544 12.143
2688 6.3 15.824 20.856
2689 4.2 30.841 29.165
2690 2.1 1.944 26.034
2691 8.39 30.993 23.843
2692 6.3 35.413 31.789
2693 8.39 24.091 32.96
2694 2.1 12.551 11.125
2695 10.49 3.396 30.02
2696 10.49 1.108 14.266
2697 6.3 33.491 1.268
2698 2.1 11.096 13.216
2699 8.39 30.828 17.174
2700 2.1 29.927 35.044
2701 6.3 13.526 34.981
2702 2.1 26.517 0.821
2703 8.39 23.732 25.906
2704 6.3 35.371 30.572
2705 8.39 17.673 28.812
2706 8.39 36.884 14.448
2707 8.39 41.843 41.014
2708 2.1 32.949 22.179
2709 10.49 12.151 40.146
2710 4.2 34.777 28.028
2711 2.1 39.414 27.632
2712 4.2 24.632 21.816
2713 4.2 21.756 31.086
2714 4.2 39.282 3.182
2715 10.49 32.079 24.094
2716 6.3 4.38 1.01
2717 8.39 33.647 13.817
2718 6.3 10.707 24.685
2719 8.39 34.789 38.06
2720 8.39 27.767 17.064
2721 4.2 9.074 3.369
2722 10.49 38.094 29.182
2723 6.3 34.924 1.108
2724 2.1 23.394 27.268
2725 2.1 31.153 41.258
2726 2.1 40.251 2.233
2727 4.2 6.68 24.277
2728 8.39 12.295 31.739
2729 2.1 9.257 8.385
2730 6.3 8.574 26.598
2731 4.2 8.069 12.766
2732 8.39 24.999 3.294
2733 2.1 26.227 34.859
2734 10.49 38.181 39.589
2735 6.3 38.119 5.005
2736 10.49 38.99 8.421
2737 6.3 20.514 4.39
2738 6.3 2.706 20.591
2739 8.39 20.172 3.209
2740 4.2 4.408 38.855
2741 6.3 15.416 17.185
2742 2.1 25.013 34.428
2743 6.3 13.693 33.35
2744 8.39 7.403 1.132
2745 6.3 13.499 8.959
2746 4.2 34.374 37.231
2747 8.39 21.277 41.068
2748 8.39 13.417 22.34
2749 8.39 38.464 15.171
2750 2.1 38.522 7.268
2751 4.2 25.444 27.618
2752 6.3 9.223 23.038
2753 10.49 22.726 38.551
2754 4.2 24.574 10.607
2755 6.3 25.987 25.608
2756 2.1 26.189 8.721
2757 6.3 37.945 38.757
2758 10.49 16.06 26.007
2759 6.3 38.733 41.315
2760 10.49 42.717 34.463
2761 8.39 36.718 3.08
2762 8.39 43.681 17.583
2763 6.3 1.951 20.844
2764 8.39 9.025 25.636
2765 8.39 0.424 29.52
2766 10.49 6.272 33.911
2767 2.1 18.828 38.843
2768 8.39 21.014 27.858
2769 4.2 7.531 35.076
2770 6.3 12.125 14.639
2771 10.49 21.115 7.472
2772 2.1 28.437 13.631
2773 8.39 22.047 22.823
2774 10.49 14.429 12.06
2775 10.49 27.037 1.063
2776 4.2 2.937 26.436
2777 2.1 22.051 0.283
2778 2.1 37.108 42.664
2779 8.39 18.826 25.299
2780 2.1 15.686 17.79
2781 4.2 27.29 3.246
2782 10.49 30.864 6.003
2783 10.49 11.583 5.087
2784 8.39 40.994 19.747
2785 6.3 16.156 41.09
2786 8.39 37.045 35.065
2787 10.49 26.132 42.605
2788 4.2 19.454 12.74
2789 6.3 39.375 35.618
2790 8.39 31.752 19.447
2791 4.2 27.406 24.302
2792 6.3 32.048 42.896
2793 10.49 24.675 24.177
2794 4.2 27.543 15.338
2795 8.39 20.726 23.925
2796 4.2 5.653 39.82
2797 6.3 0.986 14.763
2798 4.2 34.386 16.438
2799 10.49 38.679 24.213
2800 2.1 21.049 24.112
2801 2.1 18.992 27.899
2802 10.49 42.133 1.6
2803 4.2 5.774 14.896
2804 2.1 41.479 22.419
2805 10.49 24.273 26.724
2806 2.1 5.222 5.867
2807 4.2 43.545 29.523
2808 4.2 32.542 31.097
2809 8.39 18.629 17.036
2810 4.2 3.598 22.219
2811 8.39 18.577 18.7
2812 6.3 34.199 33.352
2813 6.3 28.541 31.176
2814 2.1 29.875 18.748
2815 4.2 10.702 0.942
2816 8.39 14.638 24.587
2817 6.3 21.496 32.2
2818 6.3 32.798 7.87
2819 10.49 17.885 26.155
2820 8.39 37.853 18.251
2821 8.39 24.44 29.793
2822 8.39 42.701 3.838
2823 6.3 1.555 24.581
2824 10.49 10.801 5.354
2825 6.3 22.413 18.888
2826 10.49 11.027 1.486
2827 2.1 14.576 19.414
2828 2.1 22.407 39.447
2829 10.49 35.622 14.567
2830 8.39 24.95 17.148
2831 6.3 22.375 17.65
2832 2.1 29.697 32.806
2833 4.2 27.42 17.476
2834 8.39 39.62 14.135
2835 2.1 12.005 38.081
2836 8.39 43.574 41.285
2837 6.3 41.007 34.288
2838 8.39 39.939 9.343
2839 4.2 7.085 41.6
2840 10.49 22.908 34.691
2841 4.2 14.329 7.683
2842 10.49 37.677 23.368
2843 10.49 22.009 40.426
2844 8.39 33.446 2.5
2845 2.1 1.46 7.858
2846 8.39 40.58 13.573
2847 10.49 38.465 41.456
2848 8.39 2.807 35.704
2849 2.1 5.271 33.508
2850 10.49 10.373 39.709
2851 6.3 19.713 8.07
2852 8.39 34.032 23.908
2853 8.39 17.43 33.174
2854 4.2 26.861 4.407
2855 8.39 32.669 20.646
2856 2.1 12.121 10.451
2857 6.3 41.24 25.353
2858 4.2 11.183 4.019
2859 6.3 1.813 14.014
2860 4.2 41.358 28.789
2861 8.39 15.403 9.918
2862 2.1 37.415 2.286
2863 2.1 30.375 8.52
2864 2.1 30.976 16.468
2865 8.39 11.742 38.638
2866 6.3 15.916 43.757
2867 8.39 21.569 5.019
2868 2.1 21.159 6.227
2869 10.49 21.993 16.926
2870 10.49 21.142 40.726
2871 8.39 37.244 41.909
2872 2.1 25.289 21.864
2873 8.39 37.244 4.673
2874 8.39 5.225 38.157
2875 4.2 5.111 13.585
2876 4.2 21.615 6.79
2877 8.39 26.428 2.121
2878 10.49 36.588 16.626
2879 4.2 31.069 17.342
2880 8.39 41.021 27.421
2881 6.3 34.602 39.264
2882 4.2 15.025 12.684
2883 8.39 5.194 20.236
2884 10.49 11.881 2.508
2885 6.3 6.438 14.1
2886 2.1 7.937 17.453
2887 4.2 13.677 38.776
2888 6.3 40.362 1.461
2889 6.3 15.946 36.316
2890 10.49 43.436 31.035
2891 10.49 4.092 41.091
2892 2.1 2.002 27.743
2893 4.2 27.362 35.529
2894 10.49 27.291 43.25
2895 8.39 8.398 10.669
2896 10.49 8.678 38.244
2897 10.49 34.852 18.478
2898 6.3 6.617 5.393
2899 8.39 19.8 31.505
2900 2.1 22.815 21.516
2901 8.39 1.338 6.286
2902 2.1 26.716 35.227
2903 4.2 43.017 28.003
2904 8.39 9.364 11.038
