location subarea
1 5
2 240
3 429
4 227
5 458
6 77
7 373
8 414
9 87
10 128
11 354
12 13
13 113
14 458
15 89
16 40
17 203
18 436
19 352
20 452
21 230
22 297
23 87
24 323
25 344
26 288
27 451
28 307
29 329
30 161
31 118
32 204
33 477
34 283
35 410
36 115
37 297
38 161
39 51
40 72
41 99
42 412
43 25
44 241
45 245
46 55
47 204
48 354
49 215
50 373
51 318
52 207
53 459
54 315
55 80
56 337
57 229
58 317
59 452
60 456
61 91
62 441
63 412
64 469
65 270
66 218
67 47
68 383
69 328
70 321
71 394
72 147
73 154
74 437
75 360
76 32
77 134
78 399
79 51
80 233
81 364
82 220
83 226
84 147
85 120
86 230
87 118
88 425
89 129
90 179
91 200
92 274
93 328
94 351
95 117
96 262
97 72
98 201
99 54
100 266
101 77
102 483
103 155
104 418
105 151
106 374
107 109
108 243
109 76
110 27
111 151
112 155
113 73
114 23
115 212
116 395
117 394
118 259
119 397
120 216
121 368
122 236
123 44
124 211
125 304
126 270
127 142
128 105
129 321
130 193
131 21
132 334
133 369
134 328
135 426
136 237
137 178
138 182
139 177
140 247
141 393
142 155
143 26
144 189
145 196
146 335
147 107
148 203
149 81
150 355
151 347
152 108
153 23
154 352
155 223
156 196
157 29
158 157
159 215
160 476
161 192
162 81
163 85
164 449
165 117
166 193
167 434
168 391
169 50
170 341
171 393
172 474
173 355
174 321
175 384
176 284
177 32
178 193
179 333
180 79
181 59
182 283
183 80
184 311
185 315
186 248
187 157
188 36
189 35
190 3
191 303
192 291
193 102
194 291
195 114
196 432
197 227
198 180
199 78
200 91
201 436
202 133
203 170
204 375
205 404
206 364
207 436
208 283
209 144
210 81
211 80
212 460
213 283
214 438
215 381
216 442
217 366
218 413
219 442
220 187
221 239
222 103
223 330
224 197
225 342
226 274
227 166
228 179
229 146
230 249
231 123
232 263
233 85
234 147
235 266
236 54
237 395
238 42
239 53
240 128
241 300
242 35
243 90
244 186
245 272
246 43
247 277
248 191
249 421
250 464
251 31
252 76
253 146
254 349
255 115
256 48
257 16
258 341
259 236
260 315
261 136
262 295
263 261
264 103
265 116
266 85
267 6
268 233
269 206
270 216
271 458
272 255
273 343
274 394
275 400
276 132
277 300
278 435
279 464
280 129
281 356
282 417
283 127
284 481
285 423
286 65
287 70
288 438
289 94
290 243
291 54
292 79
293 365
294 383
295 324
296 466
297 13
298 249
299 97
300 363
301 143
302 444
303 267
304 63
305 426
306 356
307 334
308 352
309 440
310 464
311 315
312 224
313 172
314 411
315 172
316 418
317 28
318 221
319 192
320 277
321 33
322 232
323 102
324 241
325 212
326 135
327 360
328 190
329 75
330 245
331 228
332 168
333 303
334 458
335 348
336 46
337 400
338 166
339 331
340 296
341 104
342 420
343 432
344 252
345 378
346 399
347 29
348 432
349 444
350 377
351 163
352 452
353 295
354 347
355 459
356 365
357 64
358 381
359 236
360 1
361 281
362 271
363 408
364 340
365 403
366 354
367 367
368 6
369 162
370 146
371 441
372 430
373 107
374 93
375 379
376 425
377 180
378 58
379 352
380 164
381 298
382 122
383 338
384 140
385 216
386 227
387 412
388 103
389 263
390 480
391 71
392 400
393 95
394 120
395 425
396 43
397 222
398 380
399 223
400 317
401 423
402 248
403 375
404 359
405 159
406 331
407 323
408 423
409 202
410 310
411 282
412 267
413 349
414 340
415 217
416 151
417 440
418 337
419 391
420 432
421 359
422 208
423 54
424 122
425 28
426 262
427 55
428 99
429 311
430 341
431 176
432 309
433 234
434 220
435 236
436 299
437 46
438 214
439 257
440 366
441 182
442 429
443 343
444 38
445 435
446 328
447 226
448 53
449 439
450 179
451 247
452 159
453 337
454 474
455 51
456 58
457 396
458 266
459 458
460 324
461 132
462 268
463 8
464 187
465 252
466 478
467 209
468 389
469 322
470 396
471 199
472 84
473 373
474 78
475 241
476 38
477 53
478 468
479 297
480 478
481 169
482 13
483 460
484 28
485 435
486 43
487 58
488 59
489 335
490 419
491 362
492 395
493 279
494 39
495 102
496 348
497 292
498 174
499 363
500 32
501 287
502 150
503 19
504 167
505 81
506 359
507 428
508 204
509 354
510 213
511 328
512 413
513 230
514 437
515 38
516 281
517 167
518 73
519 4
520 325
521 94
522 401
523 375
524 56
525 423
526 67
527 54
528 373
529 7
530 123
531 164
532 363
533 170
534 442
535 244
536 481
537 146
538 22
539 265
540 222
541 310
542 77
543 249
544 70
545 399
546 384
547 233
548 260
549 151
550 196
551 331
552 297
553 172
554 13
555 83
556 146
557 174
558 324
559 259
560 283
561 174
562 359
563 150
564 321
565 269
566 447
567 247
568 14
569 318
570 46
571 140
572 423
573 463
574 83
575 473
576 240
577 238
578 424
579 53
580 340
581 191
582 41
583 3
584 390
585 323
586 314
587 380
588 173
589 65
590 429
591 244
592 269
593 87
594 315
595 158
596 85
597 5
598 402
599 450
600 152
601 299
602 201
603 318
604 154
605 13
606 452
607 17
608 444
609 139
610 24
611 335
612 7
613 362
614 429
615 422
616 95
617 430
618 442
619 477
620 119
621 409
622 423
623 352
624 179
625 241
626 401
627 43
628 21
629 234
630 47
631 358
632 340
633 449
634 432
635 338
636 130
637 335
638 69
639 412
640 231
641 164
642 55
643 154
644 353
645 209
646 253
647 422
648 173
649 436
650 336
651 362
652 397
653 315
654 471
655 109
656 319
657 406
658 358
659 245
660 344
661 75
662 422
663 217
664 365
665 413
666 113
667 235
668 312
669 67
670 75
671 44
672 54
673 68
674 407
675 300
676 277
677 318
678 145
679 410
680 160
681 399
682 51
683 377
684 191
685 136
686 316
687 95
688 269
689 141
690 322
691 173
692 369
693 443
694 286
695 4
696 106
697 271
698 91
699 109
700 161
701 428
702 352
703 95
704 291
705 305
706 167
707 297
708 139
709 327
710 467
711 188
712 38
713 151
714 290
715 76
716 345
717 241
718 165
719 400
720 348
721 96
722 266
723 149
724 477
725 395
726 330
727 360
728 291
729 365
730 169
731 269
732 286
733 204
734 213
735 353
736 152
737 205
738 288
739 416
740 464
741 312
742 253
743 272
744 198
745 411
746 244
747 139
748 277
749 367
750 142
751 482
752 467
753 432
754 348
755 36
756 405
757 448
758 297
759 159
760 116
761 177
762 10
763 223
764 186
765 121
766 97
767 27
768 57
769 118
770 464
771 88
772 107
773 395
774 214
775 180
776 410
777 369
778 303
779 196
780 96
781 412
782 315
783 302
784 344
785 467
786 412
787 368
788 127
789 314
790 440
791 356
792 458
793 440
794 308
795 302
796 35
797 317
798 439
799 385
800 408
801 441
802 375
803 87
804 216
805 142
806 56
807 369
808 350
809 170
810 386
811 194
812 168
813 179
814 441
815 482
816 76
817 422
818 98
819 156
820 116
821 234
822 422
823 15
824 69
825 61
826 225
827 207
828 76
829 16
830 417
831 456
832 150
833 452
834 122
835 245
836 128
837 471
838 420
839 175
840 242
841 467
842 319
843 456
844 144
845 339
846 84
847 169
848 411
849 412
850 390
851 17
852 19
853 481
854 278
855 43
856 77
857 393
858 297
859 473
860 477
861 16
862 155
863 278
864 54
865 342
866 13
867 231
868 168
869 416
870 46
871 437
872 88
873 403
874 409
875 348
876 277
877 251
878 13
879 303
880 134
881 366
882 44
883 216
884 386
885 7
886 400
887 52
888 159
889 319
890 440
891 221
892 366
893 248
894 258
895 306
896 259
897 136
898 79
899 76
900 457
901 129
902 416
903 176
904 474
905 440
906 441
907 300
908 468
909 203
910 198
911 277
912 458
913 138
914 387
915 142
916 37
917 10
918 478
919 33
920 380
921 214
922 152
923 75
924 260
925 434
926 440
927 254
928 228
929 26
930 315
931 251
932 307
933 273
934 30
935 239
936 17
937 206
938 483
939 224
940 50
941 243
942 55
943 25
944 394
945 186
946 355
947 9
948 235
949 403
950 50
951 83
952 458
953 456
954 201
955 356
956 166
957 400
958 253
959 67
960 392
961 196
962 477
963 33
964 350
965 84
966 379
967 372
968 72
969 331
970 55
971 183
972 435
973 414
974 391
975 300
976 334
977 32
978 165
979 81
980 126
981 108
982 279
983 41
984 113
985 413
986 122
987 476
988 68
989 407
990 298
991 290
992 143
993 182
994 12
995 418
996 450
997 317
998 233
999 375
1000 12
1001 60
1002 389
1003 76
1004 380
1005 451
1006 123
1007 396
1008 348
1009 344
1010 39
1011 217
1012 234
1013 113
1014 181
1015 454
1016 481
1017 148
1018 421
1019 326
1020 184
1021 183
1022 240
1023 158
1024 443
1025 60
1026 277
1027 144
1028 425
1029 43
1030 420
1031 421
1032 330
1033 320
1034 117
1035 34
1036 194
1037 53
1038 71
1039 148
1040 484
1041 43
1042 345
1043 191
1044 135
1045 282
1046 23
1047 199
1048 249
1049 189
1050 34
1051 354
1052 394
1053 395
1054 384
1055 104
1056 358
1057 272
1058 333
1059 469
1060 14
1061 467
1062 375
1063 214
1064 398
1065 210
1066 177
1067 39
1068 204
1069 483
1070 351
1071 282
1072 410
1073 287
1074 113
1075 105
1076 347
1077 8
1078 121
1079 314
1080 125
1081 407
1082 423
1083 441
1084 251
1085 298
1086 128
1087 289
1088 484
1089 177
1090 172
1091 109
1092 299
1093 399
1094 117
1095 377
1096 182
1097 378
1098 446
1099 80
1100 363
1101 93
1102 180
1103 112
1104 32
1105 334
1106 476
1107 1
1108 320
1109 186
1110 374
1111 429
1112 248
1113 316
1114 242
1115 480
1116 15
1117 291
1118 185
1119 446
1120 7
1121 475
1122 106
1123 178
1124 83
1125 102
1126 109
1127 43
1128 425
1129 49
1130 229
1131 354
1132 77
1133 55
1134 412
1135 428
1136 128
1137 384
1138 167
1139 353
1140 7
1141 183
1142 226
1143 255
1144 61
1145 3
1146 380
1147 103
1148 307
1149 80
1150 108
1151 243
1152 198
1153 117
1154 448
1155 122
1156 107
1157 24
1158 147
1159 241
1160 67
1161 79
1162 79
1163 210
1164 476
1165 109
1166 404
1167 350
1168 294
1169 23
1170 24
1171 88
1172 124
1173 85
1174 5
1175 266
1176 52
1177 190
1178 62
1179 375
1180 322
1181 394
1182 183
1183 252
1184 42
1185 445
1186 312
1187 317
1188 297
1189 454
1190 93
1191 457
1192 194
1193 189
1194 465
1195 122
1196 348
1197 16
1198 226
1199 99
1200 468
1201 377
1202 197
1203 320
1204 152
1205 172
1206 24
1207 469
1208 119
1209 74
1210 236
1211 300
1212 384
1213 311
1214 286
1215 346
1216 249
1217 95
1218 229
1219 269
1220 32
1221 86
1222 254
1223 145
1224 33
1225 257
1226 155
1227 165
1228 294
1229 316
1230 474
1231 387
1232 332
1233 141
1234 459
1235 366
1236 256
1237 300
1238 109
1239 477
1240 404
1241 377
1242 468
1243 316
1244 432
1245 110
1246 356
1247 337
1248 65
1249 121
1250 209
1251 428
1252 119
1253 314
1254 23
1255 131
1256 216
1257 458
1258 76
1259 44
1260 170
1261 326
1262 364
1263 237
1264 422
1265 242
1266 452
1267 34
1268 62
1269 478
1270 420
1271 389
1272 442
1273 335
1274 26
1275 45
1276 331
1277 212
1278 274
1279 320
1280 296
1281 201
1282 86
1283 265
1284 249
1285 312
1286 444
1287 191
1288 181
1289 225
1290 32
1291 158
1292 435
1293 319
1294 377
1295 101
1296 228
1297 91
1298 230
1299 201
1300 336
1301 203
1302 314
1303 78
1304 42
1305 29
1306 152
1307 84
1308 191
1309 271
1310 360
1311 168
1312 298
1313 278
1314 111
1315 274
1316 57
1317 401
1318 28
1319 4
1320 460
1321 159
1322 400
1323 470
1324 344
1325 28
1326 351
1327 42
1328 237
1329 75
1330 38
1331 444
1332 292
1333 56
1334 38
1335 94
1336 274
1337 349
1338 429
1339 482
1340 105
1341 63
1342 115
1343 44
1344 248
1345 224
1346 130
1347 218
1348 50
1349 471
1350 270
1351 484
1352 167
1353 420
1354 10
1355 68
1356 131
1357 414
1358 401
1359 167
1360 32
1361 246
1362 297
1363 449
1364 169
1365 112
1366 315
1367 74
1368 320
1369 144
1370 388
1371 79
1372 20
1373 66
1374 483
1375 473
1376 150
1377 75
1378 128
1379 458
1380 171
1381 182
1382 379
1383 442
1384 250
1385 455
1386 369
1387 381
1388 143
1389 16
1390 109
1391 103
1392 40
1393 470
1394 365
1395 49
1396 425
1397 7
1398 276
1399 270
1400 121
1401 387
1402 480
1403 127
1404 362
1405 351
1406 215
1407 404
1408 133
1409 153
1410 201
1411 245
1412 315
1413 55
1414 293
1415 20
1416 282
1417 40
1418 455
1419 42
1420 222
1421 48
1422 350
1423 367
1424 37
1425 367
1426 71
1427 61
1428 65
1429 271
1430 291
1431 148
1432 183
1433 5
1434 326
1435 319
1436 52
1437 324
1438 332
1439 214
1440 288
1441 204
1442 69
1443 469
1444 273
1445 305
1446 159
1447 416
1448 94
1449 408
1450 271
1451 235
1452 195
1453 93
1454 153
1455 171
1456 328
1457 340
1458 7
1459 52
1460 195
1461 181
1462 40
1463 246
1464 300
1465 105
1466 290
1467 68
1468 360
1469 341
1470 421
1471 166
1472 162
1473 370
1474 227
1475 325
1476 275
1477 324
1478 25
1479 112
1480 201
1481 445
1482 441
1483 229
1484 174
1485 60
1486 147
1487 455
1488 133
1489 242
1490 249
1491 191
1492 263
1493 338
1494 226
1495 307
1496 105
1497 363
1498 122
1499 371
1500 22
1501 266
1502 484
1503 210
1504 146
1505 169
1506 216
1507 258
1508 333
1509 251
1510 453
1511 35
1512 332
1513 419
1514 178
1515 2
1516 264
1517 119
1518 86
1519 226
1520 6
1521 460
1522 46
1523 350
1524 437
1525 374
1526 437
1527 179
1528 454
1529 62
1530 102
1531 414
1532 475
1533 268
1534 173
1535 2
1536 194
1537 163
1538 115
1539 317
1540 151
1541 257
1542 414
1543 66
1544 321
1545 127
1546 430
1547 362
1548 207
1549 393
1550 287
1551 170
1552 186
1553 272
1554 305
1555 417
1556 445
1557 382
1558 317
1559 168
1560 66
1561 184
1562 354
1563 82
1564 459
1565 2
1566 381
1567 435
1568 76
1569 320
1570 202
1571 57
1572 172
1573 149
1574 325
1575 319
1576 282
1577 345
1578 326
1579 281
1580 300
1581 458
1582 418
1583 348
1584 368
1585 90
1586 428
1587 340
1588 416
1589 444
1590 111
1591 431
1592 162
1593 412
1594 259
1595 141
1596 338
1597 199
1598 301
1599 65
1600 258
1601 238
1602 453
1603 133
1604 124
1605 273
1606 106
1607 132
1608 111
1609 67
1610 175
1611 279
1612 448
1613 193
1614 299
1615 14
1616 251
1617 123
1618 88
1619 109
1620 345
1621 333
1622 365
1623 435
1624 207
1625 273
1626 374
1627 209
1628 296
1629 351
1630 288
1631 291
1632 321
1633 479
1634 389
1635 190
1636 215
1637 130
1638 71
1639 276
1640 73
1641 283
1642 262
1643 318
1644 449
1645 148
1646 229
1647 97
1648 438
1649 40
1650 325
1651 412
1652 139
1653 32
1654 399
1655 265
1656 237
1657 80
1658 66
1659 149
1660 456
1661 248
1662 338
1663 332
1664 359
1665 323
1666 116
1667 295
1668 187
1669 425
1670 220
1671 263
1672 460
1673 10
1674 447
1675 155
1676 407
1677 174
1678 23
1679 166
1680 393
1681 114
1682 194
1683 65
1684 449
1685 263
1686 258
1687 363
1688 70
1689 249
1690 100
1691 235
1692 7
1693 391
1694 296
1695 122
1696 416
1697 439
1698 143
1699 161
1700 352
1701 279
1702 245
1703 46
1704 373
1705 351
1706 263
1707 70
1708 17
1709 330
1710 126
1711 45
1712 404
1713 423
1714 28
1715 15
1716 147
1717 367
1718 281
1719 337
1720 413
1721 189
1722 328
1723 428
1724 117
1725 323
1726 24
1727 282
1728 395
1729 167
1730 156
1731 118
1732 407
1733 107
1734 406
1735 183
1736 288
1737 281
1738 206
1739 132
1740 121
1741 472
1742 35
1743 109
1744 347
1745 315
1746 343
1747 301
1748 400
1749 47
1750 37
1751 277
1752 101
1753 320
1754 162
1755 159
1756 41
1757 275
1758 232
1759 18
1760 285
1761 380
1762 248
1763 105
1764 241
1765 3
1766 179
1767 242
1768 53
1769 371
1770 442
1771 328
1772 20
1773 367
1774 265
1775 440
1776 330
1777 60
1778 468
1779 296
1780 68
1781 402
1782 187
1783 453
1784 184
1785 405
1786 183
1787 72
1788 286
1789 417
1790 35
1791 292
1792 315
1793 233
1794 254
1795 94
1796 425
1797 158
1798 344
1799 134
1800 293
1801 457
1802 117
1803 24
1804 377
1805 390
1806 200
1807 35
1808 182
1809 34
1810 166
1811 356
1812 311
1813 112
1814 445
1815 110
1816 437
1817 352
1818 86
1819 102
1820 59
1821 479
1822 132
1823 87
1824 211
1825 421
1826 258
1827 131
1828 408
1829 67
1830 348
1831 163
1832 43
1833 273
1834 256
1835 245
1836 351
1837 116
1838 352
1839 10
1840 373
1841 110
1842 443
1843 263
1844 147
1845 351
1846 363
1847 77
1848 271
1849 142
1850 15
1851 463
1852 300
1853 52
1854 211
1855 346
1856 91
1857 310
1858 286
1859 316
1860 145
1861 273
1862 51
1863 70
1864 84
1865 426
1866 11
1867 146
1868 405
1869 3
1870 152
1871 359
1872 175
1873 26
1874 390
1875 375
1876 98
1877 414
1878 321
1879 130
1880 114
1881 240
1882 458
1883 203
1884 134
1885 174
1886 365
1887 392
1888 13
1889 374
1890 165
1891 325
1892 374
1893 340
1894 482
1895 391
1896 213
1897 36
1898 19
1899 133
1900 203
1901 6
1902 23
1903 446
1904 262
1905 290
1906 244
1907 322
1908 236
1909 213
1910 88
1911 98
1912 273
1913 291
1914 150
1915 377
1916 271
1917 361
1918 326
1919 330
1920 369
1921 145
1922 21
1923 391
1924 267
1925 275
1926 358
1927 68
1928 42
1929 250
1930 399
1931 191
1932 74
1933 442
1934 23
1935 312
1936 218
1937 56
1938 251
1939 191
1940 351
1941 295
1942 50
1943 24
1944 443
1945 62
1946 260
1947 139
1948 92
1949 25
1950 483
1951 69
1952 312
1953 145
1954 172
1955 205
1956 297
1957 424
1958 117
1959 157
1960 447
1961 290
1962 479
1963 324
1964 40
1965 133
1966 359
1967 221
1968 245
1969 198
1970 160
1971 163
1972 440
1973 430
1974 389
1975 357
1976 225
1977 98
1978 461
1979 40
1980 30
1981 161
1982 107
1983 223
1984 60
1985 359
1986 369
1987 80
1988 24
1989 156
1990 301
1991 44
1992 270
1993 156
1994 34
1995 480
1996 462
1997 159
1998 410
1999 9
2000 98
2001 148
2002 302
2003 376
2004 255
2005 104
2006 442
2007 455
2008 392
2009 90
2010 120
2011 76
2012 369
2013 278
2014 175
2015 308
2016 298
2017 421
2018 36
2019 216
2020 6
2021 125
2022 417
2023 73
2024 136
2025 333
2026 293
2027 396
2028 282
2029 238
2030 270
2031 238
2032 473
2033 282
2034 419
2035 418
2036 428
2037 311
2038 130
2039 267
2040 181
2041 386
2042 433
2043 206
2044 411
2045 429
2046 362
2047 467
2048 81
2049 189
2050 170
2051 414
2052 399
2053 416
2054 32
2055 282
2056 240
2057 129
2058 2
2059 241
2060 86
2061 443
2062 275
2063 317
2064 376
2065 6
2066 409
2067 61
2068 21
2069 291
2070 284
2071 278
2072 359
2073 165
2074 171
2075 58
2076 197
2077 414
2078 426
2079 100
2080 187
2081 249
2082 338
2083 45
2084 362
2085 187
2086 175
2087 261
2088 278
2089 386
2090 285
2091 72
2092 474
2093 291
2094 105
2095 87
2096 137
2097 117
2098 88
2099 38
2100 187
2101 404
2102 353
2103 108
2104 362
2105 372
2106 363
2107 196
2108 29
2109 390
2110 433
2111 374
2112 220
2113 360
2114 448
2115 436
2116 11
2117 46
2118 446
2119 285
2120 229
2121 220
2122 425
2123 55
2124 225
2125 395
2126 216
2127 15
2128 355
2129 303
2130 148
2131 207
2132 183
2133 47
2134 422
2135 232
2136 422
2137 153
2138 383
2139 433
2140 128
2141 427
2142 260
2143 451
2144 72
2145 441
2146 458
2147 326
2148 414
2149 205
2150 163
2151 191
2152 410
2153 88
2154 272
2155 149
2156 73
2157 357
2158 113
2159 40
2160 325
2161 240
2162 235
2163 60
2164 136
2165 157
2166 412
2167 130
2168 381
2169 385
2170 136
2171 285
2172 416
2173 150
2174 425
2175 262
2176 383
2177 400
2178 372
2179 80
2180 341
2181 395
2182 169
2183 341
2184 73
2185 421
2186 41
2187 182
2188 178
2189 131
2190 134
2191 311
2192 33
2193 153
2194 326
2195 11
2196 79
2197 307
2198 178
2199 439
2200 283
2201 450
2202 98
2203 18
2204 163
2205 136
2206 2
2207 125
2208 385
2209 346
2210 228
2211 126
2212 315
2213 148
2214 38
2215 215
2216 232
2217 84
2218 324
2219 293
2220 368
2221 409
2222 231
2223 66
2224 444
2225 25
2226 386
2227 437
2228 347
2229 108
2230 252
2231 170
2232 468
2233 157
2234 21
2235 461
2236 67
2237 451
2238 11
2239 178
2240 211
2241 301
2242 385
2243 44
2244 299
2245 85
2246 40
2247 57
2248 257
2249 159
2250 268
2251 20
2252 337
2253 353
2254 434
2255 190
2256 314
2257 5
2258 126
2259 52
2260 251
2261 355
2262 252
2263 371
2264 291
2265 198
2266 389
2267 154
2268 51
2269 59
2270 482
2271 206
2272 78
2273 109
2274 370
2275 90
2276 459
2277 327
2278 375
2279 338
2280 282
2281 461
2282 75
2283 63
2284 171
2285 246
2286 78
2287 365
2288 85
2289 119
2290 369
2291 404
2292 138
2293 369
2294 163
2295 104
2296 243
2297 349
2298 106
2299 419
2300 151
2301 57
2302 450
2303 5
2304 288
2305 139
2306 148
2307 157
2308 359
2309 245
2310 320
2311 395
2312 383
2313 108
2314 65
2315 40
2316 81
2317 68
2318 170
2319 383
2320 308
2321 302
2322 447
2323 380
2324 435
2325 181
2326 157
2327 371
2328 36
2329 41
2330 298
2331 253
2332 399
2333 31
2334 204
2335 47
2336 415
2337 429
2338 313
2339 17
2340 74
2341 39
2342 273
2343 194
2344 49
2345 100
2346 31
2347 65
2348 105
2349 132
2350 33
2351 184
2352 118
2353 21
2354 413
2355 135
2356 176
2357 314
2358 476
2359 415
2360 253
2361 303
2362 457
2363 170
2364 217
2365 263
2366 18
2367 178
2368 270
2369 27
2370 109
2371 370
2372 169
2373 252
2374 92
2375 461
2376 385
2377 283
2378 89
2379 327
2380 184
2381 231
2382 412
2383 125
2384 38
2385 352
2386 26
2387 468
2388 2
2389 358
2390 133
2391 352
2392 33
2393 193
2394 7
2395 11
2396 161
2397 295
2398 386
2399 253
2400 377
2401 15
2402 261
2403 38
2404 325
2405 76
2406 166
2407 380
2408 350
2409 438
2410 365
2411 406
2412 221
2413 136
2414 19
2415 112
2416 414
2417 313
2418 392
2419 15
2420 444
2421 10
2422 200
2423 443
2424 483
2425 138
2426 84
2427 399
2428 219
2429 332
2430 1
2431 205
2432 355
2433 138
2434 56
2435 339
2436 327
2437 304
2438 40
2439 320
2440 25
2441 201
2442 347
2443 45
2444 447
2445 483
2446 66
2447 186
2448 292
2449 421
2450 245
2451 366
2452 55
2453 139
2454 21
2455 210
2456 373
2457 393
2458 379
2459 56
2460 430
2461 301
2462 142
2463 207
2464 175
2465 275
2466 457
2467 418
2468 231
2469 261
2470 32
2471 211
2472 337
2473 252
2474 181
2475 105
2476 10
2477 295
2478 23
2479 278
2480 68
2481 350
2482 142
2483 139
2484 427
2485 312
2486 464
2487 198
2488 106
2489 302
2490 374
2491 95
2492 69
2493 271
2494 342
2495 69
2496 204
2497 76
2498 429
2499 310
2500 17
2501 143
2502 115
2503 267
2504 32
2505 468
2506 108
2507 466
2508 466
2509 183
2510 380
2511 117
2512 359
2513 203
2514 293
2515 386
2516 278
2517 289
2518 207
2519 273
2520 429
2521 4
2522 151
2523 235
2524 426
2525 378
2526 137
2527 157
2528 225
2529 79
2530 397
2531 237
2532 257
2533 5
2534 459
2535 91
2536 379
2537 377
2538 197
2539 70
2540 135
2541 226
2542 88
2543 194
2544 85
2545 73
2546 351
2547 428
2548 402
2549 65
2550 162
2551 397
2552 28
2553 171
2554 39
2555 400
2556 32
2557 302
2558 148
2559 93
2560 115
2561 54
2562 453
2563 6
2564 169
2565 133
2566 1
2567 479
2568 181
2569 391
2570 104
2571 461
2572 432
2573 458
2574 357
2575 312
2576 214
2577 282
2578 213
2579 81
2580 279
2581 363
2582 312
2583 328
2584 397
2585 397
2586 216
2587 307
2588 457
2589 17
2590 330
2591 1
2592 349
2593 334
2594 83
2595 394
2596 465
2597 100
2598 458
2599 240
2600 399
2601 460
2602 472
2603 150
2604 171
2605 184
2606 144
2607 255
2608 280
2609 390
2610 368
2611 75
2612 357
2613 61
2614 381
2615 316
2616 87
2617 344
2618 35
2619 333
2620 171
2621 64
2622 97
2623 235
2624 478
2625 291
2626 200
2627 280
2628 308
2629 273
2630 317
2631 425
2632 241
2633 214
2634 474
2635 286
2636 440
2637 210
2638 378
2639 299
2640 338
2641 371
2642 34
2643 459
2644 483
2645 301
2646 439
2647 271
2648 468
2649 141
2650 80
2651 323
2652 19
2653 259
2654 156
2655 189
2656 305
2657 188
2658 59
2659 353
2660 404
2661 473
2662 59
2663 272
2664 247
2665 176
2666 327
2667 93
2668 241
2669 151
2670 183
2671 451
2672 118
2673 135
2674 130
2675 235
2676 79
2677 155
2678 457
2679 428
2680 475
2681 122
2682 413
2683 335
2684 102
2685 113
2686 459
2687 339
2688 250
2689 170
2690 177
2691 236
2692 150
2693 123
2694 359
2695 134
2696 309
2697 479
2698 336
2699 302
2700 103
2701 95
2702 476
2703 210
2704 150
2705 163
2706 327
2707 43
2708 237
2709 29
2710 172
2711 196
2712 255
2713 143
2714 460
2715 215
2716 465
2717 347
2718 204
2719 62
2720 300
2721 445
2722 174
2723 480
2724 188
2725 38
2726 461
2727 202
2728 139
2729 379
2730 181
2731 335
2732 453
2733 102
2734 64
2735 438
2736 394
2737 429
2738 244
2739 451
2740 47
2741 294
2742 101
2743 117
2744 466
2745 381
2746 84
2747 33
2748 227
2749 328
2750 416
2751 189
2752 225
2753 56
2754 365
2755 211
2756 388
2757 63
2758 185
2759 42
2760 110
2761 459
2762 308
2763 243
2764 203
2765 155
2766 114
2767 54
2768 187
2769 92
2770 315
2771 407
2772 345
2773 232
2774 338
2775 476
2776 178
2777 474
2778 19
2779 208
2780 294
2781 454
2782 412
2783 424
2784 285
2785 31
2786 107
2787 14
2788 340
2789 108
2790 280
2791 212
2792 17
2793 211
2794 322
2795 231
2796 47
2797 309
2798 304
2799 218
2800 209
2801 186
2802 484
2803 311
2804 241
2805 189
2806 421
2807 176
2808 149
2809 296
2810 222
2811 274
2812 128
2813 147
2814 279
2815 468
2816 206
2817 121
2818 413
2819 185
2820 283
2821 167
2822 462
2823 199
2824 424
2825 276
2826 468
2827 272
2828 56
2829 326
2830 299
2831 298
2832 125
2833 300
2834 328
2835 51
2836 44
2837 109
2838 394
2839 26
2840 100
2841 404
2842 239
2843 34
2844 457
2845 397
2846 351
2847 42
2848 90
2849 113
2850 50
2851 384
2852 238
2853 119
2854 432
2855 259
2856 359
2857 219
2858 424
2859 309
2860 175
2861 382
2862 459
2863 390
2864 302
2865 50
2866 8
2867 429
2868 407
2869 297
2870 33
2871 41
2872 255
2873 437
2874 47
2875 333
2876 407
2877 454
2878 305
2879 302
2880 197
2881 62
2882 338
2883 245
2884 446
2885 312
2886 290
2887 51
2888 483
2889 74
2890 154
2891 25
2892 178
2893 102
2894 14
2895 357
2896 49
2897 282
2898 422
2899 142
2900 254
2901 397
2902 102
2903 176
2904 357
