location capacity Xf Yf
1 7.093 9.163 42.638
2 4.579 38.663 23.044
3 5.711 20.72 4.19
4 7.002 13.19 22.424
5 4.955 34.489 3.171
6 8.164 21.475 36.159
7 8.51 40.163 10.814
8 4.118 34.086 7.767
9 5.904 40.095 36.303
10 5.33 34.979 33.704
11 4.432 3.158 10.211
12 6.786 24.86 42.94
13 5.872 5.544 32.026
14 2.798 35.273 3.555
15 9.298 0.253 35.773
16 4.743 34.012 40.052
17 3.589 9.991 25.946
18 6.394 34.992 5.817
19 8.703 42.152 13.639
20 4.121 22.374 3.968
21 8.912 19.036 22.651
22 8.849 21.022 17.548
23 4.024 40.545 37.873
24 5.795 29.501 15.63
25 10.457 27.986 13.901
26 10.108 3.476 16.218
27 2.912 21.703 2.882
28 2.323 40.499 17.811
29 3.804 40.145 15.188
30 5.966 13.755 29.548
31 3.262 15.063 33.505
32 8.697 11.725 25.208
33 3.216 28.787 0.409
34 2.168 36.374 18.265
35 9.211 26.067 6.488
36 2.246 8.857 33.146
37 7.414 20.176 17.648
38 6.02 13.076 29.02
39 7.997 13.722 39.516
40 2.233 10.017 37.183
41 4.734 21.844 34.952
42 7.024 30.444 6.428
43 7.394 5.18 41.533
44 8.878 40.799 23.756
45 7.04 4.964 21.458
46 9.808 20.849 38.694
47 2.822 11.702 25.6
48 8.577 3.647 10.655
49 7.609 33.452 24.932
50 3.131 41.862 10.869
51 7.183 19.334 15.102
52 7.559 16.368 25.344
53 7.306 37.055 2.421
54 5.396 13.281 15.005
55 8.506 26.019 36.769
56 5.828 12.714 13.05
57 6.656 16.222 22.567
58 5.004 17.033 15.824
59 8.631 23.663 2.613
60 2.618 30.032 3.307
61 9.655 5.881 34.379
62 7.536 1.659 2.606
63 4.944 30.345 6.531
64 8.274 13.823 1.921
65 3.61 10.032 19.965
66 4.417 39.3 25.837
67 8.224 4.021 38.93
68 2.995 16.555 8.771
69 2.828 39.859 14.57
70 5.983 24.392 14.762
71 8.301 38.167 8.629
72 2.531 28.257 30.959
73 4.008 43.591 30.249
74 9.697 36.989 4.941
75 7.038 15.322 10.992
76 9.115 19.196 40.401
77 8.586 2.903 31.886
78 2.797 5.021 6.21
79 6.577 13.404 39.168
80 3.987 24.139 22.819
81 9.003 22.187 11.48
82 7.725 43.594 25.849
83 5.956 10.154 22.762
84 4.723 28.542 30.941
85 3.9 19.805 32.753
86 7.969 19.688 22.297
87 5.285 15.785 32.733
88 9.366 12.391 5.411
89 3.363 37.715 32.641
90 8.778 5.671 27.903
91 6.704 2.323 25.217
92 3.044 18.505 19.372
93 4.72 39.045 14.119
94 6.791 40.385 13.43
95 5.162 12.789 33.415
96 4.825 38.219 21.77
97 7.065 11.487 36.929
98 2.943 4.374 25.474
99 2.643 18.074 38.639
100 5.423 2.768 18.34
101 10.006 20.941 37.051
102 10.434 40.038 1.65
103 7.452 1.799 28.02
104 3.991 43.225 7.326
105 7.135 37.301 31.047
106 9.098 42.093 10.002
107 4.974 41.108 34.182
108 2.967 1.937 21.467
109 5.665 19.555 37.144
110 4.425 8.119 40.277
111 9.466 37.743 31.285
112 5.146 0.881 29.669
113 2.596 12.425 37.692
114 5.381 0.264 40.078
115 5.868 26.382 25.668
116 6.228 41.466 8.565
117 2.709 38.748 9.712
118 3.018 32.32 20.294
119 2.915 1.735 7.166
120 6.844 34.729 25.403
121 7.583 30.182 10.833
122 2.758 31.588 22.202
123 4.393 43.316 40.998
124 5.23 24.275 25.169
125 4.979 34.871 17.67
126 6.469 11.643 18.615
127 7.269 18.678 31.137
128 9.845 33.834 34.511
129 4.209 24.472 14.944
130 4.287 32.048 26.244
131 8.085 41.673 42.812
132 6.244 6.276 12.074
133 3.174 33.182 10.917
134 10.351 38.206 15.024
135 8.758 15.654 4.132
136 6.542 33.518 22.096
137 2.862 2.402 26.145
138 9.649 11.301 27.987
139 6.545 1.655 27.125
140 7.742 8.088 20.504
141 10.048 36.223 8.287
142 6.765 0.623 28.251
143 2.722 6.675 40.608
144 3.654 25.077 26.141
145 8.617 39.483 27.736
146 10.004 8.338 12.82
147 3.573 36.858 35.685
148 9.143 8.671 24.772
149 3.796 29.271 36.381
150 6.281 5.65 10.255
151 10.141 33.857 13.243
152 9.655 39.956 34.765
153 5.021 0.408 41.145
154 9.898 43.108 13.927
155 5.53 4.59 22.11
156 2.424 39.887 27.557
157 9.064 12.798 40.366
158 9.373 5.951 29.198
159 7.841 33.87 25.547
160 9.056 26.566 0.344
161 9.708 30.104 27.035
162 3.503 29.676 36.53
163 2.764 36.356 36.594
164 10.194 17.456 3.698
165 7.631 12.753 33.05
166 5.161 32.038 26.466
167 8.489 31.037 4.575
168 10.025 32.755 9.808
169 6.116 10.64 39.398
170 2.589 20.851 13.693
171 6.208 37.292 8.104
172 6.897 23.252 1.227
173 9.276 4.708 10.583
174 3.898 25.317 15.303
175 9.894 18.612 9.715
176 3.546 38.146 18.583
177 9.185 18.697 40.562
178 7.083 33.96 27.524
179 5.269 4.57 12.194
180 7.492 25.833 36.153
181 8.638 28.325 39.706
182 8.405 37.844 18.132
183 6.864 26.874 37.81
184 9.468 4.162 14.635
185 5.689 12.064 15.717
186 5.974 10.056 21.016
187 10.282 5.997 29.892
188 2.434 26.353 41.041
189 4.248 25.762 40.487
190 5.839 4.337 42.014
191 5.501 33.49 17.361
192 2.289 8.577 16.273
193 9.333 27.286 35.856
194 6.935 8.681 16.169
195 7.828 7.329 33.587
196 4.662 27.218 5.132
197 8.117 13.461 22.403
198 10.331 7.226 26.655
199 8.9 22.573 36.783
200 8.028 5.266 35.162
201 6.359 35.824 5.274
202 7.772 1.627 30.657
203 6.776 31.316 29.483
204 4.807 1.484 8.933
205 9.367 14.091 6.363
206 9.242 23.189 10.041
207 8.104 35.301 5.392
208 6.404 36.689 18.562
209 5.092 22.538 30.725
210 4.396 29.351 37.216
211 5.898 27.306 36.413
212 6.856 38.26 3.35
213 4.072 36.991 18.546
214 7.432 39.742 4.513
215 7.968 12.463 8.011
216 5.179 3.527 2.163
217 2.856 27.639 10.413
218 7.904 33.271 7.391
219 6.956 3.409 2.547
220 9.322 20.422 26.584
221 5.974 36.149 23.811
222 8.79 28.818 35.456
223 6.395 42.285 15.983
224 4.891 41.127 26.383
225 7.876 22.341 12.376
226 8.393 18.425 19.939
227 6.904 22.444 28.399
228 8.797 5.002 26.287
229 7.496 26.884 30.979
230 5.254 12.056 20.798
231 5.543 25.802 33.322
232 3.289 41.938 21.43
233 8.204 37.82 37.159
234 2.629 29.224 31.052
235 7.548 2.926 18.136
236 3.341 18.789 39.637
237 6.347 40.6 8.336
238 4.601 38.726 40.599
239 5.18 17.54 38.456
240 3.943 35.525 32.213
241 5.474 27.763 17.374
242 7.879 25.144 40.396
243 8.787 3.292 34.261
244 7.366 19.713 26.899
245 9.935 15.199 19.955
246 4.151 40.296 40.656
247 10.338 24.593 19.146
248 6.056 29.159 26.675
249 2.62 4.204 4.553
250 5.599 2.431 1.14
251 4.501 16.787 40.468
252 10.325 18.426 36.123
253 9.65 27.086 31.914
254 5.441 37.209 13.164
255 7.294 9.82 33.434
256 5.272 6.741 39.025
257 7.696 31.375 42.123
258 4.634 21.328 13.027
259 5.882 31.383 23.339
260 3.385 13.104 14.576
261 4.73 6.16 30.677
262 7.491 17.852 17.717
263 3.01 36.275 20.147
264 2.944 29.735 35.501
265 10.226 11.507 33.671
266 3.553 37.012 37.248
267 6.375 10.471 42.652
268 7.624 25.911 23.2
269 2.265 14.182 24.611
270 4.453 34.805 25.942
271 4.444 34.846 2.85
272 8.9 25.602 21.245
273 5.062 24.263 13.724
274 7.504 39.014 9.663
275 7.56 7.177 6.679
276 3.837 43.055 32.123
277 3.256 27.789 16.452
278 9.705 32.856 5.768
279 5.759 2.928 0.5
280 5.48 37.541 32.31
281 9.997 7.709 10.355
282 9.537 41.296 6.609
283 2.938 33.797 32.26
284 9.386 36.127 1.267
285 4.034 8.509 4.154
286 3.024 41.634 39.799
287 6.654 7.659 36.686
288 4.785 38.927 5.139
289 10.186 10.275 35.186
290 5.844 1.949 21.45
291 7.011 18.474 39.483
292 2.973 24.786 37.903
293 6.005 24.847 10.754
294 7.196 17.272 8.754
295 7.627 30.982 15.687
296 7.482 7.824 0.302
297 3.703 25.378 43.308
298 6.524 13.893 21.573
299 5.415 16.065 34.585
300 8.315 21.764 11.91
301 2.986 21.634 31.392
302 9.985 6.232 2.642
303 7.251 4.016 19.612
304 7.186 36.743 38.341
305 10.318 14.304 4.626
306 3.362 7.697 11.182
307 4.398 6.449 12.491
308 10.275 43.42 13.624
309 5.253 42.072 4.284
310 7.857 2.93 0.969
311 9.38 13.181 15.272
312 8.965 6.053 22.537
313 5.924 35.111 28.646
314 2.101 29.356 6.462
315 8.819 34.363 29.328
316 8.837 42.5 6.984
317 3.933 10.259 41.701
318 4.339 0.566 23.694
319 10.043 30.844 27.695
320 2.576 24.254 19.105
321 3.127 20.087 40.156
322 4.131 22.553 23.377
323 3.798 27.805 34.691
324 4.556 41.672 22.49
325 9.668 26.298 25.297
326 2.944 4.035 30.28
327 4.423 15.02 10.542
328 2.135 26.38 27.001
329 9.866 16.626 37.565
330 2.7 4.127 21.217
331 2.38 14.633 22.962
332 3.055 27.733 28.069
333 4.082 32.903 17.891
334 4.713 34.212 3.492
335 8.429 34.925 12.696
336 9.923 3.33 39.899
337 2.89 7.187 7.643
338 4.52 23.267 29.557
339 7.549 1.098 13.831
340 5.478 18.436 16.879
341 7.616 31.265 34.313
342 2.621 2.793 4.519
343 3.48 27.764 4.74
344 5.685 19.676 20.241
345 8.388 6.206 8.705
346 2.617 4.729 6.678
347 4.167 13.176 41.986
348 4.441 26.719 4.608
349 3.13 6.963 3.827
350 4.089 4.648 8.356
351 2.899 16.088 28.782
352 5.09 23.401 3.787
353 5.613 17.702 17.023
354 8.622 32.378 13.763
355 2.656 37.52 3.835
356 6.872 25.501 10.501
357 5.684 38.408 39.271
358 10.475 13.41 9.278
359 4.689 30.318 23.287
360 3.65 1.407 43.263
361 9.367 33.509 19.385
362 9.773 12.256 18.331
363 5.252 23.033 7.684
364 3.685 19.345 13.151
365 8.356 12.121 7.74
366 6.343 3.265 11.721
367 2.14 29.66 11.605
368 5.058 10.989 43.779
369 9.525 15.083 28.613
370 9.913 27.438 30.237
371 9.324 0.361 3.329
372 3.268 22.746 5.642
373 3.131 37.826 34.54
374 9.738 9.279 35.851
375 10.158 9.536 8.834
376 6.73 13.056 5.604
377 7.657 6.233 26.925
378 3.66 26.904 39.735
379 3.291 42.024 12.332
380 9.429 19.757 29.721
381 6.372 22.866 17.092
382 10.376 22.7 32.574
383 7.552 15.044 13.513
384 4.398 15.487 31.495
385 5.448 34.643 25.896
386 3.375 13.233 22.442
387 6.989 31.54 6.299
388 9.879 28.608 34.802
389 4.73 40.336 21.751
390 2.693 35.128 0.469
391 10.091 9.839 36.929
392 9.667 6.239 7.516
393 9.216 13.394 34.643
394 2.452 19.754 33.335
395 4.935 13.711 5.713
396 5.202 41.962 41.165
397 8.556 3.766 23.26
398 9.867 10.207 8.407
399 9.605 5.433 23.754
400 9.817 17.695 14.273
401 3.897 8.594 5.7
402 3.611 11.756 21.329
403 4.596 1.696 8.952
404 10.43 13.853 10.96
405 9.34 8.073 28.122
406 9.748 1.461 13.773
407 4.051 28.2 14.13
408 2.431 8.967 4.801
409 4.385 6.412 25.802
410 7.957 2.048 15.531
411 5.165 35.068 18.776
412 3.771 4.767 19.913
413 8.942 37.373 12.336
414 10.073 18.472 13.229
415 8.122 36.268 25.272
416 7.911 37.231 30.231
417 3.24 42.217 5.438
418 2.744 12.971 12.176
419 4.033 33.738 8.605
420 8.931 27.888 5.539
421 5.217 12.27 11.079
422 2.329 19.666 25.961
423 4.276 18.832 38.579
424 7.161 22.347 33.901
425 6.299 11.408 41.755
426 10.184 39.579 20.798
427 9.946 21.116 38.439
428 9.932 20.423 34.813
429 4.449 5.996 15.449
430 3.78 21.946 12.823
431 5.144 42.911 29.286
432 5.463 1.432 14.328
433 6.556 26.065 23.632
434 5.548 43.35 25.217
435 9.791 31.917 22.585
436 6.461 25.979 16.33
437 4.982 2.03 38.601
438 8.333 30.433 25.608
439 4.34 29.542 20.48
440 10.042 27.194 10.597
441 3.911 11.368 26.838
442 8.621 21.654 5.982
443 2.304 24.147 13.088
444 7.105 31.673 41.213
445 10.222 33.919 5.597
446 7.005 38.041 15.074
447 2.329 10.698 23.385
448 5.251 16.192 39.855
449 7.373 40.357 5.257
450 8.408 5.629 27.724
451 10.211 9.495 20.898
452 10.402 8.994 28.57
453 5.496 13.347 12.65
454 9.669 23.107 0.972
455 2.476 12.471 38.978
456 3.324 26.99 39.611
457 7.312 43.611 8.806
458 2.929 3.589 18.605
459 4.094 34.65 3.723
460 9.351 30.568 15.957
461 10.169 43.702 33.671
462 8.068 6.491 18.4
463 2.477 14.284 42.851
464 10.295 20.833 26.879
465 7.132 19.837 21.286
466 2.961 30.851 1.235
467 6.722 20.642 24.765
468 7.583 28.989 9.397
469 8.323 26.271 14.081
470 8.379 43.033 8.196
471 5.821 1.408 25.009
472 10.181 35.038 37.347
473 9.767 41.593 10.478
474 2.224 22.706 37.931
475 7.329 40.866 23.424
476 3.592 30.075 41.226
477 8.393 17.78 39.519
478 3.137 10.647 0.549
479 6.178 20.744 17.044
480 5.351 31.814 0.612
481 3.068 29.162 28.359
482 9.72 24.344 42.818
483 2.447 39.488 3.772
484 7.018 11.087 41.629
485 2.404 33.548 4.514
486 5.279 41.033 40.613
487 6.031 26.128 39.622
488 7.418 28.159 39.891
489 2.944 8.418 13.685
490 3.815 1.851 4.419
491 10.402 18.111 11.782
492 5.049 41.245 9.984
493 7.276 28.925 19.881
494 2.279 33.17 40.375
495 3.562 27.612 35.379
496 6.168 35.821 12.484
497 6.615 10.219 17.823
498 8.074 38.634 28.506
499 5.128 20.525 10.724
500 2.973 18.603 40.932
501 10.385 0.949 16.634
502 8.249 35.242 31.143
503 6.755 37.266 43.19
504 3.033 25.015 29.624
505 5.988 29.808 36.595
506 5.41 13.982 10.075
507 2.877 19.77 5.235
508 10.006 11.954 25.923
509 4.576 3.895 11.28
510 6.289 29.925 24.93
511 5.438 39.59 15.266
512 4.198 33.714 7.336
513 5.155 19.191 23.691
514 9.517 36.826 4.808
515 9.057 30.845 41.248
516 10.102 33.794 19.155
517 7.263 24.48 28.843
518 8.041 12.579 37.154
519 7.158 7.624 43.178
520 9.257 33.333 14.938
521 8.46 10.834 34.518
522 8.397 8.748 7.175
523 9.253 0.558 9.505
524 6.823 22.49 39.423
525 9.448 9.393 4.085
526 4.332 0.707 36.99
527 9.17 18.842 39.097
528 7.779 41.051 11.63
529 3.549 12.128 42.46
530 2.456 25.624 32.226
531 2.221 19.704 28.321
532 7.625 21.896 11.337
533 9.874 31.573 28.195
534 6.131 2.099 3.975
535 4.684 2.483 20.734
536 7.624 36.818 0.952
537 9.824 26.065 30.235
538 8.589 42.419 42.487
539 2.374 1.366 18.73
540 6.871 3.264 22.881
541 8.898 3.64 15.384
542 4.735 21.091 36.801
543 5.921 13.743 20.858
544 5.957 6.179 37.741
545 2.858 4.905 6.462
546 7.724 18.233 8.456
547 6.403 24.586 22.854
548 6.541 34.3 20.373
549 6.452 37.996 31.139
550 4.258 38.54 26.164
551 9.755 1.095 13.569
552 6.284 20.218 16.616
553 10.119 35.991 28.116
554 6.656 25.603 43.126
555 3.872 33.187 36.196
556 4.846 26.114 31.15
557 5.996 39.33 28.649
558 9.916 31.807 14.938
559 10.086 33.788 21.146
560 7.919 36.819 18.744
561 10.376 39.626 28.049
562 8.555 12.395 11.969
563 5.246 35.534 31.192
564 5.855 25.488 14.238
565 6.025 9.492 18.753
566 10.239 12.347 2.405
567 4.57 8.638 20.595
568 9.853 27.378 42.141
569 5.301 19.71 15.363
570 8.892 3.834 38.306
571 2.182 14.455 30.05
572 5.82 9.113 5.336
573 5.725 0.775 0.47
574 9.815 32.062 37.986
575 7.321 21.811 1.109
576 8.161 38.824 23.622
577 9.106 35.632 22.519
578 2.686 10.413 4.582
579 5.102 16.144 39.576
580 6.735 19.108 12.3
581 6.397 28.829 27.816
582 7.566 36.915 41.483
583 5.912 5.151 43.282
584 6.266 31.552 8.831
585 3.072 29.86 15.087
586 9.145 11.674 14.354
587 8.638 11.268 8.016
588 9.213 36.877 29.965
589 5.079 40.467 39.238
590 6.208 21.622 5.72
591 4.062 3.034 20.062
592 2.191 8.518 19.108
593 7.224 41.482 36.576
594 8.92 13.391 14.477
595 6.931 7.332 29.15
596 4.738 36.159 36.922
597 4.536 9.006 42.775
598 3.709 10.514 7.678
599 4.002 18.035 3.81
600 2.702 39.418 31.427
601 6.054 25.094 17.383
602 6.11 5.157 25.639
603 8.63 19.409 14.809
604 8.609 42.241 30.814
605 10.247 24.564 42.491
606 6.23 23.035 3.383
607 3.593 32.679 42.528
608 6.074 6.379 2.059
609 9.495 13.152 30.7
610 6.304 3.114 41.319
611 6.472 9.365 12.933
612 5.164 13.263 42.825
613 5.932 19.299 11.391
614 8.953 20.721 5.932
615 8.516 7.127 4.999
616 10.205 12.629 35.038
617 4.283 22.268 4.844
618 4.622 3.485 3.886
619 5.849 29.199 0.935
620 9.263 17.474 32.481
621 10.209 24.081 7.695
622 8.394 9.765 4.798
623 10.456 43.41 12.011
624 5.368 4.128 27.174
625 2.9 41.862 22.783
626 3.845 8.898 6.352
627 8.464 41.6 40.839
628 7.623 40.444 42.593
629 2.675 27.037 23.281
630 6.211 5.224 38.259
631 4.328 11.327 11.038
632 2.482 19.703 13.936
633 4.59 16.803 2.125
634 4.195 26.22 4.076
635 6.149 15.74 12.267
636 9.386 38.666 32.968
637 4.734 9.203 13.367
638 9.785 5.62 37.313
639 9.082 31.933 6.943
640 5.363 21.636 22.481
641 4.285 19.781 29.474
642 5.372 20.089 39.281
643 6.105 43.494 31.563
644 4.17 1.682 11.122
645 5.983 21.207 24.555
646 5.083 20.952 20.448
647 7.791 6.13 4.518
648 3.79 37.373 29.517
649 5.699 34.158 5.597
650 3.601 11.648 13.704
651 3.02 18.702 11.25
652 8.817 0.495 7.203
653 9.337 13.273 14.616
654 3.326 17.444 1.86
655 8.555 41.814 34.005
656 4.447 21.448 15.315
657 4.778 19.034 7.995
658 3.189 10.958 11.118
659 8.627 4.655 20.66
660 3.196 26.11 12.088
661 6.219 17.753 36.668
662 9.293 7.848 5.239
663 7.489 36.576 25.332
664 4.029 25.123 10.233
665 8.727 33.783 6.902
666 5.643 4.084 33.892
667 2.897 28.116 23.23
668 6.959 7.039 15.118
669 10.343 1.539 37.429
670 7.06 16.002 36.073
671 9.122 43.109 41.775
672 6.623 18.468 39.852
673 8.942 3.366 37.88
674 5.595 20.378 6.783
675 5.169 26.871 17.353
676 5.458 24.825 18.987
677 4.93 19.372 14.079
678 6.216 24.903 31.041
679 3.284 27.688 6.959
680 5.353 10.322 29.025
681 8.54 5.799 6.973
682 3.488 12.15 38.18
683 4.015 4.295 8.591
684 4.075 28.954 26.904
685 2.331 6.248 30.894
686 4.777 15.81 14.528
687 5.417 12.949 34.106
688 10.484 9.829 18.66
689 5.873 16.292 30.341
690 10.461 26.708 14.271
691 4.273 37.132 28.312
692 10.032 33.662 11.47
693 8.286 4.9 2.434
694 10.398 43.687 18.346
695 6.83 6.506 42.805
696 9.126 34.747 35.842
697 9.968 13.802 18.184
698 4.654 5.404 34.65
699 2.729 40.548 35.609
700 6.315 13.97 29.446
701 3.15 19.223 4.195
702 10.145 43.211 12.933
703 9.436 13.151 34.882
704 9.198 9.451 17.0
705 10.086 37.406 16.333
706 8.899 25.63 28.309
707 5.328 21.24 16.59
708 10.176 13.644 30.484
709 2.23 37.595 14.218
710 6.117 9.258 1.173
711 3.945 23.414 26.956
712 9.928 31.846 41.07
713 2.704 37.483 31.336
714 2.276 6.405 17.721
715 6.533 18.67 36.416
716 5.812 29.893 12.957
717 2.559 40.913 23.102
718 8.321 20.01 29.165
719 8.344 7.484 7.345
720 6.385 34.443 12.526
721 7.728 15.529 35.72
722 5.312 2.872 18.47
723 6.197 32.558 31.831
724 4.402 29.037 0.939
725 9.464 41.077 9.819
726 8.049 43.664 15.042
727 7.875 14.613 11.523
728 10.396 9.291 17.51
729 3.912 24.892 11.264
730 9.293 28.365 28.535
731 6.411 8.418 19.919
732 9.663 42.422 19.514
733 4.991 11.16 24.641
734 5.494 29.412 25.56
735 3.97 0.627 11.454
736 5.453 39.279 31.075
737 6.438 12.408 24.772
738 9.282 2.974 16.53
739 6.595 38.877 6.05
740 7.265 3.878 0.661
741 7.901 7.301 15.295
742 4.308 20.312 21.163
743 2.475 15.889 19.993
744 4.59 42.1 26.278
745 3.641 28.357 6.637
746 9.808 2.644 21.683
747 7.206 12.152 30.768
748 2.523 24.836 18.712
749 4.648 28.042 10.47
750 4.688 19.415 30.074
751 5.433 39.703 0.431
752 2.253 9.38 0.999
753 2.436 27.861 4.106
754 7.757 35.905 12.27
755 6.362 27.774 40.576
756 2.334 16.032 6.322
757 3.887 14.991 2.261
758 8.432 21.791 17.252
759 5.305 8.571 28.979
760 5.919 11.826 33.451
761 5.919 0.297 26.026
762 8.313 18.754 42.173
763 5.763 5.431 22.827
764 5.918 19.62 27.038
765 6.715 20.513 33.202
766 6.715 17.124 35.719
767 10.453 9.355 40.929
768 7.6 25.822 38.619
769 8.766 14.44 32.917
770 5.16 3.659 0.487
771 9.062 43.075 36.165
772 8.57 36.893 34.421
773 4.755 41.697 8.608
774 2.23 31.509 24.215
775 7.563 7.168 27.888
776 2.989 26.179 6.213
777 4.861 32.001 10.951
778 4.513 32.52 17.919
779 6.847 39.741 26.604
780 9.121 14.805 35.47
781 5.231 30.005 7.64
782 8.149 13.513 14.308
783 4.875 31.312 17.708
784 4.479 26.778 12.609
785 7.115 8.72 1.693
786 2.757 30.012 7.202
787 10.122 30.654 11.421
788 6.67 33.512 33.647
789 5.735 11.351 14.845
790 9.848 43.315 5.906
791 5.699 6.755 10.987
792 6.35 34.424 2.082
793 6.289 43.706 4.036
794 8.01 42.377 17.171
795 3.091 31.468 16.833
796 6.359 25.56 40.792
797 9.127 17.682 15.234
798 2.904 41.949 4.212
799 3.448 21.187 8.907
800 6.767 22.093 6.606
801 4.22 0.378 2.936
802 5.026 1.61 9.471
803 2.359 41.453 37.226
804 9.955 34.615 24.43
805 4.95 18.66 30.273
806 2.922 22.029 39.344
807 4.825 32.684 11.201
808 4.165 39.501 12.253
809 8.491 31.546 29.417
810 7.906 22.527 8.172
811 10.287 35.231 27.258
812 9.198 26.76 29.228
813 4.905 5.22 27.54
814 6.048 0.265 3.726
815 4.168 38.529 1.014
816 6.417 19.355 37.471
817 7.148 7.956 5.257
818 2.922 19.995 34.548
819 2.137 3.305 29.856
820 8.176 10.652 33.745
821 4.341 27.417 23.448
822 7.008 6.544 5.511
823 8.346 29.672 43.705
824 8.099 4.238 37.529
825 9.446 33.237 38.263
826 6.659 9.035 22.153
827 9.724 17.297 25.009
828 7.329 19.645 36.961
829 3.621 30.93 42.753
830 4.765 41.655 7.112
831 9.333 31.223 2.192
832 7.168 35.0 31.616
833 6.476 23.611 2.207
834 6.685 22.477 32.702
835 4.225 5.017 20.787
836 8.162 35.276 33.565
837 9.536 16.548 0.279
838 3.114 3.726 4.019
839 7.674 40.047 29.502
840 5.813 42.499 23.101
841 10.425 8.437 1.395
842 5.255 21.685 14.018
843 4.57 31.199 3.955
844 8.127 23.221 30.942
845 3.972 16.73 13.906
846 8.197 35.078 36.31
847 2.434 28.749 29.16
848 3.041 28.876 7.155
849 7.415 30.471 6.783
850 5.317 30.58 9.467
851 10.418 33.0 43.734
852 6.182 36.257 42.355
853 2.816 37.874 0.368
854 5.037 26.563 19.469
855 6.712 41.95 40.211
856 6.451 20.081 36.101
857 6.551 37.015 9.717
858 3.162 21.605 17.332
859 8.023 21.246 1.256
860 7.903 29.341 0.201
861 5.715 30.208 42.726
862 9.782 1.464 29.249
863 3.538 26.297 19.327
864 6.267 19.417 38.532
865 5.95 23.769 12.464
866 4.981 25.414 43.351
867 4.211 21.287 23.001
868 9.934 27.619 29.647
869 2.278 39.378 6.599
870 8.36 2.586 38.471
871 6.447 37.471 4.823
872 3.987 42.79 37.531
873 2.74 13.966 6.855
874 9.648 24.128 6.906
875 8.739 35.727 13.32
876 3.87 24.924 18.049
877 2.582 17.049 21.173
878 8.596 25.435 42.112
879 3.682 32.45 17.634
880 10.298 3.053 31.459
881 7.339 26.371 11.817
882 4.166 42.943 41.865
883 6.101 35.73 24.392
884 3.91 23.945 8.919
885 4.384 13.507 42.753
886 2.961 6.696 6.485
887 2.666 15.432 39.092
888 5.62 9.049 28.363
889 4.775 21.584 15.196
890 6.269 43.211 5.263
891 5.505 1.581 23.129
892 5.081 26.052 11.463
893 2.42 10.818 20.192
894 5.354 30.688 21.47
895 3.871 39.806 17.538
896 5.681 33.261 21.269
897 5.921 6.524 30.231
898 7.683 25.893 37.589
899 6.097 19.118 36.977
900 6.667 32.856 2.397
901 7.829 37.937 33.976
902 4.924 39.451 7.776
903 8.702 43.229 28.195
904 4.178 22.986 0.927
905 6.468 42.861 4.856
906 2.917 1.095 2.952
907 8.142 26.824 17.053
908 5.032 10.684 1.534
909 6.379 9.666 24.019
910 3.519 42.389 27.843
911 6.463 25.726 18.977
912 8.015 35.295 3.559
913 4.165 10.934 30.043
914 10.376 25.557 9.847
915 5.069 19.226 31.433
916 7.596 29.311 40.963
917 7.323 19.636 42.13
918 4.291 30.748 1.936
919 7.443 21.868 40.214
920 9.147 10.886 8.419
921 5.583 31.838 25.286
922 4.063 39.3 31.336
923 9.48 16.933 36.841
924 9.704 34.114 20.088
925 7.669 30.271 4.652
926 4.102 42.819 5.559
927 6.508 22.002 20.809
928 5.855 15.989 22.557
929 7.648 6.138 41.319
930 3.79 12.864 14.121
931 10.094 17.518 21.809
932 7.523 41.547 16.045
933 4.402 16.246 19.345
934 2.878 14.376 41.753
935 4.416 37.843 23.641
936 4.01 33.809 43.045
937 4.006 14.721 25.895
938 3.466 40.241 1.174
939 10.321 7.462 23.545
940 3.276 11.3 39.762
941 9.421 1.034 21.657
942 6.01 20.393 39.112
943 8.48 4.099 40.572
944 5.976 39.466 9.32
945 4.384 19.817 26.135
946 10.055 4.171 11.849
947 10.06 17.771 42.382
948 9.425 29.268 23.995
949 5.426 13.213 6.871
950 8.584 11.716 39.287
951 10.07 32.907 36.069
952 6.011 35.201 3.15
953 5.127 31.399 3.504
954 7.617 5.82 24.541
955 5.965 7.409 11.837
956 9.543 23.947 29.452
957 4.591 6.002 6.374
958 3.063 20.651 21.956
959 2.633 1.738 36.044
960 8.526 34.42 9.333
961 5.475 38.257 26.884
962 5.835 29.873 0.292
963 8.237 21.786 40.927
964 6.943 38.043 13.099
965 4.781 35.693 37.583
966 9.243 8.333 8.18
967 5.608 39.714 10.09
968 8.644 10.78 37.178
969 3.86 0.36 12.251
970 3.586 21.891 39.433
971 5.793 12.24 27.09
972 6.54 32.357 5.571
973 6.374 35.605 6.53
974 7.251 32.405 9.328
975 8.213 26.886 16.593
976 7.631 7.098 12.833
977 4.669 18.36 41.557
978 2.84 21.716 29.836
979 4.537 28.208 37.399
980 6.64 31.283 33.679
981 8.529 38.142 35.813
982 2.607 29.086 19.378
983 9.971 36.261 41.17
984 4.019 4.294 33.237
985 2.805 32.035 7.868
986 3.022 22.462 33.173
987 7.528 27.077 0.858
988 6.583 3.634 36.186
989 5.736 20.377 6.765
990 2.988 23.386 17.94
991 7.75 7.208 16.62
992 5.921 20.788 31.763
993 8.322 10.855 26.703
994 3.491 22.657 42.848
995 3.413 43.69 6.007
996 6.592 18.365 3.882
997 10.168 16.005 15.364
998 8.322 25.886 23.567
999 4.892 0.648 8.381
1000 5.714 22.544 42.872
1001 8.126 31.483 38.3
1002 4.904 29.879 8.211
1003 4.784 18.339 36.337
1004 6.462 11.676 8.752
1005 6.118 21.346 3.87
1006 8.858 24.407 32.377
1007 8.074 42.17 9.461
1008 2.552 35.252 13.7
1009 9.381 26.817 12.212
1010 6.937 33.178 40.667
1011 7.536 37.358 25.028
1012 5.146 27.654 23.26
1013 7.999 4.31 33.964
1014 6.445 9.803 27.7
1015 8.171 26.658 3.003
1016 6.312 36.796 0.857
1017 2.222 30.157 31.171
1018 7.008 4.434 5.523
1019 3.731 35.365 15.548
1020 6.302 14.221 26.108
1021 3.298 12.125 26.546
1022 8.609 39.242 22.958
1023 7.687 6.17 29.227
1024 9.479 4.732 3.138
1025 5.076 31.388 39.811
1026 10.065 25.892 18.489
1027 9.32 23.132 30.038
1028 7.263 12.796 5.457
1029 4.255 40.788 41.948
1030 8.959 2.191 4.291
1031 2.376 5.156 4.702
1032 8.736 43.078 15.949
1033 3.649 22.5 15.422
1034 3.805 12.392 33.057
1035 6.759 23.222 40.205
1036 4.944 34.798 26.032
1037 9.243 16.816 38.117
1038 3.862 9.048 36.06
1039 10.416 31.446 31.029
1040 3.467 42.801 0.453
1041 6.806 41.967 40.409
1042 6.638 29.093 12.479
1043 10.443 28.199 27.216
1044 2.288 4.956 30.961
1045 6.361 35.67 19.333
1046 9.434 0.209 40.402
1047 2.458 0.874 24.705
1048 7.479 13.222 20.587
1049 9.672 24.029 26.952
1050 10.483 23.452 40.499
1051 3.133 3.633 11.079
1052 7.7 39.925 9.789
1053 6.212 41.279 8.143
1054 10.247 19.775 8.618
1055 6.742 30.109 35.362
1056 5.994 10.214 10.86
1057 3.909 14.72 19.8
1058 6.78 4.343 13.784
1059 4.519 13.694 0.751
1060 6.98 27.724 43.562
1061 7.3 9.846 0.394
1062 6.081 1.916 8.781
1063 3.286 30.587 25.86
1064 5.853 2.702 6.696
1065 9.029 22.375 25.927
1066 4.297 1.193 27.121
1067 3.979 33.423 40.457
1068 9.393 11.974 25.712
1069 6.899 41.863 1.256
1070 4.436 41.791 12.106
1071 9.041 34.545 18.003
1072 2.676 27.328 7.644
1073 8.804 1.499 17.255
1074 9.0 4.086 32.841
1075 7.581 32.175 34.393
1076 2.258 33.423 13.514
1077 7.43 15.316 43.719
1078 4.976 20.776 32.633
1079 8.667 10.549 15.466
1080 6.294 28.828 33.062
1081 7.322 20.501 6.449
1082 9.687 8.634 5.863
1083 4.535 1.123 2.697
1084 9.502 17.257 20.136
1085 3.784 23.73 16.998
1086 4.854 34.264 32.544
1087 3.107 5.785 16.944
1088 2.563 42.445 0.791
1089 3.077 1.704 26.047
1090 6.392 34.109 29.314
1091 4.586 41.692 34.085
1092 6.875 25.945 16.151
1093 5.956 4.613 6.544
1094 5.34 12.986 32.505
1095 9.219 4.699 9.308
1096 5.791 10.945 26.751
1097 2.963 7.567 8.81
1098 3.268 10.052 2.649
1099 5.01 26.962 36.665
1100 9.789 21.211 11.865
1101 9.764 8.31 35.245
1102 8.901 7.219 27.946
1103 8.211 2.885 32.393
1104 8.024 18.794 40.69
1105 2.872 7.984 12.033
1106 6.468 27.666 1.403
1107 8.596 1.423 42.657
1108 5.459 23.823 15.332
1109 4.473 19.759 27.536
1110 8.705 43.261 10.515
1111 2.395 21.349 4.4
1112 4.459 11.056 21.686
1113 7.876 15.888 14.151
1114 3.874 43.414 23.126
1115 6.775 34.607 1.205
1116 2.113 28.889 42.325
1117 7.554 9.148 17.403
1118 5.504 16.898 27.905
1119 8.998 10.3 2.948
1120 9.223 12.116 42.709
1121 5.128 24.629 1.756
1122 8.696 35.259 35.982
1123 4.429 3.479 26.916
1124 10.485 32.656 36.154
1125 4.632 26.882 34.452
1126 5.803 40.14 35.866
1127 3.623 40.346 41.421
1128 2.714 13.043 4.1
1129 4.306 9.647 39.371
1130 4.402 17.561 22.145
1131 8.034 3.743 11.94
1132 2.38 21.485 36.285
1133 5.103 20.383 38.513
1134 10.054 30.898 6.67
1135 8.819 19.96 5.637
1136 2.554 35.26 33.721
1137 4.486 18.263 8.429
1138 7.647 24.602 29.814
1139 8.973 0.353 11.67
1140 8.99 13.003 42.803
1141 7.095 13.319 26.304
1142 10.413 10.809 23.985
1143 4.11 24.556 21.51
1144 4.06 33.641 39.458
1145 4.927 4.75 42.224
1146 3.681 10.953 8.593
1147 9.943 28.529 35.261
1148 6.897 40.141 17.161
1149 4.087 26.259 36.138
1150 8.747 38.009 35.222
1151 2.164 1.709 21.969
1152 3.273 43.364 27.151
1153 3.287 12.97 33.155
1154 10.013 14.874 2.398
1155 8.59 23.077 33.68
1156 8.079 37.102 35.7
1157 2.198 2.948 41.225
1158 8.159 28.235 31.017
1159 3.001 40.991 23.699
1160 7.026 1.091 37.764
1161 9.133 25.359 37.601
1162 6.119 24.107 37.621
1163 10.291 22.287 24.821
1164 9.135 27.452 1.877
1165 5.007 40.186 34.422
1166 7.806 15.739 7.584
1167 4.321 39.805 12.351
1168 6.55 15.904 17.987
1169 10.057 0.553 40.913
1170 8.158 3.711 41.869
1171 7.506 42.886 37.603
1172 5.832 27.36 32.608
1173 8.555 36.34 36.398
1174 4.517 8.849 43.195
1175 6.645 2.498 18.862
1176 9.72 14.891 39.968
1177 9.816 27.686 27.388
1178 3.094 34.403 39.298
1179 6.464 0.505 8.603
1180 7.483 26.466 14.613
1181 6.015 39.402 9.672
1182 3.62 12.452 26.232
1183 5.835 18.625 20.73
1184 3.957 39.053 41.508
1185 4.472 8.269 2.744
1186 2.178 7.178 15.563
1187 10.341 17.743 15.928
1188 5.243 20.138 17.708
1189 6.721 27.124 2.886
1190 5.678 8.743 34.848
1191 8.148 32.5 2.992
1192 3.111 35.779 26.856
1193 7.12 25.263 26.934
1194 4.034 4.89 1.398
1195 6.215 23.618 32.444
1196 8.049 34.124 13.09
1197 5.424 31.68 42.044
1198 8.091 10.99 23.872
1199 3.779 21.621 34.027
1200 9.076 10.942 1.688
1201 6.351 4.012 9.496
1202 7.777 41.758 26.995
1203 4.564 22.527 14.907
1204 7.208 38.658 30.723
1205 2.518 34.382 28.705
1206 2.593 3.706 40.55
1207 8.441 13.34 1.951
1208 8.692 16.765 33.752
1209 10.054 15.74 37.832
1210 3.302 30.945 23.487
1211 4.95 26.384 16.984
1212 8.274 18.106 9.957
1213 7.712 4.407 15.357
1214 4.862 42.712 19.789
1215 4.056 30.937 12.927
1216 8.537 12.993 21.667
1217 2.211 12.799 35.759
1218 4.437 17.966 23.409
1219 6.516 8.252 18.394
1220 2.702 19.792 41.074
1221 9.232 39.831 36.5
1222 5.14 22.154 20.812
1223 8.121 24.311 30.497
1224 8.769 20.693 41.231
1225 3.318 28.965 21.758
1226 9.129 1.197 28.041
1227 8.781 20.994 29.408
1228 4.28 15.51 16.189
1229 5.918 14.393 15.289
1230 9.472 22.993 1.897
1231 3.403 24.724 9.73
1232 9.755 3.126 13.116
1233 2.99 17.853 30.198
1234 5.074 36.757 2.888
1235 4.721 27.952 10.24
1236 4.534 26.375 20.762
1237 4.145 26.398 16.893
1238 3.636 41.549 34.338
1239 8.142 29.45 1.237
1240 5.198 14.784 7.411
1241 5.676 5.372 8.756
1242 2.857 11.358 1.785
1243 10.121 15.398 14.28
1244 3.126 27.667 5.608
1245 5.468 42.829 34.42
1246 10.044 7.509 11.443
1247 10.352 12.562 12.622
1248 6.46 41.57 39.994
1249 3.411 20.468 33.996
1250 7.318 21.422 25.803
1251 5.789 19.888 5.227
1252 2.625 17.445 32.223
1253 6.645 10.982 15.548
1254 7.468 0.395 41.492
1255 9.9 40.864 32.505
1256 2.427 35.353 25.318
1257 2.814 35.058 3.313
1258 10.49 18.829 36.443
1259 8.053 43.416 41.194
1260 4.517 31.003 28.723
1261 10.163 35.354 15.675
1262 4.412 22.6 11.203
1263 7.055 32.019 23.801
1264 6.645 7.543 4.861
1265 8.315 43.508 23.02
1266 2.109 23.131 3.283
1267 2.918 22.499 41.479
1268 5.253 35.059 39.899
1269 5.108 30.755 1.187
1270 8.173 2.57 4.326
1271 4.886 29.016 8.201
1272 7.91 2.253 3.91
1273 7.089 9.542 13.113
1274 4.696 6.799 40.824
1275 8.356 0.236 38.468
1276 3.435 1.035 13.032
1277 7.721 26.064 24.015
1278 6.895 19.176 19.004
1279 2.247 22.36 14.84
1280 9.804 18.99 16.591
1281 3.343 4.6 25.589
1282 7.979 39.121 37.745
1283 2.411 1.602 19.587
1284 7.573 13.285 20.165
1285 10.282 7.713 15.158
1286 5.097 6.218 2.98
1287 4.723 28.405 26.57
1288 8.694 9.35 26.627
1289 8.927 9.931 23.969
1290 3.74 18.729 40.818
1291 8.23 7.776 29.768
1292 9.07 33.698 5.379
1293 5.555 20.69 14.837
1294 6.855 4.427 8.544
1295 5.739 24.302 35.889
1296 9.189 14.453 23.759
1297 6.66 4.278 34.097
1298 4.135 19.885 22.407
1299 9.917 4.813 25.146
1300 6.472 11.05 12.436
1301 3.611 9.881 25.103
1302 9.21 10.36 14.125
1303 3.229 22.316 37.155
1304 4.09 38.717 41.13
1305 3.933 12.268 41.373
1306 6.429 38.2 30.841
1307 5.36 35.364 36.04
1308 6.891 29.585 27.006
1309 8.82 13.898 18.741
1310 5.281 14.131 11.195
1311 2.352 26.8 28.523
1312 3.727 23.298 17.568
1313 4.293 26.928 18.571
1314 8.0 0.586 33.467
1315 10.255 19.881 19.122
1316 7.207 24.115 38.962
1317 5.63 8.285 6.806
1318 2.493 10.296 41.174
1319 2.479 7.316 43.759
1320 5.466 39.091 3.303
1321 2.96 9.264 29.404
1322 6.868 7.324 6.57
1323 3.051 14.01 1.64
1324 2.562 26.113 12.116
1325 7.944 11.454 41.861
1326 4.569 41.816 12.811
1327 8.457 38.3 40.886
1328 3.865 32.947 23.632
1329 8.308 17.442 37.647
1330 6.622 30.334 40.26
1331 6.458 6.886 3.872
1332 7.041 10.32 17.885
1333 6.904 22.409 38.529
1334 3.797 31.564 40.743
1335 7.514 10.333 34.355
1336 2.625 19.039 19.245
1337 9.047 37.741 12.2
1338 5.354 20.199 5.848
1339 9.194 39.897 0.246
1340 5.487 33.3 34.208
1341 3.072 36.962 39.536
1342 3.231 8.975 33.365
1343 4.992 42.301 41.542
1344 3.543 11.681 21.516
1345 6.298 7.495 23.989
1346 2.38 38.567 33.279
1347 2.688 38.834 24.08
1348 7.218 10.088 38.404
1349 3.51 16.452 1.606
1350 7.611 11.62 18.832
1351 9.836 43.301 0.836
1352 4.485 24.808 29.969
1353 5.689 3.915 4.474
1354 8.267 19.631 43.749
1355 6.19 2.926 37.787
1356 7.756 41.691 33.366
1357 7.19 34.357 7.371
1358 8.473 8.477 6.74
1359 9.507 24.974 29.098
1360 8.978 18.235 40.236
1361 4.976 7.292 21.821
1362 5.219 20.403 17.722
1363 2.812 16.94 3.118
1364 10.08 29.602 29.453
1365 6.225 2.852 32.588
1366 3.792 12.192 15.57
1367 2.122 15.732 37.517
1368 2.132 23.01 15.921
1369 7.608 22.913 31.864
1370 9.516 26.415 8.367
1371 7.839 24.553 36.499
1372 4.429 38.685 43.554
1373 10.217 42.664 39.495
1374 8.275 40.887 1.697
1375 8.588 20.808 1.121
1376 2.935 35.053 30.059
1377 3.035 17.349 37.224
1378 7.019 34.43 32.346
1379 9.853 34.164 3.644
1380 4.676 32.938 29.868
1381 3.776 10.079 27.74
1382 3.44 8.072 9.175
1383 4.382 3.255 3.907
1384 3.622 14.602 21.554
1385 9.531 28.218 3.881
1386 6.623 32.392 11.813
1387 4.173 13.737 9.567
1388 4.334 20.554 30.928
1389 5.791 31.495 42.272
1390 9.045 41.491 35.984
1391 4.086 28.841 34.844
1392 10.071 35.173 40.704
1393 7.425 15.018 1.42
1394 6.131 24.829 10.693
1395 2.497 9.252 39.587
1396 7.647 13.014 4.316
1397 3.869 13.483 43.698
1398 4.693 22.563 18.958
1399 8.362 11.874 18.053
1400 6.369 21.058 33.851
1401 8.045 24.215 8.237
1402 6.734 34.865 0.906
1403 8.275 33.469 32.194
1404 4.256 19.086 11.991
1405 3.199 40.085 12.197
1406 8.799 32.669 24.172
1407 3.101 15.924 7.344
1408 5.315 1.413 31.949
1409 8.111 41.48 31.81
1410 9.788 5.793 24.481
1411 5.711 4.624 21.85
1412 5.639 13.648 15.484
1413 7.123 21.776 38.897
1414 9.931 12.412 17.007
1415 8.619 39.989 42.624
1416 8.476 34.763 19.175
1417 9.053 35.032 40.813
1418 3.128 29.864 2.39
1419 5.803 39.312 40.104
1420 10.115 2.635 22.123
1421 9.703 6.649 38.468
1422 2.252 38.809 13.273
1423 7.144 28.914 10.577
1424 6.814 28.671 41.664
1425 5.785 29.61 10.639
1426 7.405 8.088 37.584
1427 2.469 33.224 38.348
1428 7.227 41.817 39.813
1429 5.467 13.271 19.116
1430 5.21 9.172 17.352
1431 7.921 31.448 31.214
1432 10.301 13.239 27.851
1433 4.611 8.363 43.383
1434 6.461 34.748 14.319
1435 6.73 20.704 14.496
1436 8.015 15.958 39.102
1437 6.309 31.981 15.832
1438 4.73 3.615 13.436
1439 6.717 31.494 24.629
1440 2.711 3.08 16.182
1441 8.913 11.427 24.055
1442 2.163 5.658 36.849
1443 10.198 12.929 1.905
1444 10.362 17.365 19.381
1445 5.152 37.626 16.594
1446 3.883 8.284 28.726
1447 8.137 38.893 7.622
1448 5.316 11.293 34.501
1449 9.008 22.739 7.434
1450 2.686 12.628 18.978
1451 2.646 29.942 23.998
1452 6.386 37.654 26.807
1453 8.38 8.812 34.66
1454 2.812 41.961 31.247
1455 3.259 32.98 29.857
1456 2.229 38.561 15.557
1457 5.251 18.167 12.237
1458 6.194 13.589 42.476
1459 3.857 14.301 38.874
1460 7.899 37.395 27.794
1461 2.302 8.873 26.048
1462 9.105 34.249 41.308
1463 10.0 7.636 21.097
1464 9.666 27.816 17.802
1465 3.309 32.091 35.68
1466 3.414 6.812 17.813
1467 2.903 3.518 36.542
1468 4.307 15.965 11.273
1469 3.313 20.314 13.702
1470 3.684 4.474 4.364
1471 10.054 23.733 28.705
1472 6.54 14.99 28.649
1473 2.956 34.808 11.603
1474 2.219 12.657 22.23
1475 5.309 33.224 15.138
1476 3.843 21.762 19.117
1477 6.162 31.204 15.951
1478 7.943 4.543 40.937
1479 8.225 3.873 32.493
1480 6.725 4.95 24.582
1481 9.144 8.179 3.557
1482 8.232 1.844 3.004
1483 9.125 16.207 23.264
1484 6.304 39.147 28.3
1485 9.428 31.196 39.65
1486 10.096 28.504 31.073
1487 8.902 28.135 2.641
1488 6.898 0.372 30.376
1489 3.595 42.273 22.499
1490 8.477 13.42 21.805
1491 2.765 29.383 26.924
1492 7.133 40.724 20.254
1493 4.457 15.849 12.859
1494 9.511 10.131 22.348
1495 3.951 41.247 17.259
1496 9.142 33.452 34.029
1497 2.878 21.065 11.064
1498 5.929 22.671 32.514
1499 9.961 36.014 11.798
1500 4.706 43.774 42.963
1501 8.61 2.485 19.589
1502 9.246 42.584 1.365
1503 5.806 23.945 25.615
1504 6.094 26.002 31.547
1505 7.876 29.146 29.192
1506 9.904 35.639 25.981
1507 10.042 30.657 20.383
1508 3.962 5.538 13.996
1509 2.213 16.327 20.731
1510 4.052 24.759 3.882
1511 6.511 24.105 41.828
1512 3.314 2.169 13.233
1513 4.35 0.667 4.695
1514 10.476 2.472 26.037
1515 4.833 2.871 42.033
1516 7.035 42.957 21.681
1517 8.855 16.141 33.324
1518 5.87 39.998 36.343
1519 6.888 11.713 23.388
1520 9.444 10.221 42.635
1521 6.24 39.074 2.774
1522 2.335 3.403 39.184
1523 6.363 38.798 12.619
1524 4.285 37.618 4.213
1525 6.937 42.402 11.492
1526 8.169 36.278 5.134
1527 5.89 5.234 27.626
1528 7.354 27.6 2.682
1529 9.222 35.873 39.606
1530 3.915 26.374 34.805
1531 9.473 35.715 7.659
1532 6.195 24.465 0.459
1533 2.61 6.768 18.22
1534 9.806 36.898 28.881
1535 7.588 2.241 43.622
1536 9.172 35.527 27.668
1537 6.281 16.633 28.41
1538 2.415 9.838 33.379
1539 5.042 17.889 14.879
1540 7.823 36.931 31.069
1541 6.837 29.834 21.84
1542 5.68 35.947 6.474
1543 4.994 43.167 39.368
1544 9.016 24.473 14.722
1545 3.393 32.653 32.062
1546 6.852 22.366 5.748
1547 2.71 19.147 11.922
1548 6.203 17.64 24.496
1549 3.29 36.541 9.244
1550 8.117 0.272 17.412
1551 7.024 31.711 28.018
1552 4.544 19.315 26.637
1553 5.047 14.78 19.611
1554 6.624 37.77 16.968
1555 2.476 41.468 7.988
1556 6.004 9.947 2.698
1557 8.217 14.216 9.401
1558 9.058 16.034 14.779
1559 5.055 26.157 28.847
1560 3.529 42.023 38.488
1561 2.453 15.916 27.74
1562 2.443 3.375 11.165
1563 3.11 31.458 37.601
1564 9.551 37.795 3.368
1565 6.698 3.339 42.987
1566 9.475 12.955 9.768
1567 6.955 32.999 5.693
1568 7.644 19.158 37.428
1569 9.919 22.038 14.609
1570 5.349 6.697 25.865
1571 9.705 24.871 39.511
1572 5.735 35.417 29.588
1573 4.616 33.201 30.025
1574 5.358 33.292 15.96
1575 2.177 21.791 14.408
1576 3.816 34.818 19.534
1577 9.608 28.38 13.355
1578 7.841 35.27 15.098
1579 2.241 33.57 19.787
1580 4.23 27.82 16.136
1581 9.493 34.071 2.668
1582 5.398 42.339 7.194
1583 9.628 35.267 13.882
1584 9.208 31.473 11.483
1585 6.072 3.39 34.8
1586 7.606 19.438 4.961
1587 6.812 18.907 13.778
1588 5.524 39.165 6.758
1589 7.205 7.427 3.911
1590 10.397 1.083 32.282
1591 8.908 25.128 4.728
1592 3.648 14.902 29.721
1593 5.32 30.761 7.724
1594 7.197 33.602 20.907
1595 9.355 16.235 30.517
1596 2.439 14.961 12.079
1597 3.773 1.796 25.395
1598 3.087 28.09 17.288
1599 5.493 41.248 39.206
1600 7.839 30.43 21.107
1601 3.119 35.755 23.388
1602 8.989 25.835 2.768
1603 3.764 1.495 31.645
1604 9.744 27.037 33.636
1605 7.956 16.948 19.884
1606 7.763 34.058 34.306
1607 9.114 42.693 33.274
1608 9.697 1.245 32.371
1609 7.868 0.776 37.807
1610 5.156 41.852 29.407
1611 7.971 29.576 18.916
1612 8.996 15.258 2.674
1613 9.323 33.225 27.184
1614 7.131 25.383 17.751
1615 7.517 27.646 42.226
1616 10.223 16.202 21.667
1617 5.158 25.07 33.633
1618 8.582 42.098 37.295
1619 9.218 40.584 34.373
1620 9.912 28.38 13.572
1621 5.173 4.193 12.827
1622 4.299 24.385 10.248
1623 3.935 32.595 4.505
1624 9.512 16.357 24.987
1625 2.599 16.34 19.648
1626 7.252 42.69 10.671
1627 8.591 21.131 25.145
1628 10.006 19.172 16.851
1629 9.892 40.504 13.815
1630 6.2 3.839 17.057
1631 3.509 8.798 17.813
1632 2.815 25.389 15.477
1633 2.315 33.311 0.803
1634 6.138 29.853 9.627
1635 3.352 27.313 27.453
1636 6.543 32.137 24.083
1637 6.877 39.993 33.055
1638 8.032 8.814 37.41
1639 5.538 22.846 18.217
1640 5.971 12.123 36.464
1641 9.423 36.092 18.72
1642 9.874 38.614 21.936
1643 8.192 18.12 15.305
1644 2.129 17.504 3.886
1645 5.222 31.472 31.362
1646 3.679 16.066 23.912
1647 8.286 17.07 35.485
1648 6.73 38.489 4.079
1649 6.63 34.878 41.59
1650 7.279 33.244 14.31
1651 5.045 31.345 7.273
1652 4.507 13.523 30.367
1653 7.656 18.679 40.886
1654 8.073 5.388 7.276
1655 5.039 1.736 19.954
1656 8.802 32.817 22.465
1657 3.429 26.755 37.461
1658 3.092 42.996 38.114
1659 9.042 32.897 31.81
1660 7.334 31.533 2.434
1661 8.204 10.576 20.657
1662 2.194 14.517 13.474
1663 9.124 2.618 12.014
1664 3.371 13.229 11.784
1665 7.347 29.063 15.309
1666 9.431 11.935 33.047
1667 8.221 16.587 17.624
1668 5.318 20.655 26.275
1669 3.834 13.107 4.714
1670 2.707 42.731 25.39
1671 5.555 40.119 21.347
1672 5.913 38.944 2.808
1673 7.572 19.982 43.6
1674 7.185 12.371 2.36
1675 2.737 1.651 28.717
1676 5.586 20.793 7.231
1677 3.847 39.017 29.552
1678 6.383 1.189 40.155
1679 8.602 22.69 28.502
1680 4.207 36.51 8.483
1681 2.449 6.862 32.277
1682 3.445 34.783 27.095
1683 5.281 41.678 38.321
1684 2.665 17.748 3.68
1685 5.157 40.918 21.143
1686 7.863 30.687 20.259
1687 3.901 20.012 11.805
1688 4.589 6.895 36.755
1689 8.622 12.163 21.93
1690 2.306 23.164 35.893
1691 10.328 29.425 22.035
1692 3.037 13.847 43.267
1693 5.271 33.164 8.191
1694 2.138 18.612 16.11
1695 4.811 22.083 32.084
1696 9.841 38.139 7.679
1697 8.392 41.924 5.839
1698 9.667 20.037 31.716
1699 3.773 13.244 28.729
1700 2.569 43.155 12.804
1701 10.059 29.084 18.05
1702 10.099 5.322 21.781
1703 5.051 2.929 38.61
1704 10.292 41.586 11.494
1705 2.629 40.198 12.199
1706 9.39 40.404 20.772
1707 2.81 7.056 37.289
1708 9.305 32.871 43.208
1709 6.878 42.813 15.376
1710 2.747 31.486 32.018
1711 4.18 1.55 39.759
1712 4.295 15.813 6.651
1713 3.863 8.541 4.482
1714 7.927 11.095 40.22
1715 6.933 29.087 42.683
1716 4.804 28.583 30.486
1717 6.489 28.282 10.182
1718 7.421 33.882 18.658
1719 2.527 13.845 13.279
1720 8.627 33.755 6.149
1721 9.334 25.967 26.443
1722 4.566 39.427 15.028
1723 4.699 18.572 5.051
1724 6.747 12.83 32.174
1725 6.863 29.147 15.478
1726 4.032 2.376 40.89
1727 9.752 35.17 19.351
1728 3.559 40.937 8.928
1729 3.178 24.52 29.965
1730 2.957 3.605 29.587
1731 7.986 14.911 33.028
1732 9.866 21.69 7.432
1733 3.317 36.588 35.042
1734 9.509 18.257 7.45
1735 6.561 12.425 26.361
1736 4.125 2.37 16.452
1737 5.556 33.34 19.076
1738 6.949 14.64 24.722
1739 7.03 42.778 32.383
1740 9.94 21.062 32.337
1741 3.777 19.549 1.712
1742 7.888 25.894 41.256
1743 10.225 41.638 34.703
1744 4.748 32.511 13.094
1745 5.683 12.613 14.153
1746 9.957 24.273 13.174
1747 9.978 28.069 16.604
1748 6.389 6.177 7.556
1749 6.38 4.008 38.762
1750 4.159 28.562 41.273
1751 4.902 25.973 19.148
1752 2.427 25.301 34.229
1753 5.133 23.091 14.188
1754 5.118 15.658 28.361
1755 5.957 8.288 28.225
1756 9.632 36.597 41.446
1757 2.708 20.775 18.004
1758 5.474 23.872 23.987
1759 9.997 34.04 43.199
1760 7.754 41.225 19.771
1761 8.184 10.332 9.664
1762 8.435 10.396 20.082
1763 2.274 32.642 35.038
1764 2.688 41.567 22.903
1765 2.229 5.205 43.643
1766 6.083 5.35 27.944
1767 9.575 43.674 22.949
1768 9.396 17.011 39.941
1769 5.511 36.595 10.638
1770 6.118 3.729 3.009
1771 2.678 38.963 14.28
1772 8.663 38.779 42.172
1773 10.261 29.499 11.566
1774 3.788 1.584 19.432
1775 8.649 43.586 4.164
1776 7.417 43.15 14.892
1777 2.711 31.177 38.956
1778 5.55 11.39 0.864
1779 4.356 19.417 17.709
1780 2.315 3.585 36.227
1781 6.742 10.737 7.975
1782 8.769 20.977 26.432
1783 6.097 25.456 3.672
1784 8.739 14.463 27.069
1785 6.103 17.516 7.332
1786 6.944 12.654 27.702
1787 5.898 10.953 37.712
1788 9.937 42.354 19.925
1789 4.486 41.111 7.76
1790 3.706 25.643 41.216
1791 3.664 10.916 16.648
1792 3.264 13.305 14.89
1793 7.28 24.677 23.893
1794 10.126 22.694 20.33
1795 10.106 11.472 34.85
1796 7.895 13.428 5.188
1797 3.335 6.516 28.667
1798 9.16 26.155 13.448
1799 2.44 3.429 30.335
1800 6.912 13.213 17.638
1801 5.021 32.76 2.44
1802 2.783 13.662 33.446
1803 2.522 3.557 40.636
1804 7.502 4.821 8.484
1805 7.81 31.266 9.052
1806 2.834 2.622 24.151
1807 8.339 25.022 40.649
1808 7.285 11.131 26.91
1809 7.397 23.238 41.906
1810 6.107 23.298 29.957
1811 2.469 6.099 11.878
1812 5.801 5.014 14.107
1813 5.014 3.833 32.255
1814 7.824 8.692 3.015
1815 5.779 42.328 35.935
1816 5.024 36.944 4.547
1817 7.055 43.729 13.465
1818 4.968 38.392 37.785
1819 10.428 27.947 34.266
1820 7.09 29.184 39.71
1821 10.092 33.463 1.927
1822 8.439 42.183 32.686
1823 7.177 40.088 36.7
1824 10.264 25.63 24.339
1825 6.238 5.135 4.708
1826 6.902 30.613 20.594
1827 9.466 41.895 33.65
1828 10.119 22.549 6.765
1829 3.939 0.504 37.029
1830 2.853 35.918 12.636
1831 5.303 17.363 29.838
1832 4.716 40.046 41.417
1833 9.741 16.132 19.077
1834 8.693 26.466 21.414
1835 3.931 4.322 21.224
1836 2.634 41.052 13.92
1837 10.437 10.686 33.025
1838 7.977 42.193 12.38
1839 6.32 19.449 42.533
1840 8.163 40.038 10.665
1841 10.237 43.081 35.42
1842 2.239 5.194 2.772
1843 5.993 41.901 21.44
1844 2.716 29.418 31.581
1845 7.332 40.168 12.551
1846 6.344 20.06 10.798
1847 9.768 20.5 36.697
1848 10.315 13.897 19.506
1849 4.485 18.684 31.6
1850 5.47 28.101 42.137
1851 9.801 1.223 0.727
1852 6.903 27.539 17.041
1853 9.252 15.921 39.783
1854 3.712 24.309 25.472
1855 8.696 31.941 13.753
1856 5.682 5.406 35.693
1857 9.014 3.254 14.604
1858 2.519 42.778 19.388
1859 3.758 15.677 15.519
1860 7.512 24.455 31.539
1861 7.157 16.125 19.384
1862 3.234 12.439 38.971
1863 2.799 6.253 37.102
1864 7.198 34.065 37.665
1865 6.222 15.794 4.77
1866 4.202 20.022 43.786
1867 7.16 27.012 31.805
1868 4.481 17.708 6.811
1869 2.923 4.549 43.277
1870 8.422 39.909 31.792
1871 6.15 13.124 11.182
1872 3.989 40.775 28.615
1873 4.636 6.964 41.255
1874 6.295 31.419 8.432
1875 3.715 1.972 9.482
1876 6.292 18.173 35.828
1877 3.451 35.966 7.241
1878 3.581 24.744 15.871
1879 3.17 39.886 32.2
1880 3.284 7.42 32.768
1881 3.601 39.548 22.819
1882 10.391 35.625 2.259
1883 4.361 9.822 24.422
1884 7.16 3.296 31.853
1885 7.993 38.345 29.367
1886 10.038 24.293 10.026
1887 9.277 35.823 8.2
1888 9.9 24.277 42.562
1889 4.652 43.692 10.051
1890 5.824 21.007 29.121
1891 7.966 32.252 14.153
1892 7.869 42.76 10.934
1893 5.224 18.014 12.323
1894 8.081 39.881 1.197
1895 3.226 33.514 8.381
1896 4.406 29.157 24.108
1897 9.0 26.579 41.698
1898 10.31 37.949 42.956
1899 7.036 1.601 31.318
1900 2.658 9.358 25.754
1901 10.277 11.88 42.881
1902 2.263 0.896 41.21
1903 3.205 11.142 3.342
1904 2.818 38.821 21.65
1905 4.653 6.849 17.239
1906 3.814 2.171 21.329
1907 3.554 26.551 15.609
1908 9.359 30.821 23.212
1909 8.295 29.171 24.061
1910 4.774 42.836 37.737
1911 6.61 19.263 35.171
1912 8.736 16.865 18.837
1913 6.471 9.007 17.046
1914 2.127 34.32 30.168
1915 5.75 4.615 8.574
1916 9.726 13.493 19.271
1917 6.478 17.82 11.933
1918 9.962 35.133 15.229
1919 4.85 43.624 14.026
1920 5.58 33.687 10.499
1921 7.751 25.271 31.95
1922 5.796 41.163 43.11
1923 9.905 32.675 9.556
1924 7.381 4.279 19.038
1925 7.207 20.313 18.599
1926 6.896 10.354 11.688
1927 3.463 2.362 37.592
1928 7.054 38.559 40.497
1929 8.278 14.515 21.027
1930 5.601 5.908 7.962
1931 4.122 29.173 26.54
1932 8.8 14.405 36.855
1933 3.704 3.256 3.221
1934 3.903 1.885 40.55
1935 9.553 6.0 14.374
1936 6.739 38.332 24.748
1937 8.68 22.1 38.949
1938 6.013 17.524 20.431
1939 7.478 28.79 27.687
1940 3.823 41.5 13.198
1941 9.065 16.775 16.711
1942 2.112 10.899 38.962
1943 6.788 2.675 40.552
1944 4.923 4.084 3.242
1945 5.611 35.045 38.645
1946 7.217 34.554 20.015
1947 3.656 12.838 31.955
1948 4.225 7.487 35.54
1949 9.634 4.522 41.878
1950 9.363 40.673 1.165
1951 6.001 5.663 37.468
1952 7.882 6.077 14.22
1953 7.531 24.191 31.937
1954 3.014 35.591 29.613
1955 6.466 13.979 24.819
1956 6.994 21.664 17.03
1957 7.141 10.638 4.817
1958 9.831 13.916 32.561
1959 6.241 5.363 28.174
1960 8.667 13.48 2.346
1961 6.382 7.225 16.16
1962 3.248 33.455 1.641
1963 4.416 30.203 15.811
1964 3.34 35.156 40.323
1965 10.158 1.741 31.346
1966 9.444 13.865 11.346
1967 3.848 0.844 23.463
1968 5.944 5.821 20.107
1969 9.137 43.021 26.432
1970 6.119 11.318 28.835
1971 10.318 17.601 28.708
1972 3.711 42.285 5.31
1973 10.176 23.809 5.906
1974 5.089 28.48 9.68
1975 6.361 9.754 10.314
1976 4.722 9.824 23.86
1977 5.2 19.838 35.832
1978 7.459 40.694 3.37
1979 7.776 35.341 41.84
1980 2.518 14.324 40.144
1981 7.431 12.492 28.824
1982 7.528 36.529 34.531
1983 8.953 5.865 23.846
1984 9.299 31.927 39.133
1985 7.538 13.006 10.532
1986 10.451 32.094 11.879
1987 6.416 26.108 37.038
1988 6.538 3.979 40.644
1989 5.559 2.894 28.213
1990 2.803 29.034 17.052
1991 8.098 42.0 41.746
1992 4.37 10.854 19.665
1993 7.999 2.522 28.877
1994 2.299 23.535 41.119
1995 4.626 34.29 1.217
1996 6.342 42.272 3.799
1997 4.662 9.913 29.765
1998 4.223 27.618 6.566
1999 3.273 17.933 43.11
2000 9.488 19.094 34.19
2001 4.032 30.502 31.214
2002 6.55 30.473 16.844
2003 3.637 3.325 9.79
2004 5.462 24.448 21.087
2005 4.212 31.97 34.358
2006 9.074 3.495 2.27
2007 6.001 29.879 3.294
2008 6.846 35.971 9.755
2009 4.135 2.277 34.52
2010 8.844 19.358 32.305
2011 9.927 18.865 36.706
2012 8.45 32.581 11.039
2013 9.411 26.479 18.932
2014 8.232 40.564 29.042
2015 8.704 42.581 17.279
2016 3.62 23.27 17.839
2017 6.916 5.699 4.748
2018 5.574 27.406 41.593
2019 2.798 34.034 25.816
2020 3.036 11.538 43.605
2021 4.779 28.419 33.462
2022 9.936 41.267 7.153
2023 5.289 12.104 37.828
2024 2.393 6.088 30.828
2025 8.966 4.709 13.288
2026 4.038 13.254 17.002
2027 8.861 42.388 8.939
2028 8.386 34.039 19.551
2029 5.341 34.209 23.231
2030 4.937 10.953 18.409
2031 2.612 34.817 23.581
2032 3.658 20.787 1.661
2033 9.974 34.589 19.777
2034 3.093 1.998 5.611
2035 3.048 43.04 7.03
2036 6.782 18.181 4.586
2037 6.36 5.091 14.787
2038 3.353 39.441 32.031
2039 5.984 4.839 19.036
2040 7.382 9.954 26.87
2041 7.205 22.885 9.836
2042 8.105 28.037 4.036
2043 6.418 14.386 25.384
2044 2.897 29.687 6.366
2045 3.635 21.623 4.36
2046 3.856 19.664 10.453
2047 6.776 8.482 0.895
2048 9.188 28.279 36.042
2049 4.012 25.977 27.217
2050 5.354 30.698 29.771
2051 7.992 35.34 6.363
2052 9.069 4.129 7.193
2053 3.97 39.842 7.415
2054 3.95 19.486 40.946
2055 8.674 34.885 19.851
2056 2.422 38.556 23.887
2057 6.701 36.182 33.336
2058 2.329 3.656 42.21
2059 10.123 40.877 22.007
2060 4.998 39.446 36.641
2061 10.192 4.083 2.783
2062 7.434 21.423 18.698
2063 2.37 16.974 15.435
2064 5.872 3.015 9.859
2065 4.519 10.003 42.544
2066 3.962 25.942 7.356
2067 6.994 32.087 39.708
2068 6.897 41.074 42.733
2069 9.213 9.327 16.814
2070 3.92 39.038 18.276
2071 6.766 26.976 18.061
2072 5.365 12.767 11.687
2073 3.298 21.349 29.386
2074 8.515 32.423 28.134
2075 4.939 26.521 39.025
2076 2.471 40.969 26.147
2077 7.3 35.881 7.628
2078 2.94 15.549 5.398
2079 4.391 22.901 34.803
2080 10.346 21.538 26.328
2081 3.04 12.219 21.319
2082 4.501 14.07 12.274
2083 6.358 0.959 39.876
2084 8.319 18.132 10.381
2085 4.647 20.087 27.368
2086 5.904 41.931 29.667
2087 8.232 37.862 20.814
2088 8.846 26.37 18.995
2089 8.488 22.955 9.864
2090 7.873 41.586 18.543
2091 6.019 10.333 36.731
2092 7.296 22.914 1.067
2093 5.234 9.914 17.868
2094 9.871 32.938 34.62
2095 9.331 40.87 37.059
2096 8.644 9.091 31.901
2097 7.556 13.6 32.701
2098 3.638 43.556 36.634
2099 7.73 31.962 41.381
2100 4.052 21.271 26.25
2101 6.434 14.956 6.361
2102 6.961 0.386 11.22
2103 9.297 39.502 34.718
2104 7.119 18.004 10.555
2105 4.451 38.358 11.087
2106 9.61 20.227 10.681
2107 7.967 39.97 26.377
2108 9.906 12.107 41.469
2109 4.149 31.125 9.033
2110 6.493 28.498 5.7
2111 6.216 42.163 11.274
2112 6.056 42.989 25.235
2113 2.512 14.848 11.294
2114 4.011 14.992 3.349
2115 3.571 35.63 4.838
2116 3.819 20.575 43.249
2117 6.083 2.314 39.761
2118 8.682 10.866 2.305
2119 6.89 41.67 19.317
2120 6.982 17.936 23.723
2121 6.753 43.239 25.33
2122 6.141 13.094 5.999
2123 10.164 20.126 39.618
2124 9.184 8.297 22.943
2125 4.635 41.21 9.281
2126 10.139 35.754 25.092
2127 7.473 28.603 43.383
2128 4.758 4.015 10.348
2129 5.369 32.074 16.841
2130 6.702 30.974 31.431
2131 4.882 16.034 25.538
2132 2.592 12.936 26.798
2133 5.05 5.123 39.892
2134 5.796 7.319 4.924
2135 9.422 23.067 22.629
2136 8.034 7.352 5.792
2137 5.187 40.854 30.069
2138 7.852 16.525 8.444
2139 2.248 28.029 4.808
2140 9.348 35.032 32.3
2141 4.901 16.328 4.793
2142 4.03 34.574 21.231
2143 9.371 21.191 2.034
2144 9.515 10.711 36.947
2145 8.309 0.669 2.653
2146 9.258 34.607 3.466
2147 7.216 34.167 15.164
2148 9.692 34.115 6.614
2149 5.043 12.401 24.646
2150 8.731 16.01 28.572
2151 6.458 29.56 27.55
2152 5.603 26.48 7.279
2153 4.282 43.061 36.684
2154 4.183 14.66 19.54
2155 4.044 32.593 31.938
2156 5.991 13.849 37.654
2157 6.95 9.461 11.878
2158 8.274 4.587 32.071
2159 6.739 35.902 40.99
2160 3.03 32.913 15.252
2161 7.847 39.235 22.947
2162 5.512 28.578 23.849
2163 9.97 30.607 38.917
2164 6.341 7.379 31.228
2165 2.993 4.202 28.181
2166 8.423 30.194 7.094
2167 4.911 39.38 33.508
2168 8.011 13.435 8.22
2169 3.56 21.521 9.881
2170 7.751 6.667 30.643
2171 7.54 40.825 19.735
2172 9.441 39.833 7.226
2173 9.359 34.523 30.091
2174 8.273 12.033 4.866
2175 4.878 39.906 21.977
2176 9.142 17.291 8.54
2177 7.46 7.306 7.234
2178 5.48 39.239 10.829
2179 9.526 27.745 36.549
2180 7.139 20.258 13.469
2181 10.325 40.554 8.432
2182 10.35 28.952 28.694
2183 8.822 20.941 13.409
2184 7.8 12.061 37.823
2185 4.89 4.111 5.732
2186 9.55 37.226 40.531
2187 4.249 11.46 26.412
2188 3.339 2.799 27.402
2189 9.143 41.432 32.591
2190 5.364 3.702 31.59
2191 5.762 5.05 15.598
2192 8.389 20.578 41.924
2193 6.005 41.398 31.044
2194 3.586 35.513 15.784
2195 5.718 21.675 43.391
2196 5.654 25.41 36.003
2197 3.744 41.591 16.203
2198 5.63 3.505 27.296
2199 9.321 40.204 5.686
2200 9.272 37.222 19.281
2201 6.877 18.994 2.367
2202 10.322 19.662 34.177
2203 4.638 34.492 43.46
2204 8.542 17.708 29.56
2205 8.47 7.021 31.622
2206 2.929 2.633 43.516
2207 8.89 29.428 32.373
2208 9.547 20.462 8.382
2209 2.145 30.245 13.716
2210 9.965 15.447 22.867
2211 7.964 31.977 33.563
2212 2.268 12.535 15.688
2213 7.831 30.461 30.059
2214 7.321 30.078 40.779
2215 9.97 33.574 25.641
2216 6.131 22.717 23.364
2217 7.705 34.658 37.796
2218 5.971 31.528 15.882
2219 6.537 13.321 17.822
2220 2.171 31.868 11.443
2221 3.015 25.621 6.403
2222 6.786 21.51 22.44
2223 5.057 42.368 38.095
2224 3.486 6.363 2.149
2225 7.87 5.163 40.086
2226 4.815 23.987 8.402
2227 8.411 36.337 5.656
2228 8.436 33.213 13.215
2229 6.213 38.721 34.961
2230 8.183 18.766 21.255
2231 6.51 30.945 29.526
2232 9.167 10.141 1.482
2233 6.081 4.752 28.336
2234 6.393 40.015 42.336
2235 5.141 40.141 3.56
2236 4.714 1.879 37.141
2237 10.2 20.703 2.517
2238 8.696 21.349 42.505
2239 6.048 3.708 26.644
2240 5.998 24.701 24.258
2241 4.963 28.3 17.688
2242 4.825 20.504 9.881
2243 8.183 43.567 41.541
2244 4.505 24.223 17.686
2245 9.835 37.545 37.866
2246 4.784 35.758 41.637
2247 8.954 24.134 39.266
2248 4.773 28.112 20.522
2249 5.192 9.54 29.453
2250 9.683 6.642 18.96
2251 6.702 38.916 43.189
2252 9.843 12.774 13.166
2253 4.38 1.738 11.804
2254 10.275 31.654 4.394
2255 5.072 27.613 27.118
2256 7.002 10.719 15.477
2257 2.355 8.538 42.543
2258 9.693 30.886 33.007
2259 10.249 15.869 39.901
2260 9.827 16.348 21.29
2261 9.688 4.876 10.425
2262 9.903 18.917 21.424
2263 8.377 36.5 10.437
2264 7.141 8.174 16.318
2265 8.464 42.571 26.987
2266 4.492 28.044 8.234
2267 10.282 42.059 31.383
2268 6.439 12.135 38.745
2269 7.108 29.652 38.754
2270 5.788 38.64 0.307
2271 8.511 15.71 24.391
2272 9.25 22.241 37.118
2273 5.963 41.193 34.747
2274 3.419 35.786 10.726
2275 4.021 3.342 34.659
2276 5.534 37.293 3.212
2277 2.849 37.286 14.032
2278 6.788 1.662 9.078
2279 2.775 14.06 12.113
2280 2.818 35.982 18.641
2281 5.075 40.577 2.768
2282 8.747 17.785 37.662
2283 5.391 36.971 39.738
2284 7.935 32.183 29.126
2285 8.5 6.37 21.484
2286 3.871 22.364 36.158
2287 9.08 24.959 10.256
2288 9.684 36.62 36.245
2289 7.744 16.035 32.895
2290 7.857 33.501 11.385
2291 3.293 14.703 6.95
2292 4.713 10.505 31.049
2293 8.253 32.949 11.977
2294 7.441 17.387 28.319
2295 9.531 30.969 34.548
2296 10.072 1.386 21.061
2297 8.714 36.78 12.357
2298 6.367 35.748 34.895
2299 3.545 0.568 5.411
2300 5.395 36.156 30.235
2301 2.607 26.0 38.081
2302 3.533 19.194 2.487
2303 8.339 8.335 43.666
2304 4.345 3.393 17.716
2305 4.026 13.501 31.968
2306 7.677 30.264 30.358
2307 2.592 5.721 29.277
2308 3.444 12.518 11.346
2309 5.623 5.121 21.125
2310 10.186 23.899 14.726
2311 7.957 40.379 8.975
2312 3.886 17.348 9.243
2313 8.804 39.611 35.715
2314 5.038 41.139 39.65
2315 9.765 35.116 40.319
2316 7.327 28.712 36.623
2317 6.623 3.124 36.597
2318 9.265 30.176 29.083
2319 5.542 17.988 9.981
2320 6.261 42.123 17.572
2321 3.108 30.992 16.295
2322 5.444 12.908 3.121
2323 6.912 11.187 9.667
2324 4.538 33.296 4.821
2325 8.425 9.894 26.408
2326 9.165 5.226 29.612
2327 5.502 37.78 11.915
2328 8.547 27.637 40.235
2329 2.207 37.908 40.894
2330 5.547 22.215 17.054
2331 2.613 21.981 20.731
2332 3.891 4.194 7.096
2333 6.762 17.284 41.198
2334 9.458 10.146 24.13
2335 4.28 4.414 39.02
2336 4.455 36.626 7.53
2337 4.074 20.554 4.177
2338 5.251 8.431 14.923
2339 9.235 32.326 42.446
2340 10.16 15.751 37.85
2341 10.434 33.788 40.957
2342 3.998 16.057 18.68
2343 6.592 34.519 26.811
2344 4.523 8.469 38.432
2345 9.86 22.674 34.828
2346 9.457 16.222 40.587
2347 3.395 40.281 39.085
2348 3.406 33.343 34.76
2349 9.32 42.113 33.094
2350 5.742 20.171 40.111
2351 9.657 14.996 26.074
2352 9.456 15.254 33.674
2353 9.008 41.684 42.904
2354 3.164 33.847 7.317
2355 7.914 4.128 30.031
2356 8.036 43.189 29.361
2357 8.046 11.635 15.057
2358 9.622 26.251 1.163
2359 6.218 37.346 6.21
2360 3.071 20.124 21.44
2361 5.792 33.601 17.476
2362 9.632 33.058 2.977
2363 4.648 30.673 29.17
2364 4.248 36.118 25.938
2365 9.961 40.136 20.253
2366 9.649 35.963 42.262
2367 7.885 2.019 27.489
2368 7.654 10.692 19.846
2369 4.079 9.432 41.64
2370 6.791 40.497 35.493
2371 9.232 35.668 11.258
2372 6.687 28.941 29.818
2373 2.193 18.626 20.372
2374 7.149 6.717 34.729
2375 9.631 40.862 2.73
2376 8.439 21.939 9.339
2377 3.563 36.777 18.37
2378 6.461 0.437 35.02
2379 6.732 36.464 14.248
2380 3.089 15.931 27.415
2381 10.381 21.698 23.756
2382 3.114 30.629 7.179
2383 10.173 29.553 33.455
2384 3.434 31.5 41.864
2385 7.835 43.044 12.601
2386 8.449 7.25 40.532
2387 5.954 10.983 0.666
2388 3.402 2.418 42.233
2389 7.664 10.903 10.122
2390 9.057 0.237 30.788
2391 3.28 42.31 13.195
2392 7.169 20.297 41.262
2393 2.523 32.205 26.815
2394 7.361 13.43 43.041
2395 3.391 20.507 43.183
2396 4.873 13.528 28.354
2397 7.805 16.362 16.679
2398 5.714 23.597 8.384
2399 8.403 20.912 20.727
2400 2.205 5.76 8.447
2401 5.64 29.12 43.016
2402 2.701 36.127 20.206
2403 3.944 31.274 41.558
2404 3.877 32.069 15.331
2405 3.52 19.083 36.194
2406 3.418 23.943 29.544
2407 7.384 10.733 9.524
2408 8.891 38.918 12.87
2409 5.344 39.292 4.813
2410 3.488 25.264 10.76
2411 7.78 19.905 6.101
2412 3.358 0.572 22.52
2413 5.908 6.21 31.663
2414 9.378 37.169 43.631
2415 6.929 2.066 32.368
2416 4.542 34.68 6.021
2417 4.544 9.894 15.947
2418 2.278 35.094 9.742
2419 4.34 29.248 42.012
2420 10.268 6.974 3.608
2421 6.667 19.546 43.016
2422 9.758 2.951 24.238
2423 8.383 4.324 2.852
2424 10.441 40.215 0.824
2425 3.294 10.623 30.715
2426 5.909 35.385 37.711
2427 4.283 4.196 6.132
2428 7.72 40.178 24.034
2429 3.029 3.501 12.577
2430 8.526 1.71 42.763
2431 5.913 13.167 24.757
2432 10.038 5.894 10.389
2433 3.839 11.214 31.516
2434 2.716 23.216 39.671
2435 8.173 16.848 13.937
2436 10.243 36.412 15.818
2437 10.269 34.494 16.483
2438 8.392 35.014 41.586
2439 7.594 22.418 14.841
2440 7.886 4.197 41.558
2441 6.624 4.678 25.752
2442 7.67 33.222 12.48
2443 6.943 1.13 38.664
2444 5.034 13.08 3.638
2445 4.8 41.056 1.803
2446 3.703 42.73 38.145
2447 7.542 18.383 26.444
2448 7.38 10.415 16.846
2449 8.775 5.883 4.991
2450 3.44 4.422 21.096
2451 6.77 27.938 11.13
2452 4.246 20.817 39.227
2453 8.248 13.885 31.792
2454 2.597 41.769 43.692
2455 3.345 23.707 24.565
2456 9.483 41.673 10.504
2457 2.699 36.452 9.294
2458 5.716 9.4 9.607
2459 7.917 22.548 38.844
2460 2.664 22.505 5.648
2461 3.746 29.831 17.438
2462 9.18 19.688 31.995
2463 5.656 16.335 25.983
2464 4.921 41.682 28.341
2465 2.898 21.606 19.503
2466 7.687 33.257 2.649
2467 9.837 43.267 6.527
2468 6.921 20.469 22.495
2469 3.225 36.473 20.509
2470 8.309 19.573 41.311
2471 6.084 24.291 24.007
2472 7.035 12.861 13.096
2473 2.509 19.756 20.83
2474 3.208 8.932 27.78
2475 5.813 33.272 35.554
2476 2.665 18.782 42.0
2477 6.957 16.988 16.651
2478 3.362 1.553 41.287
2479 3.486 26.935 18.795
2480 3.643 2.591 37.085
2481 9.707 38.36 13.067
2482 9.475 18.746 31.01
2483 2.819 12.163 30.765
2484 7.069 16.937 5.223
2485 8.785 6.374 14.91
2486 8.138 2.227 1.244
2487 7.27 42.249 26.708
2488 10.178 34.538 35.468
2489 8.645 31.653 16.441
2490 6.017 42.383 10.341
2491 8.605 13.23 34.783
2492 3.014 4.643 37.914
2493 3.878 13.85 19.281
2494 2.278 22.857 12.423
2495 5.987 4.878 37.316
2496 4.119 11.604 24.786
2497 5.593 18.611 37.441
2498 6.213 20.386 4.166
2499 8.666 2.964 15.038
2500 5.81 33.456 42.567
2501 2.502 21.396 30.438
2502 5.866 9.354 32.567
2503 6.547 4.472 18.915
2504 4.442 19.477 41.912
2505 3.223 11.625 1.446
2506 5.639 38.774 35.629
2507 8.127 6.405 0.457
2508 3.699 6.83 1.164
2509 4.854 12.961 27.086
2510 9.107 10.663 8.753
2511 5.879 12.356 32.287
2512 7.564 12.344 11.471
2513 4.573 9.098 25.875
2514 10.428 12.325 16.191
2515 6.924 22.175 9.766
2516 3.184 26.083 18.622
2517 4.97 5.209 17.951
2518 2.91 16.994 24.608
2519 3.443 17.131 18.881
2520 7.281 20.739 4.05
2521 10.474 7.809 43.316
2522 7.869 36.433 31.39
2523 5.006 29.34 23.671
2524 6.62 15.336 5.123
2525 6.489 7.707 9.655
2526 5.107 9.626 30.511
2527 2.954 4.161 28.35
2528 7.913 9.42 22.034
2529 7.943 24.813 37.868
2530 2.991 1.471 6.76
2531 6.577 33.224 22.117
2532 5.368 29.789 20.677
2533 8.965 8.626 43.763
2534 2.533 37.671 2.865
2535 5.682 5.594 34.429
2536 10.256 8.804 9.116
2537 2.413 5.475 9.545
2538 7.53 41.345 27.539
2539 5.582 6.138 36.28
2540 10.145 5.685 31.159
2541 4.692 11.267 22.291
2542 8.744 42.186 37.29
2543 10.201 34.856 27.724
2544 5.429 36.391 37.324
2545 2.497 12.389 37.032
2546 3.68 40.956 12.449
2547 8.494 18.195 5.829
2548 6.143 11.75 7.64
2549 6.617 41.592 38.241
2550 6.894 14.861 29.086
2551 8.542 0.49 6.092
2552 7.869 10.759 40.398
2553 9.019 32.739 29.528
2554 2.477 32.573 40.459
2555 7.493 7.433 6.233
2556 4.418 19.81 40.683
2557 3.233 30.707 17.51
2558 6.775 30.419 31.33
2559 6.057 9.162 35.949
2560 7.585 9.826 32.553
2561 9.977 19.334 38.64
2562 3.186 25.922 3.554
2563 5.153 10.96 43.681
2564 9.583 29.069 29.225
2565 8.266 1.72 31.4
2566 4.446 1.532 43.722
2567 8.263 33.93 0.255
2568 9.017 8.426 26.716
2569 4.735 32.898 8.975
2570 2.195 30.306 35.359
2571 2.745 41.976 3.797
2572 4.795 27.492 5.41
2573 5.486 35.432 2.433
2574 9.883 9.25 11.773
2575 2.116 6.474 14.858
2576 6.479 31.892 25.823
2577 2.569 34.474 18.746
2578 6.891 28.325 25.803
2579 2.554 29.627 37.477
2580 9.685 29.265 19.598
2581 7.209 20.206 11.795
2582 9.199 7.642 14.476
2583 10.389 38.413 15.157
2584 10.225 1.45 7.945
2585 9.879 0.808 6.322
2586 2.168 35.95 25.639
2587 10.101 41.188 16.252
2588 7.782 32.616 2.014
2589 8.488 32.976 43.158
2590 9.51 42.2 14.627
2591 5.219 1.694 42.865
2592 3.305 36.535 12.651
2593 6.252 7.415 13.834
2594 7.669 32.413 37.231
2595 5.415 39.583 8.771
2596 5.602 4.71 0.914
2597 5.12 23.132 35.675
2598 8.307 35.513 2.241
2599 5.67 38.638 22.719
2600 7.127 4.253 7.35
2601 6.565 38.739 2.312
2602 6.375 19.881 1.415
2603 3.706 34.813 30.948
2604 6.217 33.227 29.773
2605 3.783 14.958 26.358
2606 2.611 22.565 31.152
2607 5.153 25.321 20.102
2608 5.931 31.093 19.644
2609 8.544 31.567 9.328
2610 9.395 30.277 10.223
2611 9.42 17.707 36.962
2612 6.167 9.063 10.103
2613 6.37 33.747 38.949
2614 8.539 13.806 8.535
2615 5.274 14.656 14.479
2616 3.085 41.778 36.405
2617 3.709 27.626 12.897
2618 2.409 24.59 41.13
2619 6.458 4.275 12.376
2620 7.874 32.788 29.875
2621 10.075 38.155 39.723
2622 5.744 17.432 35.401
2623 5.361 28.824 23.367
2624 8.781 30.613 1.081
2625 6.374 9.508 17.642
2626 3.057 2.36 24.888
2627 6.941 30.98 18.307
2628 3.094 43.484 17.4
2629 9.409 16.886 18.665
2630 10.108 17.864 15.071
2631 7.988 13.964 5.565
2632 4.381 40.704 23.875
2633 7.159 30.842 25.709
2634 10.256 22.439 1.966
2635 2.452 43.257 19.885
2636 2.661 42.97 4.752
2637 9.022 23.795 25.217
2638 8.845 7.215 9.085
2639 9.662 25.24 16.323
2640 5.887 15.159 12.392
2641 8.686 36.293 11.577
2642 6.629 23.98 41.373
2643 9.011 36.89 3.307
2644 8.089 41.675 1.345
2645 6.705 29.875 16.348
2646 4.558 40.69 4.7
2647 5.83 12.546 18.153
2648 6.28 11.037 1.655
2649 7.147 16.225 31.85
2650 9.894 27.567 36.623
2651 4.938 28.725 15.174
2652 3.405 36.603 43.231
2653 9.041 32.914 21.543
2654 6.67 2.997 29.097
2655 10.427 25.062 27.626
2656 9.023 36.717 17.206
2657 3.481 23.589 26.762
2658 7.413 29.021 38.501
2659 6.259 0.646 10.762
2660 3.386 15.36 7.87
2661 3.17 21.364 1.287
2662 8.058 28.109 39.3
2663 9.274 14.456 19.392
2664 3.624 9.954 21.274
2665 7.113 42.992 29.835
2666 5.193 36.819 15.806
2667 6.646 8.994 35.455
2668 9.098 40.462 22.534
2669 5.505 37.181 30.063
2670 4.4 13.102 27.961
2671 9.151 21.588 3.971
2672 8.573 14.707 33.756
2673 3.317 4.331 30.777
2674 9.553 39.07 32.309
2675 7.442 29.816 22.596
2676 10.349 25.0 37.882
2677 8.095 0.687 29.172
2678 9.809 32.537 2.838
2679 4.042 18.245 5.185
2680 10.096 24.13 1.392
2681 10.053 23.91 32.875
2682 3.745 32.357 7.248
2683 6.697 8.398 13.082
2684 7.39 27.044 34.445
2685 7.535 5.421 33.565
2686 2.492 36.136 2.196
2687 10.296 16.544 12.143
2688 8.572 15.824 20.856
2689 2.889 30.841 29.165
2690 8.39 1.944 26.034
2691 3.384 30.993 23.843
2692 3.924 35.413 31.789
2693 8.856 24.091 32.96
2694 6.147 12.551 11.125
2695 9.059 3.396 30.02
2696 3.747 1.108 14.266
2697 7.135 33.491 1.268
2698 9.826 11.096 13.216
2699 6.272 30.828 17.174
2700 2.391 29.927 35.044
2701 9.403 13.526 34.981
2702 4.939 26.517 0.821
2703 9.277 23.732 25.906
2704 3.785 35.371 30.572
2705 2.984 17.673 28.812
2706 8.288 36.884 14.448
2707 8.606 41.843 41.014
2708 6.628 32.949 22.179
2709 6.781 12.151 40.146
2710 7.422 34.777 28.028
2711 4.836 39.414 27.632
2712 3.725 24.632 21.816
2713 8.978 21.756 31.086
2714 3.511 39.282 3.182
2715 10.372 32.079 24.094
2716 4.977 4.38 1.01
2717 9.523 33.647 13.817
2718 4.767 10.707 24.685
2719 7.13 34.789 38.06
2720 7.662 27.767 17.064
2721 6.943 9.074 3.369
2722 7.802 38.094 29.182
2723 8.078 34.924 1.108
2724 9.557 23.394 27.268
2725 2.77 31.153 41.258
2726 5.897 40.251 2.233
2727 4.698 6.68 24.277
2728 8.38 12.295 31.739
2729 6.009 9.257 8.385
2730 6.372 8.574 26.598
2731 7.374 8.069 12.766
2732 2.158 24.999 3.294
2733 2.752 26.227 34.859
2734 8.147 38.181 39.589
2735 2.529 38.119 5.005
2736 8.322 38.99 8.421
2737 3.317 20.514 4.39
2738 7.295 2.706 20.591
2739 4.112 20.172 3.209
2740 4.686 4.408 38.855
2741 4.286 15.416 17.185
2742 7.317 25.013 34.428
2743 9.992 13.693 33.35
2744 6.011 7.403 1.132
2745 5.66 13.499 8.959
2746 2.911 34.374 37.231
2747 5.589 21.277 41.068
2748 6.771 13.417 22.34
2749 3.72 38.464 15.171
2750 4.831 38.522 7.268
2751 8.264 25.444 27.618
2752 7.666 9.223 23.038
2753 6.123 22.726 38.551
2754 2.225 24.574 10.607
2755 5.447 25.987 25.608
2756 6.82 26.189 8.721
2757 10.441 37.945 38.757
2758 6.216 16.06 26.007
2759 2.291 38.733 41.315
2760 9.218 42.717 34.463
2761 5.165 36.718 3.08
2762 7.983 43.681 17.583
2763 6.669 1.951 20.844
2764 3.418 9.025 25.636
2765 6.301 0.424 29.52
2766 8.835 6.272 33.911
2767 7.072 18.828 38.843
2768 6.184 21.014 27.858
2769 9.678 7.531 35.076
2770 9.423 12.125 14.639
2771 8.894 21.115 7.472
2772 6.319 28.437 13.631
2773 3.385 22.047 22.823
2774 3.856 14.429 12.06
2775 3.111 27.037 1.063
2776 3.709 2.937 26.436
2777 4.313 22.051 0.283
2778 8.153 37.108 42.664
2779 3.029 18.826 25.299
2780 3.917 15.686 17.79
2781 7.979 27.29 3.246
2782 8.252 30.864 6.003
2783 5.512 11.583 5.087
2784 10.359 40.994 19.747
2785 9.053 16.156 41.09
2786 9.064 37.045 35.065
2787 2.984 26.132 42.605
2788 3.675 19.454 12.74
2789 8.878 39.375 35.618
2790 9.115 31.752 19.447
2791 7.864 27.406 24.302
2792 3.662 32.048 42.896
2793 3.858 24.675 24.177
2794 6.194 27.543 15.338
2795 5.373 20.726 23.925
2796 7.4 5.653 39.82
2797 7.114 0.986 14.763
2798 5.491 34.386 16.438
2799 3.525 38.679 24.213
2800 9.089 21.049 24.112
2801 9.959 18.992 27.899
2802 8.53 42.133 1.6
2803 2.968 5.774 14.896
2804 3.213 41.479 22.419
2805 5.301 24.273 26.724
2806 6.628 5.222 5.867
2807 6.831 43.545 29.523
2808 8.03 32.542 31.097
2809 3.01 18.629 17.036
2810 6.178 3.598 22.219
2811 7.977 18.577 18.7
2812 7.487 34.199 33.352
2813 6.222 28.541 31.176
2814 3.33 29.875 18.748
2815 8.315 10.702 0.942
2816 2.863 14.638 24.587
2817 5.02 21.496 32.2
2818 9.877 32.798 7.87
2819 2.262 17.885 26.155
2820 10.31 37.853 18.251
2821 6.79 24.44 29.793
2822 5.585 42.701 3.838
2823 4.501 1.555 24.581
2824 6.982 10.801 5.354
2825 5.772 22.413 18.888
2826 5.173 11.027 1.486
2827 10.356 14.576 19.414
2828 7.457 22.407 39.447
2829 8.683 35.622 14.567
2830 2.78 24.95 17.148
2831 5.397 22.375 17.65
2832 5.912 29.697 32.806
2833 4.038 27.42 17.476
2834 3.63 39.62 14.135
2835 8.301 12.005 38.081
2836 5.559 43.574 41.285
2837 2.982 41.007 34.288
2838 5.348 39.939 9.343
2839 4.956 7.085 41.6
2840 2.272 22.908 34.691
2841 3.322 14.329 7.683
2842 5.685 37.677 23.368
2843 2.157 22.009 40.426
2844 2.593 33.446 2.5
2845 7.732 1.46 7.858
2846 7.882 40.58 13.573
2847 8.892 38.465 41.456
2848 5.476 2.807 35.704
2849 4.543 5.271 33.508
2850 3.189 10.373 39.709
2851 4.764 19.713 8.07
2852 5.086 34.032 23.908
2853 6.381 17.43 33.174
2854 6.619 26.861 4.407
2855 3.937 32.669 20.646
2856 8.184 12.121 10.451
2857 3.636 41.24 25.353
2858 3.465 11.183 4.019
2859 3.421 1.813 14.014
2860 2.208 41.358 28.789
2861 5.628 15.403 9.918
2862 2.553 37.415 2.286
2863 2.819 30.375 8.52
2864 4.381 30.976 16.468
2865 3.015 11.742 38.638
2866 8.668 15.916 43.757
2867 2.271 21.569 5.019
2868 5.095 21.159 6.227
2869 7.35 21.993 16.926
2870 7.028 21.142 40.726
2871 3.018 37.244 41.909
2872 6.084 25.289 21.864
2873 9.94 37.244 4.673
2874 9.87 5.225 38.157
2875 3.006 5.111 13.585
2876 3.755 21.615 6.79
2877 3.991 26.428 2.121
2878 8.748 36.588 16.626
2879 7.699 31.069 17.342
2880 6.7 41.021 27.421
2881 7.13 34.602 39.264
2882 10.038 15.025 12.684
2883 8.552 5.194 20.236
2884 4.244 11.881 2.508
2885 7.748 6.438 14.1
2886 5.645 7.937 17.453
2887 6.236 13.677 38.776
2888 6.188 40.362 1.461
2889 2.309 15.946 36.316
2890 8.669 43.436 31.035
2891 9.876 4.092 41.091
2892 2.72 2.002 27.743
2893 6.41 27.362 35.529
2894 5.763 27.291 43.25
2895 8.316 8.398 10.669
2896 6.572 8.678 38.244
2897 5.295 34.852 18.478
2898 3.773 6.617 5.393
2899 7.833 19.8 31.505
2900 2.712 22.815 21.516
2901 5.058 1.338 6.286
2902 9.525 26.716 35.227
2903 10.133 43.017 28.003
2904 3.566 9.364 11.038
