location capacity Xf Yf
1 16.79 9.163 42.638
2 41.97 38.663 23.044
3 33.58 20.72 4.19
4 25.18 13.19 22.424
5 16.79 34.489 3.171
6 41.97 21.475 36.159
7 41.97 40.163 10.814
8 41.97 34.086 7.767
9 33.58 40.095 36.303
10 25.18 34.979 33.704
11 25.18 3.158 10.211
12 41.97 24.86 42.94
13 33.58 5.544 32.026
14 25.18 35.273 3.555
15 8.39 0.253 35.773
16 8.39 34.012 40.052
17 16.79 9.991 25.946
18 25.18 34.992 5.817
19 25.18 42.152 13.639
20 16.79 22.374 3.968
21 41.97 19.036 22.651
22 25.18 21.022 17.548
23 25.18 40.545 37.873
24 41.97 29.501 15.63
25 8.39 27.986 13.901
26 8.39 3.476 16.218
27 16.79 21.703 2.882
28 25.18 40.499 17.811
29 16.79 40.145 15.188
30 41.97 13.755 29.548
31 16.79 15.063 33.505
32 41.97 11.725 25.208
33 16.79 28.787 0.409
34 8.39 36.374 18.265
35 16.79 26.067 6.488
36 41.97 8.857 33.146
37 41.97 20.176 17.648
38 33.58 13.076 29.02
39 41.97 13.722 39.516
40 16.79 10.017 37.183
41 8.39 21.844 34.952
42 16.79 30.444 6.428
43 25.18 5.18 41.533
44 25.18 40.799 23.756
45 41.97 4.964 21.458
46 33.58 20.849 38.694
47 16.79 11.702 25.6
48 16.79 3.647 10.655
49 33.58 33.452 24.932
50 16.79 41.862 10.869
51 8.39 19.334 15.102
52 8.39 16.368 25.344
53 8.39 37.055 2.421
54 33.58 13.281 15.005
55 33.58 26.019 36.769
56 25.18 12.714 13.05
57 33.58 16.222 22.567
58 8.39 17.033 15.824
59 33.58 23.663 2.613
60 33.58 30.032 3.307
61 33.58 5.881 34.379
62 25.18 1.659 2.606
63 8.39 30.345 6.531
64 25.18 13.823 1.921
65 16.79 10.032 19.965
66 25.18 39.3 25.837
67 33.58 4.021 38.93
68 8.39 16.555 8.771
69 8.39 39.859 14.57
70 16.79 24.392 14.762
71 25.18 38.167 8.629
72 33.58 28.257 30.959
73 25.18 43.591 30.249
74 16.79 36.989 4.941
75 33.58 15.322 10.992
76 33.58 19.196 40.401
77 41.97 2.903 31.886
78 16.79 5.021 6.21
79 16.79 13.404 39.168
80 8.39 24.139 22.819
81 41.97 22.187 11.48
82 41.97 43.594 25.849
83 41.97 10.154 22.762
84 16.79 28.542 30.941
85 16.79 19.805 32.753
86 33.58 19.688 22.297
87 33.58 15.785 32.733
88 25.18 12.391 5.411
89 16.79 37.715 32.641
90 16.79 5.671 27.903
91 16.79 2.323 25.217
92 25.18 18.505 19.372
93 16.79 39.045 14.119
94 41.97 40.385 13.43
95 33.58 12.789 33.415
96 8.39 38.219 21.77
97 16.79 11.487 36.929
98 8.39 4.374 25.474
99 33.58 18.074 38.639
100 25.18 2.768 18.34
101 16.79 20.941 37.051
102 33.58 40.038 1.65
103 25.18 1.799 28.02
104 41.97 43.225 7.326
105 41.97 37.301 31.047
106 16.79 42.093 10.002
107 8.39 41.108 34.182
108 41.97 1.937 21.467
109 41.97 19.555 37.144
110 25.18 8.119 40.277
111 16.79 37.743 31.285
112 16.79 0.881 29.669
113 33.58 12.425 37.692
114 41.97 0.264 40.078
115 25.18 26.382 25.668
116 41.97 41.466 8.565
117 25.18 38.748 9.712
118 8.39 32.32 20.294
119 16.79 1.735 7.166
120 41.97 34.729 25.403
121 33.58 30.182 10.833
122 8.39 31.588 22.202
123 16.79 43.316 40.998
124 8.39 24.275 25.169
125 16.79 34.871 17.67
126 41.97 11.643 18.615
127 25.18 18.678 31.137
128 33.58 33.834 34.511
129 33.58 24.472 14.944
130 16.79 32.048 26.244
131 41.97 41.673 42.812
132 33.58 6.276 12.074
133 16.79 33.182 10.917
134 41.97 38.206 15.024
135 41.97 15.654 4.132
136 8.39 33.518 22.096
137 33.58 2.402 26.145
138 8.39 11.301 27.987
139 8.39 1.655 27.125
140 41.97 8.088 20.504
141 33.58 36.223 8.287
142 8.39 0.623 28.251
143 41.97 6.675 40.608
144 33.58 25.077 26.141
145 33.58 39.483 27.736
146 16.79 8.338 12.82
147 16.79 36.858 35.685
148 8.39 8.671 24.772
149 33.58 29.271 36.381
150 33.58 5.65 10.255
151 25.18 33.857 13.243
152 25.18 39.956 34.765
153 25.18 0.408 41.145
154 33.58 43.108 13.927
155 16.79 4.59 22.11
156 41.97 39.887 27.557
157 25.18 12.798 40.366
158 8.39 5.951 29.198
159 33.58 33.87 25.547
160 8.39 26.566 0.344
161 25.18 30.104 27.035
162 16.79 29.676 36.53
163 16.79 36.356 36.594
164 33.58 17.456 3.698
165 16.79 12.753 33.05
166 25.18 32.038 26.466
167 16.79 31.037 4.575
168 8.39 32.755 9.808
169 25.18 10.64 39.398
170 33.58 20.851 13.693
171 16.79 37.292 8.104
172 41.97 23.252 1.227
173 16.79 4.708 10.583
174 8.39 25.317 15.303
175 16.79 18.612 9.715
176 16.79 38.146 18.583
177 16.79 18.697 40.562
178 41.97 33.96 27.524
179 41.97 4.57 12.194
180 33.58 25.833 36.153
181 8.39 28.325 39.706
182 33.58 37.844 18.132
183 25.18 26.874 37.81
184 25.18 4.162 14.635
185 8.39 12.064 15.717
186 41.97 10.056 21.016
187 8.39 5.997 29.892
188 33.58 26.353 41.041
189 41.97 25.762 40.487
190 16.79 4.337 42.014
191 25.18 33.49 17.361
192 8.39 8.577 16.273
193 41.97 27.286 35.856
194 8.39 8.681 16.169
195 33.58 7.329 33.587
196 41.97 27.218 5.132
197 8.39 13.461 22.403
198 25.18 7.226 26.655
199 8.39 22.573 36.783
200 33.58 5.266 35.162
201 33.58 35.824 5.274
202 41.97 1.627 30.657
203 16.79 31.316 29.483
204 8.39 1.484 8.933
205 8.39 14.091 6.363
206 33.58 23.189 10.041
207 41.97 35.301 5.392
208 33.58 36.689 18.562
209 41.97 22.538 30.725
210 33.58 29.351 37.216
211 25.18 27.306 36.413
212 25.18 38.26 3.35
213 8.39 36.991 18.546
214 8.39 39.742 4.513
215 16.79 12.463 8.011
216 33.58 3.527 2.163
217 8.39 27.639 10.413
218 41.97 33.271 7.391
219 16.79 3.409 2.547
220 8.39 20.422 26.584
221 33.58 36.149 23.811
222 41.97 28.818 35.456
223 33.58 42.285 15.983
224 25.18 41.127 26.383
225 8.39 22.341 12.376
226 41.97 18.425 19.939
227 16.79 22.444 28.399
228 8.39 5.002 26.287
229 25.18 26.884 30.979
230 25.18 12.056 20.798
231 33.58 25.802 33.322
232 41.97 41.938 21.43
233 16.79 37.82 37.159
234 41.97 29.224 31.052
235 16.79 2.926 18.136
236 41.97 18.789 39.637
237 33.58 40.6 8.336
238 41.97 38.726 40.599
239 41.97 17.54 38.456
240 25.18 35.525 32.213
241 41.97 27.763 17.374
242 33.58 25.144 40.396
243 33.58 3.292 34.261
244 25.18 19.713 26.899
245 8.39 15.199 19.955
246 8.39 40.296 40.656
247 33.58 24.593 19.146
248 16.79 29.159 26.675
249 8.39 4.204 4.553
250 8.39 2.431 1.14
251 25.18 16.787 40.468
252 8.39 18.426 36.123
253 33.58 27.086 31.914
254 16.79 37.209 13.164
255 16.79 9.82 33.434
256 8.39 6.741 39.025
257 25.18 31.375 42.123
258 33.58 21.328 13.027
259 25.18 31.383 23.339
260 25.18 13.104 14.576
261 33.58 6.16 30.677
262 33.58 17.852 17.717
263 41.97 36.275 20.147
264 8.39 29.735 35.501
265 41.97 11.507 33.671
266 25.18 37.012 37.248
267 8.39 10.471 42.652
268 16.79 25.911 23.2
269 8.39 14.182 24.611
270 8.39 34.805 25.942
271 41.97 34.846 2.85
272 25.18 25.602 21.245
273 41.97 24.263 13.724
274 41.97 39.014 9.663
275 41.97 7.177 6.679
276 41.97 43.055 32.123
277 25.18 27.789 16.452
278 16.79 32.856 5.768
279 8.39 2.928 0.5
280 8.39 37.541 32.31
281 8.39 7.709 10.355
282 25.18 41.296 6.609
283 25.18 33.797 32.26
284 41.97 36.127 1.267
285 41.97 8.509 4.154
286 25.18 41.634 39.799
287 16.79 7.659 36.686
288 16.79 38.927 5.139
289 33.58 10.275 35.186
290 25.18 1.949 21.45
291 33.58 18.474 39.483
292 33.58 24.786 37.903
293 16.79 24.847 10.754
294 16.79 17.272 8.754
295 25.18 30.982 15.687
296 25.18 7.824 0.302
297 25.18 25.378 43.308
298 41.97 13.893 21.573
299 33.58 16.065 34.585
300 8.39 21.764 11.91
301 33.58 21.634 31.392
302 8.39 6.232 2.642
303 16.79 4.016 19.612
304 16.79 36.743 38.341
305 8.39 14.304 4.626
306 41.97 7.697 11.182
307 41.97 6.449 12.491
308 41.97 43.42 13.624
309 33.58 42.072 4.284
310 16.79 2.93 0.969
311 41.97 13.181 15.272
312 33.58 6.053 22.537
313 41.97 35.111 28.646
314 33.58 29.356 6.462
315 8.39 34.363 29.328
316 16.79 42.5 6.984
317 33.58 10.259 41.701
318 41.97 0.566 23.694
319 8.39 30.844 27.695
320 8.39 24.254 19.105
321 8.39 20.087 40.156
322 25.18 22.553 23.377
323 8.39 27.805 34.691
324 25.18 41.672 22.49
325 33.58 26.298 25.297
326 16.79 4.035 30.28
327 25.18 15.02 10.542
328 16.79 26.38 27.001
329 41.97 16.626 37.565
330 33.58 4.127 21.217
331 8.39 14.633 22.962
332 41.97 27.733 28.069
333 41.97 32.903 17.891
334 8.39 34.212 3.492
335 25.18 34.925 12.696
336 41.97 3.33 39.899
337 41.97 7.187 7.643
338 33.58 23.267 29.557
339 25.18 1.098 13.831
340 33.58 18.436 16.879
341 33.58 31.265 34.313
342 16.79 2.793 4.519
343 16.79 27.764 4.74
344 25.18 19.676 20.241
345 16.79 6.206 8.705
346 25.18 4.729 6.678
347 8.39 13.176 41.986
348 16.79 26.719 4.608
349 33.58 6.963 3.827
350 33.58 4.648 8.356
351 16.79 16.088 28.782
352 8.39 23.401 3.787
353 33.58 17.702 17.023
354 16.79 32.378 13.763
355 41.97 37.52 3.835
356 41.97 25.501 10.501
357 41.97 38.408 39.271
358 33.58 13.41 9.278
359 16.79 30.318 23.287
360 16.79 1.407 43.263
361 33.58 33.509 19.385
362 33.58 12.256 18.331
363 8.39 23.033 7.684
364 8.39 19.345 13.151
365 41.97 12.121 7.74
366 25.18 3.265 11.721
367 8.39 29.66 11.605
368 41.97 10.989 43.779
369 8.39 15.083 28.613
370 33.58 27.438 30.237
371 16.79 0.361 3.329
372 8.39 22.746 5.642
373 25.18 37.826 34.54
374 33.58 9.279 35.851
375 8.39 9.536 8.834
376 8.39 13.056 5.604
377 41.97 6.233 26.925
378 16.79 26.904 39.735
379 33.58 42.024 12.332
380 41.97 19.757 29.721
381 8.39 22.866 17.092
382 41.97 22.7 32.574
383 25.18 15.044 13.513
384 16.79 15.487 31.495
385 16.79 34.643 25.896
386 41.97 13.233 22.442
387 33.58 31.54 6.299
388 33.58 28.608 34.802
389 25.18 40.336 21.751
390 16.79 35.128 0.469
391 41.97 9.839 36.929
392 16.79 6.239 7.516
393 33.58 13.394 34.643
394 33.58 19.754 33.335
395 8.39 13.711 5.713
396 25.18 41.962 41.165
397 8.39 3.766 23.26
398 41.97 10.207 8.407
399 25.18 5.433 23.754
400 8.39 17.695 14.273
401 16.79 8.594 5.7
402 25.18 11.756 21.329
403 8.39 1.696 8.952
404 33.58 13.853 10.96
405 33.58 8.073 28.122
406 16.79 1.461 13.773
407 41.97 28.2 14.13
408 41.97 8.967 4.801
409 33.58 6.412 25.802
410 25.18 2.048 15.531
411 8.39 35.068 18.776
412 16.79 4.767 19.913
413 16.79 37.373 12.336
414 41.97 18.472 13.229
415 25.18 36.268 25.272
416 16.79 37.231 30.231
417 16.79 42.217 5.438
418 16.79 12.971 12.176
419 16.79 33.738 8.605
420 25.18 27.888 5.539
421 25.18 12.27 11.079
422 33.58 19.666 25.961
423 25.18 18.832 38.579
424 41.97 22.347 33.901
425 33.58 11.408 41.755
426 33.58 39.579 20.798
427 25.18 21.116 38.439
428 25.18 20.423 34.813
429 16.79 5.996 15.449
430 16.79 21.946 12.823
431 25.18 42.911 29.286
432 41.97 1.432 14.328
433 8.39 26.065 23.632
434 8.39 43.35 25.217
435 33.58 31.917 22.585
436 41.97 25.979 16.33
437 33.58 2.03 38.601
438 33.58 30.433 25.608
439 33.58 29.542 20.48
440 8.39 27.194 10.597
441 41.97 11.368 26.838
442 41.97 21.654 5.982
443 41.97 24.147 13.088
444 16.79 31.673 41.213
445 8.39 33.919 5.597
446 25.18 38.041 15.074
447 33.58 10.698 23.385
448 16.79 16.192 39.855
449 8.39 40.357 5.257
450 8.39 5.629 27.724
451 8.39 9.495 20.898
452 25.18 8.994 28.57
453 16.79 13.347 12.65
454 41.97 23.107 0.972
455 41.97 12.471 38.978
456 25.18 26.99 39.611
457 41.97 43.611 8.806
458 41.97 3.589 18.605
459 8.39 34.65 3.723
460 25.18 30.568 15.957
461 8.39 43.702 33.671
462 41.97 6.491 18.4
463 41.97 14.284 42.851
464 25.18 20.833 26.879
465 41.97 19.837 21.286
466 41.97 30.851 1.235
467 16.79 20.642 24.765
468 16.79 28.989 9.397
469 41.97 26.271 14.081
470 25.18 43.033 8.196
471 41.97 1.408 25.009
472 41.97 35.038 37.347
473 33.58 41.593 10.478
474 16.79 22.706 37.931
475 8.39 40.866 23.424
476 41.97 30.075 41.226
477 8.39 17.78 39.519
478 8.39 10.647 0.549
479 41.97 20.744 17.044
480 8.39 31.814 0.612
481 33.58 29.162 28.359
482 41.97 24.344 42.818
483 16.79 39.488 3.772
484 16.79 11.087 41.629
485 8.39 33.548 4.514
486 33.58 41.033 40.613
487 41.97 26.128 39.622
488 25.18 28.159 39.891
489 16.79 8.418 13.685
490 33.58 1.851 4.419
491 33.58 18.111 11.782
492 8.39 41.245 9.984
493 25.18 28.925 19.881
494 16.79 33.17 40.375
495 16.79 27.612 35.379
496 41.97 35.821 12.484
497 33.58 10.219 17.823
498 16.79 38.634 28.506
499 41.97 20.525 10.724
500 33.58 18.603 40.932
501 41.97 0.949 16.634
502 33.58 35.242 31.143
503 33.58 37.266 43.19
504 16.79 25.015 29.624
505 33.58 29.808 36.595
506 33.58 13.982 10.075
507 16.79 19.77 5.235
508 41.97 11.954 25.923
509 25.18 3.895 11.28
510 41.97 29.925 24.93
511 25.18 39.59 15.266
512 25.18 33.714 7.336
513 16.79 19.191 23.691
514 8.39 36.826 4.808
515 8.39 30.845 41.248
516 41.97 33.794 19.155
517 8.39 24.48 28.843
518 33.58 12.579 37.154
519 8.39 7.624 43.178
520 33.58 33.333 14.938
521 41.97 10.834 34.518
522 41.97 8.748 7.175
523 25.18 0.558 9.505
524 33.58 22.49 39.423
525 8.39 9.393 4.085
526 25.18 0.707 36.99
527 16.79 18.842 39.097
528 33.58 41.051 11.63
529 33.58 12.128 42.46
530 16.79 25.624 32.226
531 33.58 19.704 28.321
532 25.18 21.896 11.337
533 8.39 31.573 28.195
534 25.18 2.099 3.975
535 33.58 2.483 20.734
536 41.97 36.818 0.952
537 16.79 26.065 30.235
538 16.79 42.419 42.487
539 8.39 1.366 18.73
540 33.58 3.264 22.881
541 25.18 3.64 15.384
542 25.18 21.091 36.801
543 8.39 13.743 20.858
544 25.18 6.179 37.741
545 16.79 4.905 6.462
546 8.39 18.233 8.456
547 16.79 24.586 22.854
548 41.97 34.3 20.373
549 8.39 37.996 31.139
550 25.18 38.54 26.164
551 25.18 1.095 13.569
552 41.97 20.218 16.616
553 41.97 35.991 28.116
554 8.39 25.603 43.126
555 41.97 33.187 36.196
556 16.79 26.114 31.15
557 25.18 39.33 28.649
558 8.39 31.807 14.938
559 33.58 33.788 21.146
560 33.58 36.819 18.744
561 33.58 39.626 28.049
562 33.58 12.395 11.969
563 33.58 35.534 31.192
564 8.39 25.488 14.238
565 25.18 9.492 18.753
566 33.58 12.347 2.405
567 33.58 8.638 20.595
568 25.18 27.378 42.141
569 33.58 19.71 15.363
570 41.97 3.834 38.306
571 33.58 14.455 30.05
572 25.18 9.113 5.336
573 25.18 0.775 0.47
574 25.18 32.062 37.986
575 8.39 21.811 1.109
576 33.58 38.824 23.622
577 33.58 35.632 22.519
578 33.58 10.413 4.582
579 25.18 16.144 39.576
580 8.39 19.108 12.3
581 8.39 28.829 27.816
582 25.18 36.915 41.483
583 8.39 5.151 43.282
584 41.97 31.552 8.831
585 41.97 29.86 15.087
586 33.58 11.674 14.354
587 16.79 11.268 8.016
588 25.18 36.877 29.965
589 16.79 40.467 39.238
590 33.58 21.622 5.72
591 8.39 3.034 20.062
592 25.18 8.518 19.108
593 8.39 41.482 36.576
594 33.58 13.391 14.477
595 16.79 7.332 29.15
596 16.79 36.159 36.922
597 16.79 9.006 42.775
598 16.79 10.514 7.678
599 33.58 18.035 3.81
600 33.58 39.418 31.427
601 8.39 25.094 17.383
602 8.39 5.157 25.639
603 8.39 19.409 14.809
604 33.58 42.241 30.814
605 41.97 24.564 42.491
606 16.79 23.035 3.383
607 33.58 32.679 42.528
608 25.18 6.379 2.059
609 25.18 13.152 30.7
610 16.79 3.114 41.319
611 8.39 9.365 12.933
612 16.79 13.263 42.825
613 16.79 19.299 11.391
614 8.39 20.721 5.932
615 8.39 7.127 4.999
616 33.58 12.629 35.038
617 25.18 22.268 4.844
618 41.97 3.485 3.886
619 8.39 29.199 0.935
620 41.97 17.474 32.481
621 33.58 24.081 7.695
622 33.58 9.765 4.798
623 33.58 43.41 12.011
624 33.58 4.128 27.174
625 8.39 41.862 22.783
626 16.79 8.898 6.352
627 25.18 41.6 40.839
628 33.58 40.444 42.593
629 16.79 27.037 23.281
630 8.39 5.224 38.259
631 8.39 11.327 11.038
632 41.97 19.703 13.936
633 41.97 16.803 2.125
634 25.18 26.22 4.076
635 16.79 15.74 12.267
636 33.58 38.666 32.968
637 41.97 9.203 13.367
638 41.97 5.62 37.313
639 33.58 31.933 6.943
640 41.97 21.636 22.481
641 33.58 19.781 29.474
642 16.79 20.089 39.281
643 41.97 43.494 31.563
644 33.58 1.682 11.122
645 16.79 21.207 24.555
646 41.97 20.952 20.448
647 16.79 6.13 4.518
648 16.79 37.373 29.517
649 25.18 34.158 5.597
650 41.97 11.648 13.704
651 33.58 18.702 11.25
652 8.39 0.495 7.203
653 33.58 13.273 14.616
654 33.58 17.444 1.86
655 25.18 41.814 34.005
656 41.97 21.448 15.315
657 16.79 19.034 7.995
658 41.97 10.958 11.118
659 25.18 4.655 20.66
660 16.79 26.11 12.088
661 16.79 17.753 36.668
662 8.39 7.848 5.239
663 8.39 36.576 25.332
664 16.79 25.123 10.233
665 25.18 33.783 6.902
666 25.18 4.084 33.892
667 25.18 28.116 23.23
668 16.79 7.039 15.118
669 41.97 1.539 37.429
670 33.58 16.002 36.073
671 41.97 43.109 41.775
672 25.18 18.468 39.852
673 33.58 3.366 37.88
674 41.97 20.378 6.783
675 33.58 26.871 17.353
676 16.79 24.825 18.987
677 16.79 19.372 14.079
678 33.58 24.903 31.041
679 8.39 27.688 6.959
680 41.97 10.322 29.025
681 33.58 5.799 6.973
682 41.97 12.15 38.18
683 8.39 4.295 8.591
684 33.58 28.954 26.904
685 25.18 6.248 30.894
686 8.39 15.81 14.528
687 41.97 12.949 34.106
688 33.58 9.829 18.66
689 33.58 16.292 30.341
690 33.58 26.708 14.271
691 25.18 37.132 28.312
692 25.18 33.662 11.47
693 8.39 4.9 2.434
694 41.97 43.687 18.346
695 41.97 6.506 42.805
696 16.79 34.747 35.842
697 25.18 13.802 18.184
698 33.58 5.404 34.65
699 33.58 40.548 35.609
700 16.79 13.97 29.446
701 25.18 19.223 4.195
702 16.79 43.211 12.933
703 8.39 13.151 34.882
704 41.97 9.451 17.0
705 41.97 37.406 16.333
706 33.58 25.63 28.309
707 16.79 21.24 16.59
708 25.18 13.644 30.484
709 16.79 37.595 14.218
710 41.97 9.258 1.173
711 33.58 23.414 26.956
712 41.97 31.846 41.07
713 33.58 37.483 31.336
714 33.58 6.405 17.721
715 33.58 18.67 36.416
716 33.58 29.893 12.957
717 41.97 40.913 23.102
718 16.79 20.01 29.165
719 16.79 7.484 7.345
720 33.58 34.443 12.526
721 8.39 15.529 35.72
722 25.18 2.872 18.47
723 8.39 32.558 31.831
724 25.18 29.037 0.939
725 41.97 41.077 9.819
726 8.39 43.664 15.042
727 16.79 14.613 11.523
728 41.97 9.291 17.51
729 33.58 24.892 11.264
730 25.18 28.365 28.535
731 25.18 8.418 19.919
732 8.39 42.422 19.514
733 33.58 11.16 24.641
734 41.97 29.412 25.56
735 41.97 0.627 11.454
736 8.39 39.279 31.075
737 41.97 12.408 24.772
738 8.39 2.974 16.53
739 33.58 38.877 6.05
740 41.97 3.878 0.661
741 25.18 7.301 15.295
742 25.18 20.312 21.163
743 41.97 15.889 19.993
744 8.39 42.1 26.278
745 16.79 28.357 6.637
746 8.39 2.644 21.683
747 41.97 12.152 30.768
748 25.18 24.836 18.712
749 33.58 28.042 10.47
750 25.18 19.415 30.074
751 25.18 39.703 0.431
752 33.58 9.38 0.999
753 41.97 27.861 4.106
754 16.79 35.905 12.27
755 25.18 27.774 40.576
756 25.18 16.032 6.322
757 16.79 14.991 2.261
758 8.39 21.791 17.252
759 16.79 8.571 28.979
760 25.18 11.826 33.451
761 41.97 0.297 26.026
762 41.97 18.754 42.173
763 16.79 5.431 22.827
764 8.39 19.62 27.038
765 41.97 20.513 33.202
766 8.39 17.124 35.719
767 41.97 9.355 40.929
768 16.79 25.822 38.619
769 8.39 14.44 32.917
770 33.58 3.659 0.487
771 33.58 43.075 36.165
772 25.18 36.893 34.421
773 33.58 41.697 8.608
774 16.79 31.509 24.215
775 16.79 7.168 27.888
776 25.18 26.179 6.213
777 16.79 32.001 10.951
778 33.58 32.52 17.919
779 16.79 39.741 26.604
780 25.18 14.805 35.47
781 8.39 30.005 7.64
782 33.58 13.513 14.308
783 41.97 31.312 17.708
784 41.97 26.778 12.609
785 16.79 8.72 1.693
786 25.18 30.012 7.202
787 41.97 30.654 11.421
788 41.97 33.512 33.647
789 41.97 11.351 14.845
790 16.79 43.315 5.906
791 8.39 6.755 10.987
792 33.58 34.424 2.082
793 33.58 43.706 4.036
794 41.97 42.377 17.171
795 8.39 31.468 16.833
796 33.58 25.56 40.792
797 25.18 17.682 15.234
798 33.58 41.949 4.212
799 25.18 21.187 8.907
800 25.18 22.093 6.606
801 33.58 0.378 2.936
802 16.79 1.61 9.471
803 25.18 41.453 37.226
804 16.79 34.615 24.43
805 33.58 18.66 30.273
806 8.39 22.029 39.344
807 8.39 32.684 11.201
808 8.39 39.501 12.253
809 16.79 31.546 29.417
810 16.79 22.527 8.172
811 33.58 35.231 27.258
812 41.97 26.76 29.228
813 25.18 5.22 27.54
814 16.79 0.265 3.726
815 25.18 38.529 1.014
816 8.39 19.355 37.471
817 16.79 7.956 5.257
818 16.79 19.995 34.548
819 25.18 3.305 29.856
820 41.97 10.652 33.745
821 8.39 27.417 23.448
822 33.58 6.544 5.511
823 8.39 29.672 43.705
824 8.39 4.238 37.529
825 16.79 33.237 38.263
826 33.58 9.035 22.153
827 8.39 17.297 25.009
828 8.39 19.645 36.961
829 25.18 30.93 42.753
830 41.97 41.655 7.112
831 33.58 31.223 2.192
832 41.97 35.0 31.616
833 33.58 23.611 2.207
834 16.79 22.477 32.702
835 25.18 5.017 20.787
836 8.39 35.276 33.565
837 8.39 16.548 0.279
838 33.58 3.726 4.019
839 25.18 40.047 29.502
840 41.97 42.499 23.101
841 25.18 8.437 1.395
842 33.58 21.685 14.018
843 41.97 31.199 3.955
844 41.97 23.221 30.942
845 8.39 16.73 13.906
846 33.58 35.078 36.31
847 25.18 28.749 29.16
848 8.39 28.876 7.155
849 33.58 30.471 6.783
850 16.79 30.58 9.467
851 16.79 33.0 43.734
852 25.18 36.257 42.355
853 25.18 37.874 0.368
854 33.58 26.563 19.469
855 16.79 41.95 40.211
856 8.39 20.081 36.101
857 41.97 37.015 9.717
858 25.18 21.605 17.332
859 33.58 21.246 1.256
860 41.97 29.341 0.201
861 33.58 30.208 42.726
862 25.18 1.464 29.249
863 16.79 26.297 19.327
864 25.18 19.417 38.532
865 8.39 23.769 12.464
866 25.18 25.414 43.351
867 8.39 21.287 23.001
868 16.79 27.619 29.647
869 41.97 39.378 6.599
870 25.18 2.586 38.471
871 25.18 37.471 4.823
872 41.97 42.79 37.531
873 33.58 13.966 6.855
874 8.39 24.128 6.906
875 33.58 35.727 13.32
876 33.58 24.924 18.049
877 25.18 17.049 21.173
878 25.18 25.435 42.112
879 8.39 32.45 17.634
880 16.79 3.053 31.459
881 25.18 26.371 11.817
882 16.79 42.943 41.865
883 41.97 35.73 24.392
884 8.39 23.945 8.919
885 25.18 13.507 42.753
886 33.58 6.696 6.485
887 8.39 15.432 39.092
888 8.39 9.049 28.363
889 25.18 21.584 15.196
890 25.18 43.211 5.263
891 8.39 1.581 23.129
892 33.58 26.052 11.463
893 25.18 10.818 20.192
894 16.79 30.688 21.47
895 16.79 39.806 17.538
896 25.18 33.261 21.269
897 41.97 6.524 30.231
898 16.79 25.893 37.589
899 8.39 19.118 36.977
900 16.79 32.856 2.397
901 8.39 37.937 33.976
902 16.79 39.451 7.776
903 16.79 43.229 28.195
904 33.58 22.986 0.927
905 16.79 42.861 4.856
906 25.18 1.095 2.952
907 25.18 26.824 17.053
908 41.97 10.684 1.534
909 25.18 9.666 24.019
910 33.58 42.389 27.843
911 33.58 25.726 18.977
912 33.58 35.295 3.559
913 41.97 10.934 30.043
914 16.79 25.557 9.847
915 25.18 19.226 31.433
916 8.39 29.311 40.963
917 8.39 19.636 42.13
918 33.58 30.748 1.936
919 33.58 21.868 40.214
920 25.18 10.886 8.419
921 33.58 31.838 25.286
922 25.18 39.3 31.336
923 16.79 16.933 36.841
924 8.39 34.114 20.088
925 25.18 30.271 4.652
926 41.97 42.819 5.559
927 25.18 22.002 20.809
928 25.18 15.989 22.557
929 25.18 6.138 41.319
930 41.97 12.864 14.121
931 8.39 17.518 21.809
932 8.39 41.547 16.045
933 8.39 16.246 19.345
934 16.79 14.376 41.753
935 8.39 37.843 23.641
936 25.18 33.809 43.045
937 16.79 14.721 25.895
938 25.18 40.241 1.174
939 25.18 7.462 23.545
940 41.97 11.3 39.762
941 33.58 1.034 21.657
942 33.58 20.393 39.112
943 41.97 4.099 40.572
944 41.97 39.466 9.32
945 41.97 19.817 26.135
946 33.58 4.171 11.849
947 8.39 17.771 42.382
948 16.79 29.268 23.995
949 33.58 13.213 6.871
950 16.79 11.716 39.287
951 33.58 32.907 36.069
952 41.97 35.201 3.15
953 33.58 31.399 3.504
954 41.97 5.82 24.541
955 8.39 7.409 11.837
956 25.18 23.947 29.452
957 8.39 6.002 6.374
958 33.58 20.651 21.956
959 16.79 1.738 36.044
960 41.97 34.42 9.333
961 33.58 38.257 26.884
962 25.18 29.873 0.292
963 41.97 21.786 40.927
964 33.58 38.043 13.099
965 25.18 35.693 37.583
966 41.97 8.333 8.18
967 33.58 39.714 10.09
968 25.18 10.78 37.178
969 41.97 0.36 12.251
970 8.39 21.891 39.433
971 16.79 12.24 27.09
972 33.58 32.357 5.571
973 8.39 35.605 6.53
974 8.39 32.405 9.328
975 41.97 26.886 16.593
976 25.18 7.098 12.833
977 33.58 18.36 41.557
978 25.18 21.716 29.836
979 33.58 28.208 37.399
980 33.58 31.283 33.679
981 8.39 38.142 35.813
982 8.39 29.086 19.378
983 25.18 36.261 41.17
984 8.39 4.294 33.237
985 41.97 32.035 7.868
986 25.18 22.462 33.173
987 16.79 27.077 0.858
988 41.97 3.634 36.186
989 41.97 20.377 6.765
990 41.97 23.386 17.94
991 25.18 7.208 16.62
992 41.97 20.788 31.763
993 25.18 10.855 26.703
994 41.97 22.657 42.848
995 16.79 43.69 6.007
996 33.58 18.365 3.882
997 8.39 16.005 15.364
998 8.39 25.886 23.567
999 33.58 0.648 8.381
1000 33.58 22.544 42.872
1001 33.58 31.483 38.3
1002 41.97 29.879 8.211
1003 8.39 18.339 36.337
1004 33.58 11.676 8.752
1005 41.97 21.346 3.87
1006 33.58 24.407 32.377
1007 41.97 42.17 9.461
1008 8.39 35.252 13.7
1009 8.39 26.817 12.212
1010 41.97 33.178 40.667
1011 33.58 37.358 25.028
1012 16.79 27.654 23.26
1013 25.18 4.31 33.964
1014 33.58 9.803 27.7
1015 41.97 26.658 3.003
1016 25.18 36.796 0.857
1017 16.79 30.157 31.171
1018 8.39 4.434 5.523
1019 25.18 35.365 15.548
1020 16.79 14.221 26.108
1021 25.18 12.125 26.546
1022 33.58 39.242 22.958
1023 16.79 6.17 29.227
1024 33.58 4.732 3.138
1025 25.18 31.388 39.811
1026 8.39 25.892 18.489
1027 25.18 23.132 30.038
1028 8.39 12.796 5.457
1029 8.39 40.788 41.948
1030 16.79 2.191 4.291
1031 33.58 5.156 4.702
1032 8.39 43.078 15.949
1033 8.39 22.5 15.422
1034 25.18 12.392 33.057
1035 25.18 23.222 40.205
1036 33.58 34.798 26.032
1037 33.58 16.816 38.117
1038 8.39 9.048 36.06
1039 33.58 31.446 31.029
1040 33.58 42.801 0.453
1041 25.18 41.967 40.409
1042 8.39 29.093 12.479
1043 16.79 28.199 27.216
1044 16.79 4.956 30.961
1045 16.79 35.67 19.333
1046 33.58 0.209 40.402
1047 25.18 0.874 24.705
1048 16.79 13.222 20.587
1049 25.18 24.029 26.952
1050 41.97 23.452 40.499
1051 16.79 3.633 11.079
1052 41.97 39.925 9.789
1053 41.97 41.279 8.143
1054 25.18 19.775 8.618
1055 33.58 30.109 35.362
1056 16.79 10.214 10.86
1057 8.39 14.72 19.8
1058 16.79 4.343 13.784
1059 16.79 13.694 0.751
1060 41.97 27.724 43.562
1061 41.97 9.846 0.394
1062 33.58 1.916 8.781
1063 41.97 30.587 25.86
1064 16.79 2.702 6.696
1065 16.79 22.375 25.927
1066 25.18 1.193 27.121
1067 8.39 33.423 40.457
1068 8.39 11.974 25.712
1069 33.58 41.863 1.256
1070 8.39 41.791 12.106
1071 33.58 34.545 18.003
1072 33.58 27.328 7.644
1073 8.39 1.499 17.255
1074 25.18 4.086 32.841
1075 8.39 32.175 34.393
1076 25.18 33.423 13.514
1077 33.58 15.316 43.719
1078 41.97 20.776 32.633
1079 8.39 10.549 15.466
1080 41.97 28.828 33.062
1081 41.97 20.501 6.449
1082 25.18 8.634 5.863
1083 33.58 1.123 2.697
1084 8.39 17.257 20.136
1085 16.79 23.73 16.998
1086 41.97 34.264 32.544
1087 41.97 5.785 16.944
1088 41.97 42.445 0.791
1089 8.39 1.704 26.047
1090 8.39 34.109 29.314
1091 25.18 41.692 34.085
1092 16.79 25.945 16.151
1093 25.18 4.613 6.544
1094 16.79 12.986 32.505
1095 41.97 4.699 9.308
1096 16.79 10.945 26.751
1097 8.39 7.567 8.81
1098 8.39 10.052 2.649
1099 25.18 26.962 36.665
1100 25.18 21.211 11.865
1101 25.18 8.31 35.245
1102 41.97 7.219 27.946
1103 41.97 2.885 32.393
1104 25.18 18.794 40.69
1105 16.79 7.984 12.033
1106 33.58 27.666 1.403
1107 41.97 1.423 42.657
1108 33.58 23.823 15.332
1109 8.39 19.759 27.536
1110 33.58 43.261 10.515
1111 33.58 21.349 4.4
1112 33.58 11.056 21.686
1113 16.79 15.888 14.151
1114 41.97 43.414 23.126
1115 25.18 34.607 1.205
1116 33.58 28.889 42.325
1117 16.79 9.148 17.403
1118 33.58 16.898 27.905
1119 16.79 10.3 2.948
1120 8.39 12.116 42.709
1121 41.97 24.629 1.756
1122 33.58 35.259 35.982
1123 33.58 3.479 26.916
1124 41.97 32.656 36.154
1125 25.18 26.882 34.452
1126 8.39 40.14 35.866
1127 25.18 40.346 41.421
1128 33.58 13.043 4.1
1129 25.18 9.647 39.371
1130 25.18 17.561 22.145
1131 33.58 3.743 11.94
1132 33.58 21.485 36.285
1133 25.18 20.383 38.513
1134 16.79 30.898 6.67
1135 25.18 19.96 5.637
1136 41.97 35.26 33.721
1137 25.18 18.263 8.429
1138 25.18 24.602 29.814
1139 41.97 0.353 11.67
1140 8.39 13.003 42.803
1141 41.97 13.319 26.304
1142 16.79 10.809 23.985
1143 8.39 24.556 21.51
1144 25.18 33.641 39.458
1145 8.39 4.75 42.224
1146 8.39 10.953 8.593
1147 16.79 28.529 35.261
1148 16.79 40.141 17.161
1149 25.18 26.259 36.138
1150 41.97 38.009 35.222
1151 16.79 1.709 21.969
1152 41.97 43.364 27.151
1153 41.97 12.97 33.155
1154 25.18 14.874 2.398
1155 25.18 23.077 33.68
1156 33.58 37.102 35.7
1157 8.39 2.948 41.225
1158 16.79 28.235 31.017
1159 41.97 40.991 23.699
1160 41.97 1.091 37.764
1161 33.58 25.359 37.601
1162 25.18 24.107 37.621
1163 8.39 22.287 24.821
1164 25.18 27.452 1.877
1165 33.58 40.186 34.422
1166 33.58 15.739 7.584
1167 16.79 39.805 12.351
1168 25.18 15.904 17.987
1169 33.58 0.553 40.913
1170 25.18 3.711 41.869
1171 25.18 42.886 37.603
1172 8.39 27.36 32.608
1173 41.97 36.34 36.398
1174 33.58 8.849 43.195
1175 33.58 2.498 18.862
1176 33.58 14.891 39.968
1177 33.58 27.686 27.388
1178 41.97 34.403 39.298
1179 33.58 0.505 8.603
1180 25.18 26.466 14.613
1181 8.39 39.402 9.672
1182 8.39 12.452 26.232
1183 25.18 18.625 20.73
1184 25.18 39.053 41.508
1185 41.97 8.269 2.744
1186 33.58 7.178 15.563
1187 25.18 17.743 15.928
1188 33.58 20.138 17.708
1189 25.18 27.124 2.886
1190 8.39 8.743 34.848
1191 25.18 32.5 2.992
1192 41.97 35.779 26.856
1193 25.18 25.263 26.934
1194 8.39 4.89 1.398
1195 33.58 23.618 32.444
1196 16.79 34.124 13.09
1197 41.97 31.68 42.044
1198 8.39 10.99 23.872
1199 33.58 21.621 34.027
1200 41.97 10.942 1.688
1201 33.58 4.012 9.496
1202 16.79 41.758 26.995
1203 33.58 22.527 14.907
1204 8.39 38.658 30.723
1205 16.79 34.382 28.705
1206 33.58 3.706 40.55
1207 8.39 13.34 1.951
1208 41.97 16.765 33.752
1209 8.39 15.74 37.832
1210 25.18 30.945 23.487
1211 16.79 26.384 16.984
1212 33.58 18.106 9.957
1213 33.58 4.407 15.357
1214 33.58 42.712 19.789
1215 33.58 30.937 12.927
1216 41.97 12.993 21.667
1217 41.97 12.799 35.759
1218 33.58 17.966 23.409
1219 16.79 8.252 18.394
1220 25.18 19.792 41.074
1221 8.39 39.831 36.5
1222 41.97 22.154 20.812
1223 41.97 24.311 30.497
1224 16.79 20.693 41.231
1225 8.39 28.965 21.758
1226 8.39 1.197 28.041
1227 33.58 20.994 29.408
1228 41.97 15.51 16.189
1229 33.58 14.393 15.289
1230 41.97 22.993 1.897
1231 25.18 24.724 9.73
1232 8.39 3.126 13.116
1233 41.97 17.853 30.198
1234 33.58 36.757 2.888
1235 16.79 27.952 10.24
1236 8.39 26.375 20.762
1237 8.39 26.398 16.893
1238 16.79 41.549 34.338
1239 25.18 29.45 1.237
1240 25.18 14.784 7.411
1241 33.58 5.372 8.756
1242 33.58 11.358 1.785
1243 33.58 15.398 14.28
1244 41.97 27.667 5.608
1245 33.58 42.829 34.42
1246 16.79 7.509 11.443
1247 8.39 12.562 12.622
1248 16.79 41.57 39.994
1249 33.58 20.468 33.996
1250 8.39 21.422 25.803
1251 8.39 19.888 5.227
1252 25.18 17.445 32.223
1253 8.39 10.982 15.548
1254 25.18 0.395 41.492
1255 33.58 40.864 32.505
1256 25.18 35.353 25.318
1257 16.79 35.058 3.313
1258 8.39 18.829 36.443
1259 8.39 43.416 41.194
1260 33.58 31.003 28.723
1261 41.97 35.354 15.675
1262 8.39 22.6 11.203
1263 16.79 32.019 23.801
1264 8.39 7.543 4.861
1265 16.79 43.508 23.02
1266 16.79 23.131 3.283
1267 25.18 22.499 41.479
1268 8.39 35.059 39.899
1269 16.79 30.755 1.187
1270 33.58 2.57 4.326
1271 16.79 29.016 8.201
1272 33.58 2.253 3.91
1273 41.97 9.542 13.113
1274 41.97 6.799 40.824
1275 8.39 0.236 38.468
1276 25.18 1.035 13.032
1277 8.39 26.064 24.015
1278 8.39 19.176 19.004
1279 8.39 22.36 14.84
1280 41.97 18.99 16.591
1281 33.58 4.6 25.589
1282 33.58 39.121 37.745
1283 41.97 1.602 19.587
1284 8.39 13.285 20.165
1285 25.18 7.713 15.158
1286 41.97 6.218 2.98
1287 33.58 28.405 26.57
1288 16.79 9.35 26.627
1289 41.97 9.931 23.969
1290 41.97 18.729 40.818
1291 16.79 7.776 29.768
1292 16.79 33.698 5.379
1293 33.58 20.69 14.837
1294 25.18 4.427 8.544
1295 33.58 24.302 35.889
1296 8.39 14.453 23.759
1297 8.39 4.278 34.097
1298 33.58 19.885 22.407
1299 16.79 4.813 25.146
1300 41.97 11.05 12.436
1301 25.18 9.881 25.103
1302 8.39 10.36 14.125
1303 8.39 22.316 37.155
1304 16.79 38.717 41.13
1305 33.58 12.268 41.373
1306 25.18 38.2 30.841
1307 8.39 35.364 36.04
1308 8.39 29.585 27.006
1309 25.18 13.898 18.741
1310 8.39 14.131 11.195
1311 33.58 26.8 28.523
1312 8.39 23.298 17.568
1313 16.79 26.928 18.571
1314 16.79 0.586 33.467
1315 33.58 19.881 19.122
1316 16.79 24.115 38.962
1317 8.39 8.285 6.806
1318 33.58 10.296 41.174
1319 33.58 7.316 43.759
1320 8.39 39.091 3.303
1321 33.58 9.264 29.404
1322 33.58 7.324 6.57
1323 8.39 14.01 1.64
1324 33.58 26.113 12.116
1325 16.79 11.454 41.861
1326 25.18 41.816 12.811
1327 16.79 38.3 40.886
1328 33.58 32.947 23.632
1329 25.18 17.442 37.647
1330 16.79 30.334 40.26
1331 16.79 6.886 3.872
1332 41.97 10.32 17.885
1333 33.58 22.409 38.529
1334 33.58 31.564 40.743
1335 33.58 10.333 34.355
1336 8.39 19.039 19.245
1337 25.18 37.741 12.2
1338 33.58 20.199 5.848
1339 8.39 39.897 0.246
1340 41.97 33.3 34.208
1341 41.97 36.962 39.536
1342 41.97 8.975 33.365
1343 16.79 42.301 41.542
1344 33.58 11.681 21.516
1345 41.97 7.495 23.989
1346 25.18 38.567 33.279
1347 16.79 38.834 24.08
1348 8.39 10.088 38.404
1349 16.79 16.452 1.606
1350 16.79 11.62 18.832
1351 41.97 43.301 0.836
1352 41.97 24.808 29.969
1353 16.79 3.915 4.474
1354 33.58 19.631 43.749
1355 33.58 2.926 37.787
1356 8.39 41.691 33.366
1357 16.79 34.357 7.371
1358 8.39 8.477 6.74
1359 25.18 24.974 29.098
1360 33.58 18.235 40.236
1361 8.39 7.292 21.821
1362 16.79 20.403 17.722
1363 8.39 16.94 3.118
1364 33.58 29.602 29.453
1365 25.18 2.852 32.588
1366 41.97 12.192 15.57
1367 8.39 15.732 37.517
1368 41.97 23.01 15.921
1369 33.58 22.913 31.864
1370 41.97 26.415 8.367
1371 16.79 24.553 36.499
1372 25.18 38.685 43.554
1373 33.58 42.664 39.495
1374 33.58 40.887 1.697
1375 16.79 20.808 1.121
1376 16.79 35.053 30.059
1377 25.18 17.349 37.224
1378 16.79 34.43 32.346
1379 33.58 34.164 3.644
1380 41.97 32.938 29.868
1381 25.18 10.079 27.74
1382 25.18 8.072 9.175
1383 16.79 3.255 3.907
1384 16.79 14.602 21.554
1385 41.97 28.218 3.881
1386 41.97 32.392 11.813
1387 25.18 13.737 9.567
1388 41.97 20.554 30.928
1389 41.97 31.495 42.272
1390 25.18 41.491 35.984
1391 16.79 28.841 34.844
1392 16.79 35.173 40.704
1393 8.39 15.018 1.42
1394 33.58 24.829 10.693
1395 16.79 9.252 39.587
1396 25.18 13.014 4.316
1397 41.97 13.483 43.698
1398 25.18 22.563 18.958
1399 33.58 11.874 18.053
1400 41.97 21.058 33.851
1401 41.97 24.215 8.237
1402 16.79 34.865 0.906
1403 33.58 33.469 32.194
1404 25.18 19.086 11.991
1405 41.97 40.085 12.197
1406 25.18 32.669 24.172
1407 33.58 15.924 7.344
1408 41.97 1.413 31.949
1409 8.39 41.48 31.81
1410 33.58 5.793 24.481
1411 41.97 4.624 21.85
1412 16.79 13.648 15.484
1413 41.97 21.776 38.897
1414 8.39 12.412 17.007
1415 33.58 39.989 42.624
1416 41.97 34.763 19.175
1417 8.39 35.032 40.813
1418 16.79 29.864 2.39
1419 33.58 39.312 40.104
1420 33.58 2.635 22.123
1421 25.18 6.649 38.468
1422 16.79 38.809 13.273
1423 25.18 28.914 10.577
1424 16.79 28.671 41.664
1425 16.79 29.61 10.639
1426 16.79 8.088 37.584
1427 33.58 33.224 38.348
1428 33.58 41.817 39.813
1429 8.39 13.271 19.116
1430 25.18 9.172 17.352
1431 41.97 31.448 31.214
1432 16.79 13.239 27.851
1433 25.18 8.363 43.383
1434 16.79 34.748 14.319
1435 16.79 20.704 14.496
1436 8.39 15.958 39.102
1437 33.58 31.981 15.832
1438 16.79 3.615 13.436
1439 33.58 31.494 24.629
1440 33.58 3.08 16.182
1441 25.18 11.427 24.055
1442 33.58 5.658 36.849
1443 8.39 12.929 1.905
1444 33.58 17.365 19.381
1445 41.97 37.626 16.594
1446 16.79 8.284 28.726
1447 41.97 38.893 7.622
1448 25.18 11.293 34.501
1449 16.79 22.739 7.434
1450 25.18 12.628 18.978
1451 8.39 29.942 23.998
1452 16.79 37.654 26.807
1453 8.39 8.812 34.66
1454 8.39 41.961 31.247
1455 33.58 32.98 29.857
1456 16.79 38.561 15.557
1457 8.39 18.167 12.237
1458 41.97 13.589 42.476
1459 41.97 14.301 38.874
1460 8.39 37.395 27.794
1461 8.39 8.873 26.048
1462 41.97 34.249 41.308
1463 16.79 7.636 21.097
1464 41.97 27.816 17.802
1465 25.18 32.091 35.68
1466 8.39 6.812 17.813
1467 33.58 3.518 36.542
1468 33.58 15.965 11.273
1469 33.58 20.314 13.702
1470 25.18 4.474 4.364
1471 16.79 23.733 28.705
1472 25.18 14.99 28.649
1473 16.79 34.808 11.603
1474 16.79 12.657 22.23
1475 16.79 33.224 15.138
1476 8.39 21.762 19.117
1477 41.97 31.204 15.951
1478 8.39 4.543 40.937
1479 8.39 3.873 32.493
1480 41.97 4.95 24.582
1481 33.58 8.179 3.557
1482 33.58 1.844 3.004
1483 8.39 16.207 23.264
1484 33.58 39.147 28.3
1485 16.79 31.196 39.65
1486 33.58 28.504 31.073
1487 25.18 28.135 2.641
1488 16.79 0.372 30.376
1489 8.39 42.273 22.499
1490 33.58 13.42 21.805
1491 16.79 29.383 26.924
1492 25.18 40.724 20.254
1493 33.58 15.849 12.859
1494 8.39 10.131 22.348
1495 8.39 41.247 17.259
1496 16.79 33.452 34.029
1497 33.58 21.065 11.064
1498 16.79 22.671 32.514
1499 33.58 36.014 11.798
1500 33.58 43.774 42.963
1501 16.79 2.485 19.589
1502 8.39 42.584 1.365
1503 16.79 23.945 25.615
1504 25.18 26.002 31.547
1505 8.39 29.146 29.192
1506 25.18 35.639 25.981
1507 25.18 30.657 20.383
1508 33.58 5.538 13.996
1509 41.97 16.327 20.731
1510 41.97 24.759 3.882
1511 8.39 24.105 41.828
1512 25.18 2.169 13.233
1513 16.79 0.667 4.695
1514 25.18 2.472 26.037
1515 33.58 2.871 42.033
1516 25.18 42.957 21.681
1517 16.79 16.141 33.324
1518 25.18 39.998 36.343
1519 25.18 11.713 23.388
1520 8.39 10.221 42.635
1521 33.58 39.074 2.774
1522 16.79 3.403 39.184
1523 8.39 38.798 12.619
1524 16.79 37.618 4.213
1525 33.58 42.402 11.492
1526 25.18 36.278 5.134
1527 8.39 5.234 27.626
1528 25.18 27.6 2.682
1529 16.79 35.873 39.606
1530 8.39 26.374 34.805
1531 16.79 35.715 7.659
1532 16.79 24.465 0.459
1533 41.97 6.768 18.22
1534 25.18 36.898 28.881
1535 33.58 2.241 43.622
1536 8.39 35.527 27.668
1537 33.58 16.633 28.41
1538 33.58 9.838 33.379
1539 33.58 17.889 14.879
1540 33.58 36.931 31.069
1541 25.18 29.834 21.84
1542 25.18 35.947 6.474
1543 25.18 43.167 39.368
1544 33.58 24.473 14.722
1545 41.97 32.653 32.062
1546 25.18 22.366 5.748
1547 41.97 19.147 11.922
1548 8.39 17.64 24.496
1549 33.58 36.541 9.244
1550 25.18 0.272 17.412
1551 25.18 31.711 28.018
1552 33.58 19.315 26.637
1553 16.79 14.78 19.611
1554 16.79 37.77 16.968
1555 8.39 41.468 7.988
1556 25.18 9.947 2.698
1557 33.58 14.216 9.401
1558 16.79 16.034 14.779
1559 8.39 26.157 28.847
1560 41.97 42.023 38.488
1561 8.39 15.916 27.74
1562 25.18 3.375 11.165
1563 25.18 31.458 37.601
1564 16.79 37.795 3.368
1565 33.58 3.339 42.987
1566 25.18 12.955 9.768
1567 8.39 32.999 5.693
1568 41.97 19.158 37.428
1569 8.39 22.038 14.609
1570 8.39 6.697 25.865
1571 41.97 24.871 39.511
1572 41.97 35.417 29.588
1573 8.39 33.201 30.025
1574 41.97 33.292 15.96
1575 25.18 21.791 14.408
1576 33.58 34.818 19.534
1577 41.97 28.38 13.355
1578 8.39 35.27 15.098
1579 41.97 33.57 19.787
1580 16.79 27.82 16.136
1581 33.58 34.071 2.668
1582 33.58 42.339 7.194
1583 8.39 35.267 13.882
1584 25.18 31.473 11.483
1585 41.97 3.39 34.8
1586 16.79 19.438 4.961
1587 33.58 18.907 13.778
1588 16.79 39.165 6.758
1589 16.79 7.427 3.911
1590 8.39 1.083 32.282
1591 8.39 25.128 4.728
1592 41.97 14.902 29.721
1593 41.97 30.761 7.724
1594 25.18 33.602 20.907
1595 25.18 16.235 30.517
1596 8.39 14.961 12.079
1597 8.39 1.796 25.395
1598 16.79 28.09 17.288
1599 16.79 41.248 39.206
1600 33.58 30.43 21.107
1601 16.79 35.755 23.388
1602 16.79 25.835 2.768
1603 33.58 1.495 31.645
1604 33.58 27.037 33.636
1605 16.79 16.948 19.884
1606 8.39 34.058 34.306
1607 33.58 42.693 33.274
1608 8.39 1.245 32.371
1609 33.58 0.776 37.807
1610 33.58 41.852 29.407
1611 41.97 29.576 18.916
1612 25.18 15.258 2.674
1613 41.97 33.225 27.184
1614 25.18 25.383 17.751
1615 8.39 27.646 42.226
1616 25.18 16.202 21.667
1617 33.58 25.07 33.633
1618 25.18 42.098 37.295
1619 16.79 40.584 34.373
1620 16.79 28.38 13.572
1621 16.79 4.193 12.827
1622 25.18 24.385 10.248
1623 41.97 32.595 4.505
1624 33.58 16.357 24.987
1625 25.18 16.34 19.648
1626 33.58 42.69 10.671
1627 25.18 21.131 25.145
1628 16.79 19.172 16.851
1629 41.97 40.504 13.815
1630 25.18 3.839 17.057
1631 16.79 8.798 17.813
1632 25.18 25.389 15.477
1633 41.97 33.311 0.803
1634 33.58 29.853 9.627
1635 33.58 27.313 27.453
1636 8.39 32.137 24.083
1637 16.79 39.993 33.055
1638 16.79 8.814 37.41
1639 8.39 22.846 18.217
1640 41.97 12.123 36.464
1641 41.97 36.092 18.72
1642 25.18 38.614 21.936
1643 41.97 18.12 15.305
1644 41.97 17.504 3.886
1645 16.79 31.472 31.362
1646 33.58 16.066 23.912
1647 33.58 17.07 35.485
1648 16.79 38.489 4.079
1649 8.39 34.878 41.59
1650 25.18 33.244 14.31
1651 25.18 31.345 7.273
1652 25.18 13.523 30.367
1653 25.18 18.679 40.886
1654 16.79 5.388 7.276
1655 41.97 1.736 19.954
1656 33.58 32.817 22.465
1657 33.58 26.755 37.461
1658 33.58 42.996 38.114
1659 8.39 32.897 31.81
1660 41.97 31.533 2.434
1661 16.79 10.576 20.657
1662 16.79 14.517 13.474
1663 16.79 2.618 12.014
1664 8.39 13.229 11.784
1665 25.18 29.063 15.309
1666 8.39 11.935 33.047
1667 8.39 16.587 17.624
1668 41.97 20.655 26.275
1669 33.58 13.107 4.714
1670 41.97 42.731 25.39
1671 25.18 40.119 21.347
1672 25.18 38.944 2.808
1673 25.18 19.982 43.6
1674 16.79 12.371 2.36
1675 8.39 1.651 28.717
1676 25.18 20.793 7.231
1677 8.39 39.017 29.552
1678 33.58 1.189 40.155
1679 8.39 22.69 28.502
1680 41.97 36.51 8.483
1681 16.79 6.862 32.277
1682 41.97 34.783 27.095
1683 25.18 41.678 38.321
1684 25.18 17.748 3.68
1685 8.39 40.918 21.143
1686 33.58 30.687 20.259
1687 16.79 20.012 11.805
1688 16.79 6.895 36.755
1689 33.58 12.163 21.93
1690 8.39 23.164 35.893
1691 25.18 29.425 22.035
1692 41.97 13.847 43.267
1693 25.18 33.164 8.191
1694 8.39 18.612 16.11
1695 25.18 22.083 32.084
1696 16.79 38.139 7.679
1697 41.97 41.924 5.839
1698 16.79 20.037 31.716
1699 41.97 13.244 28.729
1700 25.18 43.155 12.804
1701 41.97 29.084 18.05
1702 33.58 5.322 21.781
1703 8.39 2.929 38.61
1704 8.39 41.586 11.494
1705 16.79 40.198 12.199
1706 16.79 40.404 20.772
1707 16.79 7.056 37.289
1708 16.79 32.871 43.208
1709 8.39 42.813 15.376
1710 16.79 31.486 32.018
1711 41.97 1.55 39.759
1712 33.58 15.813 6.651
1713 41.97 8.541 4.482
1714 25.18 11.095 40.22
1715 8.39 29.087 42.683
1716 16.79 28.583 30.486
1717 16.79 28.282 10.182
1718 41.97 33.882 18.658
1719 33.58 13.845 13.279
1720 33.58 33.755 6.149
1721 16.79 25.967 26.443
1722 25.18 39.427 15.028
1723 41.97 18.572 5.051
1724 16.79 12.83 32.174
1725 16.79 29.147 15.478
1726 33.58 2.376 40.89
1727 16.79 35.17 19.351
1728 8.39 40.937 8.928
1729 25.18 24.52 29.965
1730 33.58 3.605 29.587
1731 41.97 14.911 33.028
1732 8.39 21.69 7.432
1733 8.39 36.588 35.042
1734 25.18 18.257 7.45
1735 16.79 12.425 26.361
1736 16.79 2.37 16.452
1737 8.39 33.34 19.076
1738 8.39 14.64 24.722
1739 33.58 42.778 32.383
1740 25.18 21.062 32.337
1741 33.58 19.549 1.712
1742 41.97 25.894 41.256
1743 16.79 41.638 34.703
1744 25.18 32.511 13.094
1745 16.79 12.613 14.153
1746 8.39 24.273 13.174
1747 16.79 28.069 16.604
1748 8.39 6.177 7.556
1749 25.18 4.008 38.762
1750 41.97 28.562 41.273
1751 25.18 25.973 19.148
1752 8.39 25.301 34.229
1753 8.39 23.091 14.188
1754 25.18 15.658 28.361
1755 33.58 8.288 28.225
1756 16.79 36.597 41.446
1757 41.97 20.775 18.004
1758 33.58 23.872 23.987
1759 25.18 34.04 43.199
1760 8.39 41.225 19.771
1761 16.79 10.332 9.664
1762 25.18 10.396 20.082
1763 16.79 32.642 35.038
1764 25.18 41.567 22.903
1765 8.39 5.205 43.643
1766 16.79 5.35 27.944
1767 33.58 43.674 22.949
1768 16.79 17.011 39.941
1769 25.18 36.595 10.638
1770 25.18 3.729 3.009
1771 25.18 38.963 14.28
1772 16.79 38.779 42.172
1773 16.79 29.499 11.566
1774 8.39 1.584 19.432
1775 8.39 43.586 4.164
1776 25.18 43.15 14.892
1777 41.97 31.177 38.956
1778 41.97 11.39 0.864
1779 33.58 19.417 17.709
1780 25.18 3.585 36.227
1781 16.79 10.737 7.975
1782 16.79 20.977 26.432
1783 16.79 25.456 3.672
1784 41.97 14.463 27.069
1785 16.79 17.516 7.332
1786 25.18 12.654 27.702
1787 25.18 10.953 37.712
1788 41.97 42.354 19.925
1789 33.58 41.111 7.76
1790 8.39 25.643 41.216
1791 33.58 10.916 16.648
1792 16.79 13.305 14.89
1793 16.79 24.677 23.893
1794 25.18 22.694 20.33
1795 8.39 11.472 34.85
1796 41.97 13.428 5.188
1797 25.18 6.516 28.667
1798 41.97 26.155 13.448
1799 8.39 3.429 30.335
1800 25.18 13.213 17.638
1801 16.79 32.76 2.44
1802 25.18 13.662 33.446
1803 16.79 3.557 40.636
1804 33.58 4.821 8.484
1805 25.18 31.266 9.052
1806 8.39 2.622 24.151
1807 25.18 25.022 40.649
1808 33.58 11.131 26.91
1809 16.79 23.238 41.906
1810 41.97 23.298 29.957
1811 16.79 6.099 11.878
1812 33.58 5.014 14.107
1813 8.39 3.833 32.255
1814 16.79 8.692 3.015
1815 25.18 42.328 35.935
1816 41.97 36.944 4.547
1817 41.97 43.729 13.465
1818 41.97 38.392 37.785
1819 16.79 27.947 34.266
1820 8.39 29.184 39.71
1821 25.18 33.463 1.927
1822 41.97 42.183 32.686
1823 16.79 40.088 36.7
1824 8.39 25.63 24.339
1825 25.18 5.135 4.708
1826 16.79 30.613 20.594
1827 8.39 41.895 33.65
1828 8.39 22.549 6.765
1829 25.18 0.504 37.029
1830 25.18 35.918 12.636
1831 33.58 17.363 29.838
1832 33.58 40.046 41.417
1833 8.39 16.132 19.077
1834 16.79 26.466 21.414
1835 8.39 4.322 21.224
1836 33.58 41.052 13.92
1837 33.58 10.686 33.025
1838 8.39 42.193 12.38
1839 33.58 19.449 42.533
1840 33.58 40.038 10.665
1841 41.97 43.081 35.42
1842 41.97 5.194 2.772
1843 16.79 41.901 21.44
1844 41.97 29.418 31.581
1845 16.79 40.168 12.551
1846 33.58 20.06 10.798
1847 33.58 20.5 36.697
1848 16.79 13.897 19.506
1849 41.97 18.684 31.6
1850 25.18 28.101 42.137
1851 33.58 1.223 0.727
1852 16.79 27.539 17.041
1853 33.58 15.921 39.783
1854 33.58 24.309 25.472
1855 16.79 31.941 13.753
1856 16.79 5.406 35.693
1857 33.58 3.254 14.604
1858 8.39 42.778 19.388
1859 25.18 15.677 15.519
1860 25.18 24.455 31.539
1861 33.58 16.125 19.384
1862 16.79 12.439 38.971
1863 25.18 6.253 37.102
1864 16.79 34.065 37.665
1865 33.58 15.794 4.77
1866 41.97 20.022 43.786
1867 41.97 27.012 31.805
1868 8.39 17.708 6.811
1869 41.97 4.549 43.277
1870 25.18 39.909 31.792
1871 41.97 13.124 11.182
1872 8.39 40.775 28.615
1873 33.58 6.964 41.255
1874 8.39 31.419 8.432
1875 33.58 1.972 9.482
1876 33.58 18.173 35.828
1877 25.18 35.966 7.241
1878 41.97 24.744 15.871
1879 8.39 39.886 32.2
1880 16.79 7.42 32.768
1881 25.18 39.548 22.819
1882 8.39 35.625 2.259
1883 41.97 9.822 24.422
1884 41.97 3.296 31.853
1885 33.58 38.345 29.367
1886 16.79 24.293 10.026
1887 25.18 35.823 8.2
1888 41.97 24.277 42.562
1889 16.79 43.692 10.051
1890 25.18 21.007 29.121
1891 25.18 32.252 14.153
1892 16.79 42.76 10.934
1893 25.18 18.014 12.323
1894 8.39 39.881 1.197
1895 33.58 33.514 8.381
1896 8.39 29.157 24.108
1897 8.39 26.579 41.698
1898 16.79 37.949 42.956
1899 25.18 1.601 31.318
1900 33.58 9.358 25.754
1901 25.18 11.88 42.881
1902 25.18 0.896 41.21
1903 33.58 11.142 3.342
1904 8.39 38.821 21.65
1905 41.97 6.849 17.239
1906 16.79 2.171 21.329
1907 25.18 26.551 15.609
1908 16.79 30.821 23.212
1909 8.39 29.171 24.061
1910 25.18 42.836 37.737
1911 25.18 19.263 35.171
1912 16.79 16.865 18.837
1913 41.97 9.007 17.046
1914 41.97 34.32 30.168
1915 25.18 4.615 8.574
1916 33.58 13.493 19.271
1917 16.79 17.82 11.933
1918 16.79 35.133 15.229
1919 8.39 43.624 14.026
1920 16.79 33.687 10.499
1921 25.18 25.271 31.95
1922 16.79 41.163 43.11
1923 41.97 32.675 9.556
1924 41.97 4.279 19.038
1925 41.97 20.313 18.599
1926 41.97 10.354 11.688
1927 41.97 2.362 37.592
1928 41.97 38.559 40.497
1929 33.58 14.515 21.027
1930 8.39 5.908 7.962
1931 16.79 29.173 26.54
1932 25.18 14.405 36.855
1933 33.58 3.256 3.221
1934 25.18 1.885 40.55
1935 8.39 6.0 14.374
1936 25.18 38.332 24.748
1937 25.18 22.1 38.949
1938 25.18 17.524 20.431
1939 8.39 28.79 27.687
1940 25.18 41.5 13.198
1941 25.18 16.775 16.711
1942 8.39 10.899 38.962
1943 41.97 2.675 40.552
1944 25.18 4.084 3.242
1945 33.58 35.045 38.645
1946 33.58 34.554 20.015
1947 33.58 12.838 31.955
1948 25.18 7.487 35.54
1949 25.18 4.522 41.878
1950 8.39 40.673 1.165
1951 33.58 5.663 37.468
1952 33.58 6.077 14.22
1953 25.18 24.191 31.937
1954 8.39 35.591 29.613
1955 8.39 13.979 24.819
1956 25.18 21.664 17.03
1957 33.58 10.638 4.817
1958 8.39 13.916 32.561
1959 41.97 5.363 28.174
1960 16.79 13.48 2.346
1961 41.97 7.225 16.16
1962 16.79 33.455 1.641
1963 33.58 30.203 15.811
1964 16.79 35.156 40.323
1965 8.39 1.741 31.346
1966 8.39 13.865 11.346
1967 41.97 0.844 23.463
1968 33.58 5.821 20.107
1969 16.79 43.021 26.432
1970 41.97 11.318 28.835
1971 25.18 17.601 28.708
1972 16.79 42.285 5.31
1973 16.79 23.809 5.906
1974 33.58 28.48 9.68
1975 8.39 9.754 10.314
1976 41.97 9.824 23.86
1977 16.79 19.838 35.832
1978 8.39 40.694 3.37
1979 25.18 35.341 41.84
1980 8.39 14.324 40.144
1981 25.18 12.492 28.824
1982 33.58 36.529 34.531
1983 33.58 5.865 23.846
1984 25.18 31.927 39.133
1985 41.97 13.006 10.532
1986 41.97 32.094 11.879
1987 33.58 26.108 37.038
1988 25.18 3.979 40.644
1989 33.58 2.894 28.213
1990 16.79 29.034 17.052
1991 25.18 42.0 41.746
1992 8.39 10.854 19.665
1993 16.79 2.522 28.877
1994 41.97 23.535 41.119
1995 16.79 34.29 1.217
1996 16.79 42.272 3.799
1997 33.58 9.913 29.765
1998 8.39 27.618 6.566
1999 41.97 17.933 43.11
2000 16.79 19.094 34.19
2001 16.79 30.502 31.214
2002 33.58 30.473 16.844
2003 41.97 3.325 9.79
2004 25.18 24.448 21.087
2005 16.79 31.97 34.358
2006 8.39 3.495 2.27
2007 8.39 29.879 3.294
2008 16.79 35.971 9.755
2009 25.18 2.277 34.52
2010 16.79 19.358 32.305
2011 41.97 18.865 36.706
2012 41.97 32.581 11.039
2013 41.97 26.479 18.932
2014 33.58 40.564 29.042
2015 8.39 42.581 17.279
2016 41.97 23.27 17.839
2017 8.39 5.699 4.748
2018 41.97 27.406 41.593
2019 25.18 34.034 25.816
2020 16.79 11.538 43.605
2021 8.39 28.419 33.462
2022 41.97 41.267 7.153
2023 41.97 12.104 37.828
2024 25.18 6.088 30.828
2025 16.79 4.709 13.288
2026 25.18 13.254 17.002
2027 8.39 42.388 8.939
2028 16.79 34.039 19.551
2029 33.58 34.209 23.231
2030 41.97 10.953 18.409
2031 41.97 34.817 23.581
2032 16.79 20.787 1.661
2033 25.18 34.589 19.777
2034 16.79 1.998 5.611
2035 33.58 43.04 7.03
2036 8.39 18.181 4.586
2037 8.39 5.091 14.787
2038 16.79 39.441 32.031
2039 25.18 4.839 19.036
2040 25.18 9.954 26.87
2041 8.39 22.885 9.836
2042 8.39 28.037 4.036
2043 41.97 14.386 25.384
2044 25.18 29.687 6.366
2045 25.18 21.623 4.36
2046 33.58 19.664 10.453
2047 8.39 8.482 0.895
2048 16.79 28.279 36.042
2049 16.79 25.977 27.217
2050 33.58 30.698 29.771
2051 8.39 35.34 6.363
2052 8.39 4.129 7.193
2053 25.18 39.842 7.415
2054 8.39 19.486 40.946
2055 41.97 34.885 19.851
2056 41.97 38.556 23.887
2057 8.39 36.182 33.336
2058 25.18 3.656 42.21
2059 8.39 40.877 22.007
2060 25.18 39.446 36.641
2061 41.97 4.083 2.783
2062 25.18 21.423 18.698
2063 25.18 16.974 15.435
2064 33.58 3.015 9.859
2065 16.79 10.003 42.544
2066 33.58 25.942 7.356
2067 33.58 32.087 39.708
2068 8.39 41.074 42.733
2069 25.18 9.327 16.814
2070 16.79 39.038 18.276
2071 41.97 26.976 18.061
2072 8.39 12.767 11.687
2073 41.97 21.349 29.386
2074 41.97 32.423 28.134
2075 33.58 26.521 39.025
2076 8.39 40.969 26.147
2077 16.79 35.881 7.628
2078 33.58 15.549 5.398
2079 25.18 22.901 34.803
2080 16.79 21.538 26.328
2081 8.39 12.219 21.319
2082 16.79 14.07 12.274
2083 41.97 0.959 39.876
2084 33.58 18.132 10.381
2085 16.79 20.087 27.368
2086 41.97 41.931 29.667
2087 16.79 37.862 20.814
2088 8.39 26.37 18.995
2089 33.58 22.955 9.864
2090 25.18 41.586 18.543
2091 25.18 10.333 36.731
2092 16.79 22.914 1.067
2093 41.97 9.914 17.868
2094 33.58 32.938 34.62
2095 16.79 40.87 37.059
2096 41.97 9.091 31.901
2097 25.18 13.6 32.701
2098 16.79 43.556 36.634
2099 8.39 31.962 41.381
2100 33.58 21.271 26.25
2101 33.58 14.956 6.361
2102 8.39 0.386 11.22
2103 16.79 39.502 34.718
2104 16.79 18.004 10.555
2105 25.18 38.358 11.087
2106 8.39 20.227 10.681
2107 41.97 39.97 26.377
2108 33.58 12.107 41.469
2109 8.39 31.125 9.033
2110 25.18 28.498 5.7
2111 25.18 42.163 11.274
2112 41.97 42.989 25.235
2113 8.39 14.848 11.294
2114 25.18 14.992 3.349
2115 25.18 35.63 4.838
2116 8.39 20.575 43.249
2117 33.58 2.314 39.761
2118 25.18 10.866 2.305
2119 33.58 41.67 19.317
2120 8.39 17.936 23.723
2121 25.18 43.239 25.33
2122 16.79 13.094 5.999
2123 16.79 20.126 39.618
2124 16.79 8.297 22.943
2125 25.18 41.21 9.281
2126 16.79 35.754 25.092
2127 16.79 28.603 43.383
2128 25.18 4.015 10.348
2129 41.97 32.074 16.841
2130 33.58 30.974 31.431
2131 16.79 16.034 25.538
2132 25.18 12.936 26.798
2133 16.79 5.123 39.892
2134 16.79 7.319 4.924
2135 25.18 23.067 22.629
2136 16.79 7.352 5.792
2137 16.79 40.854 30.069
2138 16.79 16.525 8.444
2139 41.97 28.029 4.808
2140 25.18 35.032 32.3
2141 33.58 16.328 4.793
2142 33.58 34.574 21.231
2143 33.58 21.191 2.034
2144 41.97 10.711 36.947
2145 8.39 0.669 2.653
2146 16.79 34.607 3.466
2147 33.58 34.167 15.164
2148 33.58 34.115 6.614
2149 33.58 12.401 24.646
2150 8.39 16.01 28.572
2151 33.58 29.56 27.55
2152 25.18 26.48 7.279
2153 8.39 43.061 36.684
2154 41.97 14.66 19.54
2155 8.39 32.593 31.938
2156 33.58 13.849 37.654
2157 41.97 9.461 11.878
2158 41.97 4.587 32.071
2159 41.97 35.902 40.99
2160 33.58 32.913 15.252
2161 16.79 39.235 22.947
2162 41.97 28.578 23.849
2163 8.39 30.607 38.917
2164 16.79 7.379 31.228
2165 41.97 4.202 28.181
2166 16.79 30.194 7.094
2167 25.18 39.38 33.508
2168 16.79 13.435 8.22
2169 25.18 21.521 9.881
2170 33.58 6.667 30.643
2171 33.58 40.825 19.735
2172 8.39 39.833 7.226
2173 25.18 34.523 30.091
2174 41.97 12.033 4.866
2175 41.97 39.906 21.977
2176 8.39 17.291 8.54
2177 33.58 7.306 7.234
2178 8.39 39.239 10.829
2179 25.18 27.745 36.549
2180 8.39 20.258 13.469
2181 33.58 40.554 8.432
2182 8.39 28.952 28.694
2183 16.79 20.941 13.409
2184 25.18 12.061 37.823
2185 16.79 4.111 5.732
2186 25.18 37.226 40.531
2187 25.18 11.46 26.412
2188 8.39 2.799 27.402
2189 33.58 41.432 32.591
2190 25.18 3.702 31.59
2191 8.39 5.05 15.598
2192 16.79 20.578 41.924
2193 33.58 41.398 31.044
2194 8.39 35.513 15.784
2195 33.58 21.675 43.391
2196 25.18 25.41 36.003
2197 41.97 41.591 16.203
2198 16.79 3.505 27.296
2199 41.97 40.204 5.686
2200 41.97 37.222 19.281
2201 8.39 18.994 2.367
2202 8.39 19.662 34.177
2203 8.39 34.492 43.46
2204 8.39 17.708 29.56
2205 41.97 7.021 31.622
2206 8.39 2.633 43.516
2207 33.58 29.428 32.373
2208 33.58 20.462 8.382
2209 41.97 30.245 13.716
2210 33.58 15.447 22.867
2211 33.58 31.977 33.563
2212 8.39 12.535 15.688
2213 8.39 30.461 30.059
2214 33.58 30.078 40.779
2215 33.58 33.574 25.641
2216 41.97 22.717 23.364
2217 33.58 34.658 37.796
2218 25.18 31.528 15.882
2219 8.39 13.321 17.822
2220 8.39 31.868 11.443
2221 41.97 25.621 6.403
2222 16.79 21.51 22.44
2223 25.18 42.368 38.095
2224 8.39 6.363 2.149
2225 8.39 5.163 40.086
2226 16.79 23.987 8.402
2227 16.79 36.337 5.656
2228 33.58 33.213 13.215
2229 41.97 38.721 34.961
2230 8.39 18.766 21.255
2231 41.97 30.945 29.526
2232 8.39 10.141 1.482
2233 33.58 4.752 28.336
2234 8.39 40.015 42.336
2235 25.18 40.141 3.56
2236 8.39 1.879 37.141
2237 41.97 20.703 2.517
2238 16.79 21.349 42.505
2239 25.18 3.708 26.644
2240 8.39 24.701 24.258
2241 16.79 28.3 17.688
2242 16.79 20.504 9.881
2243 33.58 43.567 41.541
2244 41.97 24.223 17.686
2245 16.79 37.545 37.866
2246 8.39 35.758 41.637
2247 25.18 24.134 39.266
2248 8.39 28.112 20.522
2249 41.97 9.54 29.453
2250 25.18 6.642 18.96
2251 25.18 38.916 43.189
2252 41.97 12.774 13.166
2253 16.79 1.738 11.804
2254 41.97 31.654 4.394
2255 8.39 27.613 27.118
2256 8.39 10.719 15.477
2257 33.58 8.538 42.543
2258 25.18 30.886 33.007
2259 25.18 15.869 39.901
2260 41.97 16.348 21.29
2261 25.18 4.876 10.425
2262 41.97 18.917 21.424
2263 16.79 36.5 10.437
2264 8.39 8.174 16.318
2265 41.97 42.571 26.987
2266 33.58 28.044 8.234
2267 16.79 42.059 31.383
2268 25.18 12.135 38.745
2269 33.58 29.652 38.754
2270 33.58 38.64 0.307
2271 8.39 15.71 24.391
2272 8.39 22.241 37.118
2273 41.97 41.193 34.747
2274 25.18 35.786 10.726
2275 16.79 3.342 34.659
2276 8.39 37.293 3.212
2277 33.58 37.286 14.032
2278 8.39 1.662 9.078
2279 33.58 14.06 12.113
2280 25.18 35.982 18.641
2281 41.97 40.577 2.768
2282 8.39 17.785 37.662
2283 16.79 36.971 39.738
2284 8.39 32.183 29.126
2285 41.97 6.37 21.484
2286 41.97 22.364 36.158
2287 33.58 24.959 10.256
2288 33.58 36.62 36.245
2289 8.39 16.035 32.895
2290 25.18 33.501 11.385
2291 33.58 14.703 6.95
2292 41.97 10.505 31.049
2293 8.39 32.949 11.977
2294 41.97 17.387 28.319
2295 8.39 30.969 34.548
2296 16.79 1.386 21.061
2297 8.39 36.78 12.357
2298 16.79 35.748 34.895
2299 16.79 0.568 5.411
2300 8.39 36.156 30.235
2301 33.58 26.0 38.081
2302 16.79 19.194 2.487
2303 25.18 8.335 43.666
2304 8.39 3.393 17.716
2305 33.58 13.501 31.968
2306 8.39 30.264 30.358
2307 16.79 5.721 29.277
2308 8.39 12.518 11.346
2309 25.18 5.121 21.125
2310 8.39 23.899 14.726
2311 16.79 40.379 8.975
2312 16.79 17.348 9.243
2313 16.79 39.611 35.715
2314 25.18 41.139 39.65
2315 33.58 35.116 40.319
2316 8.39 28.712 36.623
2317 16.79 3.124 36.597
2318 16.79 30.176 29.083
2319 16.79 17.988 9.981
2320 16.79 42.123 17.572
2321 8.39 30.992 16.295
2322 16.79 12.908 3.121
2323 25.18 11.187 9.667
2324 16.79 33.296 4.821
2325 41.97 9.894 26.408
2326 16.79 5.226 29.612
2327 8.39 37.78 11.915
2328 33.58 27.637 40.235
2329 16.79 37.908 40.894
2330 25.18 22.215 17.054
2331 8.39 21.981 20.731
2332 33.58 4.194 7.096
2333 8.39 17.284 41.198
2334 16.79 10.146 24.13
2335 41.97 4.414 39.02
2336 33.58 36.626 7.53
2337 8.39 20.554 4.177
2338 8.39 8.431 14.923
2339 8.39 32.326 42.446
2340 8.39 15.751 37.85
2341 25.18 33.788 40.957
2342 8.39 16.057 18.68
2343 33.58 34.519 26.811
2344 16.79 8.469 38.432
2345 16.79 22.674 34.828
2346 8.39 16.222 40.587
2347 8.39 40.281 39.085
2348 25.18 33.343 34.76
2349 41.97 42.113 33.094
2350 33.58 20.171 40.111
2351 41.97 14.996 26.074
2352 8.39 15.254 33.674
2353 33.58 41.684 42.904
2354 41.97 33.847 7.317
2355 8.39 4.128 30.031
2356 33.58 43.189 29.361
2357 25.18 11.635 15.057
2358 41.97 26.251 1.163
2359 33.58 37.346 6.21
2360 25.18 20.124 21.44
2361 8.39 33.601 17.476
2362 8.39 33.058 2.977
2363 33.58 30.673 29.17
2364 41.97 36.118 25.938
2365 8.39 40.136 20.253
2366 25.18 35.963 42.262
2367 8.39 2.019 27.489
2368 33.58 10.692 19.846
2369 33.58 9.432 41.64
2370 8.39 40.497 35.493
2371 25.18 35.668 11.258
2372 16.79 28.941 29.818
2373 25.18 18.626 20.372
2374 16.79 6.717 34.729
2375 25.18 40.862 2.73
2376 41.97 21.939 9.339
2377 33.58 36.777 18.37
2378 8.39 0.437 35.02
2379 41.97 36.464 14.248
2380 16.79 15.931 27.415
2381 8.39 21.698 23.756
2382 41.97 30.629 7.179
2383 41.97 29.553 33.455
2384 16.79 31.5 41.864
2385 8.39 43.044 12.601
2386 16.79 7.25 40.532
2387 41.97 10.983 0.666
2388 16.79 2.418 42.233
2389 25.18 10.903 10.122
2390 16.79 0.237 30.788
2391 8.39 42.31 13.195
2392 41.97 20.297 41.262
2393 33.58 32.205 26.815
2394 33.58 13.43 43.041
2395 41.97 20.507 43.183
2396 8.39 13.528 28.354
2397 33.58 16.362 16.679
2398 33.58 23.597 8.384
2399 8.39 20.912 20.727
2400 41.97 5.76 8.447
2401 8.39 29.12 43.016
2402 16.79 36.127 20.206
2403 8.39 31.274 41.558
2404 41.97 32.069 15.331
2405 25.18 19.083 36.194
2406 33.58 23.943 29.544
2407 33.58 10.733 9.524
2408 8.39 38.918 12.87
2409 41.97 39.292 4.813
2410 8.39 25.264 10.76
2411 25.18 19.905 6.101
2412 25.18 0.572 22.52
2413 25.18 6.21 31.663
2414 16.79 37.169 43.631
2415 41.97 2.066 32.368
2416 41.97 34.68 6.021
2417 33.58 9.894 15.947
2418 16.79 35.094 9.742
2419 41.97 29.248 42.012
2420 41.97 6.974 3.608
2421 8.39 19.546 43.016
2422 25.18 2.951 24.238
2423 25.18 4.324 2.852
2424 8.39 40.215 0.824
2425 41.97 10.623 30.715
2426 8.39 35.385 37.711
2427 41.97 4.196 6.132
2428 16.79 40.178 24.034
2429 25.18 3.501 12.577
2430 33.58 1.71 42.763
2431 33.58 13.167 24.757
2432 8.39 5.894 10.389
2433 16.79 11.214 31.516
2434 41.97 23.216 39.671
2435 25.18 16.848 13.937
2436 16.79 36.412 15.818
2437 41.97 34.494 16.483
2438 25.18 35.014 41.586
2439 8.39 22.418 14.841
2440 41.97 4.197 41.558
2441 16.79 4.678 25.752
2442 41.97 33.222 12.48
2443 8.39 1.13 38.664
2444 16.79 13.08 3.638
2445 25.18 41.056 1.803
2446 41.97 42.73 38.145
2447 16.79 18.383 26.444
2448 8.39 10.415 16.846
2449 41.97 5.883 4.991
2450 25.18 4.422 21.096
2451 16.79 27.938 11.13
2452 16.79 20.817 39.227
2453 41.97 13.885 31.792
2454 25.18 41.769 43.692
2455 33.58 23.707 24.565
2456 25.18 41.673 10.504
2457 16.79 36.452 9.294
2458 33.58 9.4 9.607
2459 33.58 22.548 38.844
2460 16.79 22.505 5.648
2461 33.58 29.831 17.438
2462 33.58 19.688 31.995
2463 25.18 16.335 25.983
2464 25.18 41.682 28.341
2465 33.58 21.606 19.503
2466 16.79 33.257 2.649
2467 41.97 43.267 6.527
2468 33.58 20.469 22.495
2469 33.58 36.473 20.509
2470 41.97 19.573 41.311
2471 33.58 24.291 24.007
2472 25.18 12.861 13.096
2473 8.39 19.756 20.83
2474 41.97 8.932 27.78
2475 33.58 33.272 35.554
2476 41.97 18.782 42.0
2477 25.18 16.988 16.651
2478 8.39 1.553 41.287
2479 41.97 26.935 18.795
2480 16.79 2.591 37.085
2481 16.79 38.36 13.067
2482 33.58 18.746 31.01
2483 16.79 12.163 30.765
2484 33.58 16.937 5.223
2485 41.97 6.374 14.91
2486 16.79 2.227 1.244
2487 8.39 42.249 26.708
2488 33.58 34.538 35.468
2489 33.58 31.653 16.441
2490 33.58 42.383 10.341
2491 25.18 13.23 34.783
2492 16.79 4.643 37.914
2493 41.97 13.85 19.281
2494 8.39 22.857 12.423
2495 33.58 4.878 37.316
2496 16.79 11.604 24.786
2497 33.58 18.611 37.441
2498 41.97 20.386 4.166
2499 8.39 2.964 15.038
2500 33.58 33.456 42.567
2501 8.39 21.396 30.438
2502 33.58 9.354 32.567
2503 8.39 4.472 18.915
2504 41.97 19.477 41.912
2505 8.39 11.625 1.446
2506 8.39 38.774 35.629
2507 25.18 6.405 0.457
2508 25.18 6.83 1.164
2509 16.79 12.961 27.086
2510 41.97 10.663 8.753
2511 8.39 12.356 32.287
2512 33.58 12.344 11.471
2513 41.97 9.098 25.875
2514 16.79 12.325 16.191
2515 33.58 22.175 9.766
2516 33.58 26.083 18.622
2517 33.58 5.209 17.951
2518 41.97 16.994 24.608
2519 25.18 17.131 18.881
2520 8.39 20.739 4.05
2521 33.58 7.809 43.316
2522 8.39 36.433 31.39
2523 41.97 29.34 23.671
2524 8.39 15.336 5.123
2525 25.18 7.707 9.655
2526 41.97 9.626 30.511
2527 41.97 4.161 28.35
2528 41.97 9.42 22.034
2529 8.39 24.813 37.868
2530 8.39 1.471 6.76
2531 33.58 33.224 22.117
2532 33.58 29.789 20.677
2533 33.58 8.626 43.763
2534 16.79 37.671 2.865
2535 33.58 5.594 34.429
2536 8.39 8.804 9.116
2537 25.18 5.475 9.545
2538 16.79 41.345 27.539
2539 8.39 6.138 36.28
2540 33.58 5.685 31.159
2541 33.58 11.267 22.291
2542 8.39 42.186 37.29
2543 41.97 34.856 27.724
2544 25.18 36.391 37.324
2545 33.58 12.389 37.032
2546 33.58 40.956 12.449
2547 25.18 18.195 5.829
2548 16.79 11.75 7.64
2549 25.18 41.592 38.241
2550 8.39 14.861 29.086
2551 33.58 0.49 6.092
2552 33.58 10.759 40.398
2553 33.58 32.739 29.528
2554 16.79 32.573 40.459
2555 25.18 7.433 6.233
2556 16.79 19.81 40.683
2557 25.18 30.707 17.51
2558 25.18 30.419 31.33
2559 33.58 9.162 35.949
2560 33.58 9.826 32.553
2561 25.18 19.334 38.64
2562 41.97 25.922 3.554
2563 25.18 10.96 43.681
2564 8.39 29.069 29.225
2565 25.18 1.72 31.4
2566 33.58 1.532 43.722
2567 16.79 33.93 0.255
2568 25.18 8.426 26.716
2569 41.97 32.898 8.975
2570 25.18 30.306 35.359
2571 8.39 41.976 3.797
2572 16.79 27.492 5.41
2573 8.39 35.432 2.433
2574 33.58 9.25 11.773
2575 25.18 6.474 14.858
2576 25.18 31.892 25.823
2577 41.97 34.474 18.746
2578 8.39 28.325 25.803
2579 25.18 29.627 37.477
2580 33.58 29.265 19.598
2581 8.39 20.206 11.795
2582 33.58 7.642 14.476
2583 33.58 38.413 15.157
2584 33.58 1.45 7.945
2585 8.39 0.808 6.322
2586 41.97 35.95 25.639
2587 16.79 41.188 16.252
2588 33.58 32.616 2.014
2589 25.18 32.976 43.158
2590 33.58 42.2 14.627
2591 41.97 1.694 42.865
2592 33.58 36.535 12.651
2593 25.18 7.415 13.834
2594 41.97 32.413 37.231
2595 41.97 39.583 8.771
2596 25.18 4.71 0.914
2597 16.79 23.132 35.675
2598 16.79 35.513 2.241
2599 8.39 38.638 22.719
2600 16.79 4.253 7.35
2601 41.97 38.739 2.312
2602 41.97 19.881 1.415
2603 8.39 34.813 30.948
2604 33.58 33.227 29.773
2605 33.58 14.958 26.358
2606 41.97 22.565 31.152
2607 25.18 25.321 20.102
2608 16.79 31.093 19.644
2609 25.18 31.567 9.328
2610 8.39 30.277 10.223
2611 41.97 17.707 36.962
2612 16.79 9.063 10.103
2613 25.18 33.747 38.949
2614 8.39 13.806 8.535
2615 41.97 14.656 14.479
2616 8.39 41.778 36.405
2617 33.58 27.626 12.897
2618 25.18 24.59 41.13
2619 33.58 4.275 12.376
2620 25.18 32.788 29.875
2621 16.79 38.155 39.723
2622 25.18 17.432 35.401
2623 41.97 28.824 23.367
2624 16.79 30.613 1.081
2625 16.79 9.508 17.642
2626 33.58 2.36 24.888
2627 33.58 30.98 18.307
2628 41.97 43.484 17.4
2629 41.97 16.886 18.665
2630 25.18 17.864 15.071
2631 25.18 13.964 5.565
2632 25.18 40.704 23.875
2633 8.39 30.842 25.709
2634 41.97 22.439 1.966
2635 41.97 43.257 19.885
2636 33.58 42.97 4.752
2637 8.39 23.795 25.217
2638 41.97 7.215 9.085
2639 16.79 25.24 16.323
2640 25.18 15.159 12.392
2641 16.79 36.293 11.577
2642 16.79 23.98 41.373
2643 16.79 36.89 3.307
2644 16.79 41.675 1.345
2645 33.58 29.875 16.348
2646 25.18 40.69 4.7
2647 8.39 12.546 18.153
2648 25.18 11.037 1.655
2649 25.18 16.225 31.85
2650 41.97 27.567 36.623
2651 41.97 28.725 15.174
2652 25.18 36.603 43.231
2653 25.18 32.914 21.543
2654 41.97 2.997 29.097
2655 25.18 25.062 27.626
2656 25.18 36.717 17.206
2657 41.97 23.589 26.762
2658 33.58 29.021 38.501
2659 8.39 0.646 10.762
2660 8.39 15.36 7.87
2661 16.79 21.364 1.287
2662 33.58 28.109 39.3
2663 16.79 14.456 19.392
2664 16.79 9.954 21.274
2665 16.79 42.992 29.835
2666 8.39 36.819 15.806
2667 8.39 8.994 35.455
2668 33.58 40.462 22.534
2669 25.18 37.181 30.063
2670 41.97 13.102 27.961
2671 25.18 21.588 3.971
2672 41.97 14.707 33.756
2673 33.58 4.331 30.777
2674 16.79 39.07 32.309
2675 41.97 29.816 22.596
2676 8.39 25.0 37.882
2677 25.18 0.687 29.172
2678 16.79 32.537 2.838
2679 8.39 18.245 5.185
2680 8.39 24.13 1.392
2681 8.39 23.91 32.875
2682 8.39 32.357 7.248
2683 8.39 8.398 13.082
2684 33.58 27.044 34.445
2685 33.58 5.421 33.565
2686 8.39 36.136 2.196
2687 16.79 16.544 12.143
2688 16.79 15.824 20.856
2689 41.97 30.841 29.165
2690 16.79 1.944 26.034
2691 16.79 30.993 23.843
2692 8.39 35.413 31.789
2693 8.39 24.091 32.96
2694 33.58 12.551 11.125
2695 8.39 3.396 30.02
2696 41.97 1.108 14.266
2697 41.97 33.491 1.268
2698 8.39 11.096 13.216
2699 25.18 30.828 17.174
2700 25.18 29.927 35.044
2701 8.39 13.526 34.981
2702 16.79 26.517 0.821
2703 16.79 23.732 25.906
2704 41.97 35.371 30.572
2705 33.58 17.673 28.812
2706 8.39 36.884 14.448
2707 33.58 41.843 41.014
2708 41.97 32.949 22.179
2709 33.58 12.151 40.146
2710 33.58 34.777 28.028
2711 25.18 39.414 27.632
2712 16.79 24.632 21.816
2713 41.97 21.756 31.086
2714 25.18 39.282 3.182
2715 8.39 32.079 24.094
2716 41.97 4.38 1.01
2717 16.79 33.647 13.817
2718 8.39 10.707 24.685
2719 16.79 34.789 38.06
2720 33.58 27.767 17.064
2721 8.39 9.074 3.369
2722 33.58 38.094 29.182
2723 16.79 34.924 1.108
2724 41.97 23.394 27.268
2725 16.79 31.153 41.258
2726 8.39 40.251 2.233
2727 41.97 6.68 24.277
2728 16.79 12.295 31.739
2729 33.58 9.257 8.385
2730 41.97 8.574 26.598
2731 16.79 8.069 12.766
2732 41.97 24.999 3.294
2733 41.97 26.227 34.859
2734 25.18 38.181 39.589
2735 16.79 38.119 5.005
2736 25.18 38.99 8.421
2737 33.58 20.514 4.39
2738 16.79 2.706 20.591
2739 33.58 20.172 3.209
2740 8.39 4.408 38.855
2741 16.79 15.416 17.185
2742 41.97 25.013 34.428
2743 8.39 13.693 33.35
2744 8.39 7.403 1.132
2745 8.39 13.499 8.959
2746 25.18 34.374 37.231
2747 41.97 21.277 41.068
2748 16.79 13.417 22.34
2749 41.97 38.464 15.171
2750 41.97 38.522 7.268
2751 16.79 25.444 27.618
2752 8.39 9.223 23.038
2753 41.97 22.726 38.551
2754 8.39 24.574 10.607
2755 25.18 25.987 25.608
2756 41.97 26.189 8.721
2757 8.39 37.945 38.757
2758 41.97 16.06 26.007
2759 33.58 38.733 41.315
2760 25.18 42.717 34.463
2761 8.39 36.718 3.08
2762 41.97 43.681 17.583
2763 8.39 1.951 20.844
2764 8.39 9.025 25.636
2765 16.79 0.424 29.52
2766 41.97 6.272 33.911
2767 8.39 18.828 38.843
2768 41.97 21.014 27.858
2769 25.18 7.531 35.076
2770 16.79 12.125 14.639
2771 8.39 21.115 7.472
2772 8.39 28.437 13.631
2773 41.97 22.047 22.823
2774 16.79 14.429 12.06
2775 25.18 27.037 1.063
2776 16.79 2.937 26.436
2777 25.18 22.051 0.283
2778 16.79 37.108 42.664
2779 33.58 18.826 25.299
2780 33.58 15.686 17.79
2781 8.39 27.29 3.246
2782 41.97 30.864 6.003
2783 8.39 11.583 5.087
2784 16.79 40.994 19.747
2785 8.39 16.156 41.09
2786 16.79 37.045 35.065
2787 41.97 26.132 42.605
2788 8.39 19.454 12.74
2789 16.79 39.375 35.618
2790 25.18 31.752 19.447
2791 8.39 27.406 24.302
2792 8.39 32.048 42.896
2793 16.79 24.675 24.177
2794 25.18 27.543 15.338
2795 8.39 20.726 23.925
2796 8.39 5.653 39.82
2797 41.97 0.986 14.763
2798 16.79 34.386 16.438
2799 41.97 38.679 24.213
2800 41.97 21.049 24.112
2801 16.79 18.992 27.899
2802 33.58 42.133 1.6
2803 16.79 5.774 14.896
2804 41.97 41.479 22.419
2805 8.39 24.273 26.724
2806 25.18 5.222 5.867
2807 8.39 43.545 29.523
2808 25.18 32.542 31.097
2809 41.97 18.629 17.036
2810 33.58 3.598 22.219
2811 25.18 18.577 18.7
2812 8.39 34.199 33.352
2813 41.97 28.541 31.176
2814 41.97 29.875 18.748
2815 33.58 10.702 0.942
2816 33.58 14.638 24.587
2817 33.58 21.496 32.2
2818 16.79 32.798 7.87
2819 8.39 17.885 26.155
2820 41.97 37.853 18.251
2821 41.97 24.44 29.793
2822 25.18 42.701 3.838
2823 33.58 1.555 24.581
2824 41.97 10.801 5.354
2825 41.97 22.413 18.888
2826 16.79 11.027 1.486
2827 16.79 14.576 19.414
2828 25.18 22.407 39.447
2829 41.97 35.622 14.567
2830 25.18 24.95 17.148
2831 25.18 22.375 17.65
2832 25.18 29.697 32.806
2833 16.79 27.42 17.476
2834 16.79 39.62 14.135
2835 8.39 12.005 38.081
2836 41.97 43.574 41.285
2837 16.79 41.007 34.288
2838 8.39 39.939 9.343
2839 33.58 7.085 41.6
2840 16.79 22.908 34.691
2841 8.39 14.329 7.683
2842 16.79 37.677 23.368
2843 41.97 22.009 40.426
2844 8.39 33.446 2.5
2845 33.58 1.46 7.858
2846 41.97 40.58 13.573
2847 25.18 38.465 41.456
2848 8.39 2.807 35.704
2849 41.97 5.271 33.508
2850 16.79 10.373 39.709
2851 33.58 19.713 8.07
2852 33.58 34.032 23.908
2853 25.18 17.43 33.174
2854 41.97 26.861 4.407
2855 8.39 32.669 20.646
2856 25.18 12.121 10.451
2857 8.39 41.24 25.353
2858 41.97 11.183 4.019
2859 33.58 1.813 14.014
2860 33.58 41.358 28.789
2861 33.58 15.403 9.918
2862 16.79 37.415 2.286
2863 33.58 30.375 8.52
2864 25.18 30.976 16.468
2865 25.18 11.742 38.638
2866 8.39 15.916 43.757
2867 8.39 21.569 5.019
2868 25.18 21.159 6.227
2869 16.79 21.993 16.926
2870 16.79 21.142 40.726
2871 16.79 37.244 41.909
2872 33.58 25.289 21.864
2873 33.58 37.244 4.673
2874 16.79 5.225 38.157
2875 8.39 5.111 13.585
2876 41.97 21.615 6.79
2877 8.39 26.428 2.121
2878 25.18 36.588 16.626
2879 33.58 31.069 17.342
2880 25.18 41.021 27.421
2881 8.39 34.602 39.264
2882 41.97 15.025 12.684
2883 16.79 5.194 20.236
2884 16.79 11.881 2.508
2885 33.58 6.438 14.1
2886 33.58 7.937 17.453
2887 8.39 13.677 38.776
2888 8.39 40.362 1.461
2889 41.97 15.946 36.316
2890 8.39 43.436 31.035
2891 41.97 4.092 41.091
2892 8.39 2.002 27.743
2893 33.58 27.362 35.529
2894 25.18 27.291 43.25
2895 8.39 8.398 10.669
2896 25.18 8.678 38.244
2897 33.58 34.852 18.478
2898 25.18 6.617 5.393
2899 25.18 19.8 31.505
2900 25.18 22.815 21.516
2901 16.79 1.338 6.286
2902 41.97 26.716 35.227
2903 33.58 43.017 28.003
2904 33.58 9.364 11.038
