location subarea
1 3
2 65
3 105
4 59
5 119
6 17
7 99
8 108
9 22
10 31
11 89
12 7
13 24
14 119
15 23
16 9
17 47
18 108
19 88
20 116
21 60
22 72
23 22
24 85
25 84
26 67
27 116
28 77
29 88
30 37
31 26
32 47
33 118
34 76
35 106
36 25
37 72
38 37
39 15
40 14
41 28
42 107
43 2
44 66
45 57
46 17
47 47
48 89
49 53
50 99
51 82
52 49
53 120
54 81
55 18
56 81
57 60
58 82
59 116
60 118
61 24
62 111
63 107
64 114
65 69
66 54
67 13
68 93
69 87
70 84
71 98
72 41
73 44
74 109
75 92
76 5
77 34
78 101
79 15
80 62
81 94
82 55
83 58
84 41
85 27
86 60
87 26
88 103
89 32
90 46
91 45
92 71
93 87
94 88
95 26
96 65
97 14
98 46
99 16
100 67
101 17
102 121
103 34
104 110
105 43
106 99
107 33
108 56
109 16
110 3
111 43
112 34
113 15
114 1
115 51
116 99
117 98
118 64
119 100
120 53
121 96
122 63
123 11
124 51
125 75
126 69
127 38
128 31
129 84
130 53
131 11
132 79
133 97
134 87
135 103
136 64
137 45
138 47
139 45
140 58
141 98
142 34
143 2
144 51
145 54
146 80
147 32
148 47
149 19
150 90
151 86
152 32
153 1
154 88
155 57
156 54
157 4
158 35
159 53
160 117
161 52
162 19
163 21
164 115
165 26
166 53
167 107
168 97
169 14
170 83
171 98
172 116
173 90
174 84
175 93
176 76
177 5
178 53
179 79
180 18
181 19
182 76
183 18
184 79
185 81
186 58
187 35
188 7
189 7
190 2
191 75
192 69
193 29
194 69
195 24
196 106
197 59
198 46
199 17
200 24
201 108
202 34
203 41
204 89
205 103
206 94
207 108
208 76
209 39
210 19
211 18
212 120
213 76
214 109
215 92
216 111
217 95
218 108
219 111
220 50
221 65
222 30
223 88
224 55
225 83
226 71
227 39
228 46
229 40
230 59
231 29
232 66
233 21
234 41
235 67
236 16
237 99
238 10
239 16
240 31
241 73
242 7
243 23
244 49
245 70
246 11
247 73
248 52
249 101
250 111
251 5
252 16
253 40
254 87
255 25
256 13
257 8
258 83
259 63
260 81
261 35
262 71
263 65
264 30
265 25
266 21
267 3
268 62
269 48
270 53
271 119
272 62
273 84
274 98
275 101
276 33
277 73
278 108
279 111
280 32
281 90
282 110
283 31
284 120
285 102
286 22
287 13
288 109
289 25
290 56
291 16
292 18
293 95
294 93
295 85
296 112
297 7
298 59
299 27
300 94
301 39
302 112
303 68
304 21
305 103
306 90
307 79
308 88
309 110
310 111
311 81
312 57
313 42
314 107
315 42
316 110
317 3
318 56
319 52
320 73
321 6
322 61
323 29
324 66
325 51
326 35
327 92
328 51
329 16
330 57
331 59
332 40
333 75
334 119
335 86
336 12
337 101
338 39
339 78
340 71
341 30
342 100
343 106
344 60
345 90
346 101
347 4
348 106
349 112
350 90
351 38
352 116
353 71
354 86
355 120
356 95
357 21
358 92
359 63
360 1
361 75
362 70
363 105
364 82
365 103
366 89
367 96
368 3
369 37
370 40
371 111
372 105
373 32
374 25
375 91
376 103
377 46
378 18
379 88
380 38
381 72
382 28
383 81
384 37
385 53
386 59
387 107
388 30
389 66
390 119
391 14
392 101
393 26
394 27
395 103
396 11
397 56
398 91
399 57
400 82
401 102
402 58
403 89
404 92
405 36
406 78
407 85
408 102
409 46
410 78
411 75
412 68
413 87
414 82
415 54
416 43
417 110
418 81
419 97
420 106
421 92
422 49
423 16
424 28
425 3
426 65
427 17
428 28
429 79
430 83
431 44
432 78
433 62
434 55
435 63
436 73
437 12
438 52
439 63
440 95
441 47
442 105
443 84
444 8
445 108
446 87
447 58
448 16
449 110
450 46
451 58
452 36
453 81
454 116
455 15
456 18
457 99
458 67
459 119
460 85
461 33
462 68
463 4
464 50
465 60
466 118
467 50
468 96
469 84
470 99
471 45
472 20
473 99
474 17
475 66
476 8
477 16
478 113
479 72
480 118
481 41
482 7
483 120
484 3
485 108
486 11
487 18
488 19
489 80
490 100
491 93
492 99
493 74
494 9
495 29
496 86
497 69
498 43
499 94
500 5
501 67
502 42
503 10
504 40
505 19
506 92
507 104
508 47
509 89
510 52
511 87
512 108
513 60
514 109
515 8
516 75
517 40
518 15
519 2
520 86
521 25
522 102
523 89
524 17
525 102
526 12
527 16
528 99
529 4
530 29
531 38
532 94
533 41
534 111
535 56
536 120
537 40
538 11
539 67
540 56
541 78
542 17
543 59
544 13
545 101
546 93
547 62
548 64
549 43
550 54
551 78
552 72
553 42
554 7
555 20
556 40
557 43
558 85
559 64
560 76
561 43
562 92
563 42
564 84
565 69
566 114
567 58
568 7
569 82
570 12
571 37
572 102
573 111
574 20
575 116
576 65
577 64
578 102
579 16
580 82
581 52
582 10
583 2
584 96
585 85
586 80
587 91
588 43
589 22
590 105
591 56
592 69
593 22
594 81
595 35
596 21
597 3
598 102
599 115
600 43
601 73
602 46
603 82
604 44
605 7
606 116
607 9
608 112
609 37
610 1
611 80
612 4
613 93
614 105
615 101
616 26
617 105
618 111
619 118
620 27
621 106
622 102
623 88
624 46
625 66
626 102
627 11
628 11
629 62
630 13
631 91
632 82
633 115
634 106
635 81
636 32
637 80
638 13
639 107
640 61
641 38
642 17
643 44
644 89
645 50
646 61
647 101
648 43
649 108
650 80
651 93
652 100
653 81
654 115
655 33
656 83
657 104
658 91
659 57
660 84
661 16
662 101
663 54
664 95
665 108
666 24
667 63
668 79
669 12
670 16
671 11
672 16
673 12
674 105
675 73
676 73
677 82
678 40
679 106
680 36
681 101
682 15
683 90
684 52
685 35
686 81
687 26
688 69
689 38
690 84
691 43
692 97
693 112
694 77
695 2
696 31
697 70
698 24
699 33
700 37
701 104
702 88
703 26
704 69
705 76
706 40
707 72
708 37
709 87
710 113
711 50
712 8
713 43
714 68
715 16
716 85
717 66
718 39
719 101
720 86
721 26
722 67
723 42
724 118
725 99
726 88
727 92
728 69
729 95
730 41
731 69
732 77
733 47
734 52
735 89
736 43
737 48
738 67
739 109
740 111
741 79
742 61
743 70
744 55
745 107
746 56
747 37
748 73
749 96
750 38
751 120
752 113
753 106
754 86
755 7
756 104
757 114
758 72
759 36
760 25
761 45
762 5
763 57
764 49
765 28
766 27
767 3
768 18
769 26
770 111
771 22
772 32
773 99
774 52
775 46
776 106
777 97
778 75
779 54
780 26
781 107
782 81
783 74
784 84
785 113
786 107
787 96
788 31
789 80
790 110
791 90
792 119
793 110
794 77
795 74
796 7
797 82
798 110
799 94
800 105
801 111
802 89
803 22
804 53
805 38
806 17
807 97
808 87
809 41
810 94
811 53
812 40
813 46
814 111
815 120
816 16
817 101
818 27
819 34
820 25
821 62
822 101
823 8
824 13
825 20
826 58
827 49
828 16
829 8
830 110
831 118
832 42
833 116
834 28
835 57
836 31
837 115
838 100
839 44
840 66
841 113
842 83
843 118
844 39
845 82
846 20
847 41
848 107
849 107
850 96
851 9
852 10
853 120
854 73
855 11
856 17
857 98
858 72
859 116
860 118
861 8
862 34
863 73
864 16
865 83
866 7
867 61
868 40
869 109
870 12
871 109
872 22
873 103
874 106
875 86
876 73
877 60
878 7
879 75
880 34
881 95
882 11
883 53
884 94
885 4
886 101
887 15
888 36
889 83
890 110
891 56
892 95
893 58
894 63
895 76
896 64
897 35
898 18
899 16
900 119
901 32
902 109
903 44
904 116
905 110
906 111
907 73
908 113
909 47
910 55
911 73
912 119
913 36
914 95
915 38
916 8
917 5
918 118
919 6
920 91
921 52
922 43
923 16
924 64
925 107
926 110
927 61
928 59
929 2
930 81
931 60
932 77
933 71
934 4
935 65
936 9
937 48
938 121
939 57
940 14
941 56
942 17
943 2
944 98
945 49
946 90
947 5
948 63
949 103
950 14
951 20
952 119
953 118
954 46
955 90
956 39
957 101
958 61
959 12
960 97
961 54
962 118
963 6
964 87
965 20
966 91
967 98
968 14
969 78
970 17
971 48
972 108
973 108
974 97
975 73
976 79
977 5
978 39
979 19
980 30
981 32
982 74
983 10
984 24
985 108
986 28
987 117
988 12
989 105
990 72
991 68
992 39
993 47
994 6
995 110
996 115
997 82
998 62
999 89
1000 6
1001 19
1002 96
1003 16
1004 91
1005 116
1006 29
1007 99
1008 86
1009 84
1010 9
1011 54
1012 62
1013 24
1014 47
1015 117
1016 120
1017 41
1018 101
1019 86
1020 48
1021 48
1022 65
1023 35
1024 112
1025 19
1026 73
1027 39
1028 103
1029 11
1030 100
1031 101
1032 88
1033 83
1034 26
1035 6
1036 53
1037 16
1038 14
1039 41
1040 121
1041 11
1042 85
1043 52
1044 35
1045 75
1046 1
1047 45
1048 59
1049 51
1050 6
1051 89
1052 98
1053 99
1054 93
1055 30
1056 91
1057 70
1058 79
1059 114
1060 7
1061 113
1062 89
1063 52
1064 100
1065 50
1066 45
1067 9
1068 47
1069 121
1070 88
1071 75
1072 106
1073 67
1074 24
1075 31
1076 86
1077 4
1078 28
1079 80
1080 30
1081 105
1082 102
1083 111
1084 60
1085 72
1086 31
1087 68
1088 121
1089 45
1090 42
1091 33
1092 73
1093 101
1094 26
1095 90
1096 47
1097 90
1098 113
1099 18
1100 94
1101 25
1102 46
1103 23
1104 5
1105 79
1106 117
1107 1
1108 83
1109 49
1110 99
1111 105
1112 58
1113 81
1114 66
1115 119
1116 8
1117 69
1118 49
1119 113
1120 4
1121 117
1122 31
1123 45
1124 20
1125 29
1126 33
1127 11
1128 103
1129 14
1130 60
1131 89
1132 17
1133 17
1134 107
1135 104
1136 31
1137 93
1138 40
1139 89
1140 4
1141 48
1142 58
1143 62
1144 20
1145 2
1146 91
1147 30
1148 77
1149 18
1150 32
1151 56
1152 55
1153 26
1154 114
1155 28
1156 32
1157 1
1158 41
1159 66
1160 12
1161 18
1162 18
1163 50
1164 117
1165 33
1166 103
1167 87
1168 70
1169 1
1170 1
1171 22
1172 29
1173 21
1174 3
1175 67
1176 15
1177 51
1178 20
1179 89
1180 84
1181 98
1182 48
1183 60
1184 10
1185 113
1186 79
1187 82
1188 72
1189 117
1190 25
1191 119
1192 53
1193 51
1194 112
1195 28
1196 86
1197 8
1198 58
1199 28
1200 113
1201 90
1202 55
1203 83
1204 43
1205 42
1206 1
1207 114
1208 27
1209 15
1210 63
1211 73
1212 93
1213 79
1214 77
1215 85
1216 59
1217 26
1218 60
1219 69
1220 5
1221 21
1222 61
1223 40
1224 6
1225 63
1226 34
1227 39
1228 70
1229 81
1230 116
1231 95
1232 78
1233 38
1234 120
1235 95
1236 62
1237 73
1238 33
1239 118
1240 103
1241 90
1242 113
1243 81
1244 106
1245 33
1246 90
1247 81
1248 22
1249 28
1250 50
1251 104
1252 27
1253 80
1254 1
1255 33
1256 53
1257 119
1258 16
1259 11
1260 41
1261 86
1262 94
1263 64
1264 101
1265 66
1266 116
1267 6
1268 20
1269 118
1270 100
1271 96
1272 111
1273 80
1274 2
1275 12
1276 78
1277 51
1278 71
1279 83
1280 71
1281 46
1282 21
1283 67
1284 59
1285 79
1286 112
1287 52
1288 47
1289 58
1290 5
1291 35
1292 108
1293 83
1294 90
1295 29
1296 59
1297 24
1298 60
1299 46
1300 80
1301 47
1302 80
1303 17
1304 10
1305 4
1306 43
1307 20
1308 52
1309 70
1310 92
1311 40
1312 72
1313 73
1314 23
1315 71
1316 18
1317 102
1318 3
1319 2
1320 120
1321 36
1322 101
1323 114
1324 84
1325 3
1326 88
1327 10
1328 64
1329 16
1330 8
1331 112
1332 69
1333 17
1334 8
1335 25
1336 71
1337 87
1338 105
1339 120
1340 31
1341 21
1342 25
1343 11
1344 58
1345 57
1346 32
1347 54
1348 14
1349 115
1350 69
1351 121
1352 40
1353 100
1354 5
1355 12
1356 33
1357 108
1358 102
1359 40
1360 5
1361 57
1362 72
1363 115
1364 41
1365 23
1366 81
1367 15
1368 83
1369 39
1370 95
1371 18
1372 10
1373 22
1374 121
1375 116
1376 42
1377 16
1378 31
1379 119
1380 42
1381 47
1382 91
1383 111
1384 59
1385 118
1386 97
1387 92
1388 39
1389 8
1390 33
1391 30
1392 9
1393 114
1394 95
1395 14
1396 103
1397 4
1398 72
1399 69
1400 28
1401 95
1402 119
1403 31
1404 93
1405 88
1406 53
1407 103
1408 34
1409 44
1410 46
1411 57
1412 81
1413 17
1414 70
1415 10
1416 75
1417 9
1418 118
1419 10
1420 56
1421 13
1422 87
1423 96
1424 8
1425 96
1426 14
1427 20
1428 22
1429 70
1430 69
1431 41
1432 48
1433 3
1434 86
1435 83
1436 15
1437 85
1438 78
1439 52
1440 67
1441 47
1442 13
1443 114
1444 71
1445 76
1446 36
1447 109
1448 25
1449 105
1450 70
1451 63
1452 54
1453 25
1454 44
1455 42
1456 87
1457 82
1458 4
1459 15
1460 54
1461 47
1462 9
1463 57
1464 73
1465 31
1466 68
1467 12
1468 92
1469 83
1470 101
1471 39
1472 37
1473 97
1474 59
1475 86
1476 72
1477 85
1478 2
1479 23
1480 46
1481 113
1482 111
1483 60
1484 43
1485 19
1486 41
1487 118
1488 34
1489 66
1490 59
1491 52
1492 66
1493 81
1494 58
1495 77
1496 31
1497 94
1498 28
1499 98
1500 11
1501 67
1502 121
1503 50
1504 40
1505 41
1506 53
1507 63
1508 79
1509 60
1510 117
1511 7
1512 78
1513 100
1514 45
1515 1
1516 66
1517 27
1518 21
1519 58
1520 3
1521 120
1522 12
1523 87
1524 109
1525 99
1526 109
1527 46
1528 117
1529 20
1530 29
1531 108
1532 117
1533 68
1534 43
1535 1
1536 53
1537 38
1538 25
1539 82
1540 43
1541 63
1542 108
1543 22
1544 84
1545 31
1546 105
1547 93
1548 49
1549 98
1550 67
1551 41
1552 49
1553 70
1554 76
1555 110
1556 113
1557 92
1558 82
1559 40
1560 22
1561 48
1562 89
1563 19
1564 120
1565 1
1566 92
1567 108
1568 16
1569 83
1570 46
1571 18
1572 42
1573 42
1574 86
1575 83
1576 75
1577 85
1578 86
1579 75
1580 73
1581 119
1582 110
1583 86
1584 96
1585 23
1586 104
1587 82
1588 109
1589 112
1590 23
1591 106
1592 37
1593 107
1594 64
1595 38
1596 81
1597 45
1598 74
1599 22
1600 63
1601 64
1602 117
1603 34
1604 29
1605 71
1606 31
1607 33
1608 23
1609 12
1610 44
1611 74
1612 114
1613 53
1614 73
1615 7
1616 60
1617 29
1618 22
1619 33
1620 85
1621 79
1622 95
1623 108
1624 49
1625 71
1626 99
1627 50
1628 71
1629 88
1630 67
1631 69
1632 84
1633 119
1634 96
1635 51
1636 53
1637 32
1638 14
1639 72
1640 15
1641 76
1642 65
1643 82
1644 115
1645 41
1646 60
1647 27
1648 109
1649 9
1650 86
1651 107
1652 37
1653 5
1654 101
1655 67
1656 64
1657 18
1658 22
1659 42
1660 118
1661 58
1662 81
1663 78
1664 92
1665 85
1666 25
1667 71
1668 50
1669 103
1670 55
1671 66
1672 120
1673 5
1674 114
1675 34
1676 105
1677 43
1678 1
1679 39
1680 98
1681 24
1682 53
1683 22
1684 115
1685 66
1686 63
1687 94
1688 13
1689 59
1690 28
1691 63
1692 4
1693 97
1694 71
1695 28
1696 109
1697 110
1698 39
1699 37
1700 88
1701 74
1702 57
1703 12
1704 99
1705 88
1706 66
1707 13
1708 9
1709 88
1710 30
1711 12
1712 103
1713 102
1714 3
1715 8
1716 41
1717 96
1718 75
1719 81
1720 108
1721 51
1722 87
1723 104
1724 26
1725 85
1726 1
1727 75
1728 99
1729 40
1730 34
1731 26
1732 105
1733 32
1734 104
1735 48
1736 67
1737 75
1738 48
1739 33
1740 28
1741 115
1742 7
1743 33
1744 86
1745 81
1746 84
1747 74
1748 101
1749 13
1750 8
1751 73
1752 29
1753 83
1754 37
1755 36
1756 10
1757 72
1758 61
1759 9
1760 77
1761 91
1762 58
1763 31
1764 66
1765 2
1766 46
1767 66
1768 16
1769 98
1770 111
1771 87
1772 10
1773 96
1774 67
1775 110
1776 88
1777 19
1778 113
1779 71
1780 12
1781 102
1782 50
1783 117
1784 48
1785 104
1786 48
1787 14
1788 77
1789 110
1790 7
1791 69
1792 81
1793 62
1794 61
1795 25
1796 103
1797 35
1798 84
1799 34
1800 70
1801 119
1802 26
1803 1
1804 90
1805 96
1806 45
1807 7
1808 47
1809 6
1810 39
1811 90
1812 79
1813 23
1814 113
1815 33
1816 109
1817 88
1818 21
1819 29
1820 19
1821 119
1822 33
1823 22
1824 51
1825 101
1826 63
1827 33
1828 105
1829 12
1830 86
1831 38
1832 11
1833 71
1834 62
1835 57
1836 88
1837 25
1838 88
1839 5
1840 99
1841 33
1842 112
1843 66
1844 41
1845 88
1846 94
1847 17
1848 70
1849 38
1850 8
1851 111
1852 73
1853 15
1854 51
1855 85
1856 24
1857 78
1858 77
1859 81
1860 40
1861 71
1862 15
1863 13
1864 20
1865 103
1866 6
1867 40
1868 104
1869 2
1870 43
1871 92
1872 44
1873 2
1874 96
1875 89
1876 27
1877 108
1878 84
1879 32
1880 24
1881 65
1882 119
1883 47
1884 34
1885 43
1886 95
1887 97
1888 7
1889 99
1890 39
1891 86
1892 99
1893 82
1894 120
1895 97
1896 52
1897 7
1898 10
1899 34
1900 47
1901 3
1902 1
1903 113
1904 65
1905 68
1906 56
1907 84
1908 63
1909 52
1910 22
1911 27
1912 71
1913 69
1914 42
1915 90
1916 70
1917 93
1918 86
1919 88
1920 97
1921 40
1922 11
1923 97
1924 68
1925 72
1926 91
1927 12
1928 10
1929 59
1930 101
1931 52
1932 15
1933 111
1934 1
1935 79
1936 54
1937 17
1938 60
1939 52
1940 88
1941 71
1942 14
1943 1
1944 112
1945 20
1946 64
1947 37
1948 24
1949 2
1950 121
1951 13
1952 79
1953 40
1954 42
1955 48
1956 72
1957 102
1958 26
1959 35
1960 114
1961 68
1962 119
1963 85
1964 9
1965 34
1966 92
1967 56
1968 57
1969 55
1970 36
1971 38
1972 110
1973 105
1974 96
1975 91
1976 58
1977 27
1978 121
1979 9
1980 4
1981 37
1982 32
1983 57
1984 19
1985 92
1986 97
1987 18
1988 1
1989 34
1990 74
1991 11
1992 69
1993 34
1994 6
1995 119
1996 121
1997 36
1998 106
1999 5
2000 27
2001 41
2002 74
2003 89
2004 62
2005 30
2006 111
2007 118
2008 97
2009 23
2010 27
2011 16
2012 97
2013 73
2014 44
2015 77
2016 72
2017 101
2018 7
2019 53
2020 3
2021 30
2022 110
2023 15
2024 35
2025 79
2026 70
2027 99
2028 75
2029 64
2030 69
2031 64
2032 116
2033 75
2034 100
2035 110
2036 104
2037 79
2038 32
2039 68
2040 47
2041 94
2042 107
2043 48
2044 107
2045 105
2046 93
2047 113
2048 19
2049 51
2050 41
2051 108
2052 101
2053 109
2054 5
2055 75
2056 65
2057 32
2058 1
2059 66
2060 21
2061 112
2062 72
2063 82
2064 89
2065 3
2066 106
2067 20
2068 11
2069 69
2070 76
2071 73
2072 92
2073 39
2074 42
2075 18
2076 55
2077 108
2078 103
2079 28
2080 50
2081 59
2082 81
2083 12
2084 93
2085 50
2086 44
2087 65
2088 73
2089 94
2090 77
2091 14
2092 116
2093 69
2094 31
2095 22
2096 36
2097 26
2098 22
2099 8
2100 50
2101 103
2102 89
2103 32
2104 93
2105 98
2106 94
2107 54
2108 4
2109 96
2110 107
2111 99
2112 55
2113 92
2114 114
2115 108
2116 6
2117 12
2118 113
2119 77
2120 60
2121 55
2122 103
2123 17
2124 58
2125 99
2126 53
2127 8
2128 90
2129 75
2130 41
2131 49
2132 48
2133 13
2134 101
2135 61
2136 101
2137 44
2138 93
2139 107
2140 31
2141 104
2142 64
2143 116
2144 14
2145 111
2146 119
2147 86
2148 108
2149 48
2150 38
2151 52
2152 106
2153 22
2154 70
2155 42
2156 15
2157 91
2158 24
2159 9
2160 86
2161 65
2162 63
2163 19
2164 35
2165 35
2166 107
2167 32
2168 92
2169 94
2170 35
2171 77
2172 109
2173 42
2174 103
2175 65
2176 93
2177 101
2178 98
2179 18
2180 83
2181 99
2182 41
2183 83
2184 15
2185 101
2186 10
2187 47
2188 45
2189 33
2190 34
2191 79
2192 6
2193 44
2194 86
2195 6
2196 18
2197 77
2198 45
2199 110
2200 76
2201 115
2202 27
2203 9
2204 38
2205 35
2206 1
2207 30
2208 94
2209 85
2210 59
2211 30
2212 81
2213 41
2214 8
2215 53
2216 61
2217 20
2218 85
2219 70
2220 96
2221 106
2222 61
2223 22
2224 112
2225 2
2226 94
2227 109
2228 86
2229 32
2230 60
2231 41
2232 113
2233 35
2234 11
2235 121
2236 12
2237 116
2238 6
2239 45
2240 51
2241 74
2242 94
2243 11
2244 73
2245 21
2246 9
2247 18
2248 63
2249 36
2250 68
2251 10
2252 81
2253 89
2254 107
2255 51
2256 80
2257 3
2258 30
2259 15
2260 60
2261 90
2262 60
2263 98
2264 69
2265 55
2266 96
2267 44
2268 15
2269 19
2270 120
2271 48
2272 17
2273 33
2274 97
2275 23
2276 120
2277 87
2278 89
2279 81
2280 75
2281 121
2282 16
2283 21
2284 42
2285 57
2286 17
2287 95
2288 21
2289 27
2290 97
2291 103
2292 36
2293 97
2294 38
2295 30
2296 56
2297 87
2298 31
2299 100
2300 43
2301 18
2302 115
2303 3
2304 67
2305 37
2306 41
2307 35
2308 92
2309 57
2310 83
2311 99
2312 93
2313 32
2314 22
2315 9
2316 19
2317 12
2318 41
2319 93
2320 77
2321 74
2322 114
2323 91
2324 108
2325 47
2326 35
2327 98
2328 7
2329 10
2330 72
2331 61
2332 101
2333 5
2334 47
2335 13
2336 109
2337 105
2338 80
2339 9
2340 15
2341 9
2342 71
2343 53
2344 14
2345 28
2346 5
2347 22
2348 31
2349 33
2350 6
2351 48
2352 26
2353 11
2354 108
2355 35
2356 44
2357 80
2358 117
2359 109
2360 61
2361 75
2362 119
2363 41
2364 54
2365 66
2366 9
2367 45
2368 69
2369 3
2370 33
2371 97
2372 41
2373 60
2374 24
2375 121
2376 94
2377 76
2378 23
2379 87
2380 48
2381 61
2382 107
2383 30
2384 8
2385 88
2386 2
2387 113
2388 1
2389 91
2390 34
2391 88
2392 6
2393 53
2394 4
2395 6
2396 37
2397 71
2398 94
2399 61
2400 90
2401 8
2402 65
2403 8
2404 86
2405 16
2406 39
2407 91
2408 87
2409 109
2410 95
2411 104
2412 56
2413 35
2414 10
2415 23
2416 108
2417 80
2418 97
2419 8
2420 112
2421 5
2422 45
2423 112
2424 121
2425 36
2426 20
2427 101
2428 55
2429 78
2430 1
2431 48
2432 90
2433 36
2434 17
2435 82
2436 87
2437 75
2438 9
2439 83
2440 2
2441 46
2442 86
2443 12
2444 114
2445 121
2446 22
2447 49
2448 69
2449 101
2450 57
2451 95
2452 17
2453 37
2454 11
2455 50
2456 99
2457 98
2458 91
2459 17
2460 105
2461 74
2462 38
2463 49
2464 44
2465 72
2466 119
2467 110
2468 61
2469 65
2470 5
2471 51
2472 81
2473 60
2474 47
2475 31
2476 5
2477 71
2478 1
2479 73
2480 12
2481 87
2482 38
2483 37
2484 104
2485 79
2486 111
2487 55
2488 31
2489 74
2490 99
2491 26
2492 13
2493 70
2494 83
2495 13
2496 47
2497 16
2498 105
2499 78
2500 9
2501 39
2502 25
2503 68
2504 5
2505 113
2506 32
2507 112
2508 112
2509 48
2510 91
2511 26
2512 92
2513 47
2514 70
2515 94
2516 73
2517 68
2518 49
2519 71
2520 105
2521 2
2522 43
2523 63
2524 103
2525 90
2526 36
2527 35
2528 58
2529 18
2530 100
2531 64
2532 63
2533 3
2534 120
2535 24
2536 91
2537 90
2538 55
2539 13
2540 35
2541 58
2542 22
2543 53
2544 21
2545 15
2546 88
2547 104
2548 102
2549 22
2550 37
2551 100
2552 3
2553 42
2554 9
2555 101
2556 5
2557 74
2558 41
2559 25
2560 25
2561 16
2562 117
2563 3
2564 41
2565 34
2566 1
2567 119
2568 47
2569 97
2570 30
2571 121
2572 106
2573 119
2574 91
2575 79
2576 52
2577 75
2578 52
2579 19
2580 74
2581 94
2582 79
2583 87
2584 100
2585 100
2586 53
2587 77
2588 119
2589 9
2590 88
2591 1
2592 87
2593 79
2594 20
2595 98
2596 112
2597 28
2598 119
2599 65
2600 101
2601 120
2602 115
2603 42
2604 42
2605 48
2606 39
2607 62
2608 74
2609 96
2610 96
2611 16
2612 91
2613 20
2614 92
2615 81
2616 22
2617 84
2618 7
2619 79
2620 42
2621 21
2622 27
2623 63
2624 118
2625 69
2626 45
2627 74
2628 77
2629 71
2630 82
2631 103
2632 66
2633 52
2634 116
2635 77
2636 110
2637 50
2638 90
2639 73
2640 81
2641 98
2642 6
2643 120
2644 121
2645 74
2646 110
2647 70
2648 113
2649 38
2650 18
2651 85
2652 10
2653 64
2654 34
2655 51
2656 76
2657 50
2658 19
2659 89
2660 103
2661 116
2662 19
2663 70
2664 58
2665 44
2666 87
2667 25
2668 66
2669 43
2670 48
2671 116
2672 26
2673 35
2674 32
2675 63
2676 18
2677 34
2678 119
2679 104
2680 117
2681 28
2682 108
2683 80
2684 29
2685 24
2686 120
2687 82
2688 59
2689 41
2690 45
2691 63
2692 42
2693 29
2694 92
2695 34
2696 78
2697 119
2698 80
2699 74
2700 30
2701 26
2702 117
2703 50
2704 42
2705 38
2706 87
2707 11
2708 64
2709 4
2710 42
2711 54
2712 62
2713 39
2714 120
2715 53
2716 112
2717 86
2718 47
2719 20
2720 73
2721 113
2722 43
2723 119
2724 50
2725 8
2726 121
2727 46
2728 37
2729 91
2730 47
2731 80
2732 117
2733 29
2734 21
2735 109
2736 98
2737 105
2738 56
2739 116
2740 13
2741 70
2742 29
2743 26
2744 112
2745 92
2746 20
2747 6
2748 59
2749 87
2750 109
2751 51
2752 58
2753 17
2754 95
2755 51
2756 95
2757 21
2758 49
2759 10
2760 33
2761 120
2762 77
2763 56
2764 47
2765 34
2766 24
2767 16
2768 50
2769 24
2770 81
2771 105
2772 85
2773 61
2774 81
2775 117
2776 45
2777 116
2778 10
2779 49
2780 70
2781 117
2782 107
2783 102
2784 77
2785 5
2786 32
2787 7
2788 82
2789 32
2790 74
2791 51
2792 9
2793 51
2794 84
2795 61
2796 13
2797 78
2798 75
2799 54
2800 50
2801 49
2802 121
2803 79
2804 66
2805 51
2806 101
2807 44
2808 42
2809 71
2810 56
2811 71
2812 31
2813 41
2814 74
2815 113
2816 48
2817 28
2818 108
2819 49
2820 76
2821 40
2822 121
2823 45
2824 102
2825 72
2826 113
2827 70
2828 17
2829 86
2830 73
2831 72
2832 30
2833 73
2834 87
2835 15
2836 11
2837 33
2838 98
2839 2
2840 28
2841 103
2842 65
2843 6
2844 119
2845 100
2846 88
2847 10
2848 23
2849 24
2850 14
2851 93
2852 64
2853 27
2854 106
2855 64
2856 92
2857 55
2858 102
2859 78
2860 44
2861 92
2862 120
2863 96
2864 74
2865 14
2866 4
2867 105
2868 105
2869 72
2870 6
2871 10
2872 62
2873 109
2874 13
2875 79
2876 105
2877 117
2878 76
2879 74
2880 55
2881 20
2882 81
2883 57
2884 113
2885 79
2886 68
2887 15
2888 121
2889 15
2890 44
2891 2
2892 45
2893 29
2894 7
2895 91
2896 14
2897 75
2898 101
2899 38
2900 61
2901 100
2902 29
2903 44
2904 91
